J = [0, 1, 2]
K = [3, 4]
L = [5, 6, 7, 8]
I = [0, 1, 2, 3, 4, 5, 6, 7, 8]
N = [0, 1, 2, 3, 4, 5, 6, 7, 8, 9, 10, 11, 12, 13, 14, 15, 16, 17, 18, 19, 20, 21, 22, 23, 24, 25, 26, 27, 28, 29, 30, 31, 32, 33, 34, 35, 36, 37, 38, 39, 40, 41, 42, 43, 44, 45, 46, 47, 48, 49, 50, 51, 52, 53, 54, 55, 56, 57, 58, 59, 60, 61, 62, 63, 64, 65, 66, 67, 68, 69, 70, 71, 72, 73, 74, 75, 76, 77, 78, 79, 80, 81, 82, 83, 84, 85, 86, 87, 88, 89, 90, 91, 92, 93, 94, 95, 96, 97, 98, 99]
demand = [1063, 861, 917, 743, 1144, 1090, 500, 651, 451, 819, 1007, 531, 553, 419, 1064, 817, 998, 469, 629, 793, 1191, 587, 1088, 435, 1096, 1175, 603, 1006, 431, 785, 657, 1138, 653, 1063, 906, 1123, 653, 787, 1035, 913, 432, 1033, 1014, 956, 542, 672, 494, 701, 871, 664, 757, 1069, 415, 516, 1145, 824, 682, 1041, 886, 968, 1004, 645, 545, 437, 866, 838, 1156, 1046, 830, 550, 817, 683, 652, 1105, 1133, 847, 741, 1182, 905, 1139, 851, 1026, 744, 792, 571, 1165, 474, 470, 983, 1178, 1098, 990, 1084, 1112, 823, 1041, 728, 898, 600, 739]
hub = [1, 1, 0, 0, 1, 2, 2, 2, 0, 0, 0, 2, 1, 0, 2, 1, 0, 2, 0, 2, 1, 0, 0, 2, 0, 2, 1, 2, 2, 0, 2, 0, 1, 0, 2, 2, 2, 0, 1, 2, 0, 0, 1, 0, 1, 1, 2, 2, 2, 0, 2, 1, 2, 2, 1, 2, 2, 1, 1, 0, 1, 1, 0, 2, 1, 2, 2, 2, 0, 0, 2, 2, 0, 0, 2, 0, 2, 2, 2, 2, 2, 1, 1, 0, 2, 2, 1, 0, 0, 1, 1, 1, 0, 2, 0, 0, 0, 2, 0, 0]
release = [1, 18, 2, 35, 26, 16, 37, 26, 11, 7, 30, 8, 35, 10, 13, 48, 28, 17, 14, 18, 33, 29, 11, 2, 10, 43, 23, 27, 18, 39, 41, 48, 25, 0, 16, 44, 47, 48, 26, 9, 24, 27, 28, 44, 27, 44, 2, 29, 26, 43, 40, 42, 32, 15, 45, 26, 44, 42, 0, 38, 48, 17, 28, 8, 41, 19, 46, 21, 37, 30, 0, 45, 34, 20, 40, 6, 37, 5, 30, 4, 1, 31, 41, 37, 21, 21, 15, 3, 5, 0, 3, 22, 40, 14, 1, 5, 48, 45, 9, 2]
Nj = [[2, 3, 8, 9, 10, 13, 16, 18, 21, 22, 24, 29, 31, 33, 37, 40, 41, 43, 49, 59, 62, 68, 69, 72, 73, 75, 83, 87, 88, 92, 94, 95, 96, 98, 99], [0, 1, 4, 12, 15, 20, 26, 32, 38, 42, 44, 45, 51, 54, 57, 58, 60, 61, 64, 81, 82, 86, 89, 90, 91], [5, 6, 7, 11, 14, 17, 19, 23, 25, 27, 28, 30, 34, 35, 36, 39, 46, 47, 48, 50, 52, 53, 55, 56, 63, 65, 66, 67, 70, 71, 74, 76, 77, 78, 79, 80, 84, 85, 93, 97]]
Gj = [[0, 1, 2, 3, 4, 5, 6, 7, 8, 9, 10, 11, 12, 13, 14, 15, 16, 17, 18, 19, 20, 21, 22, 23, 24, 25, 26, 27, 28, 29, 30, 31, 32, 33, 34], [35, 36, 37, 38, 39, 40, 41, 42, 43, 44, 45, 46, 47, 48, 49, 50, 51, 52, 53, 54, 55, 56, 57, 58, 59], [60, 61, 62, 63, 64, 65, 66, 67, 68, 69, 70, 71, 72, 73, 74, 75, 76, 77, 78, 79, 80, 81, 82, 83, 84, 85, 86, 87, 88, 89, 90, 91, 92, 93, 94, 95, 96, 97, 98, 99]]
G = [0, 1, 2, 3, 4, 5, 6, 7, 8, 9, 10, 11, 12, 13, 14, 15, 16, 17, 18, 19, 20, 21, 22, 23, 24, 25, 26, 27, 28, 29, 30, 31, 32, 33, 34, 35, 36, 37, 38, 39, 40, 41, 42, 43, 44, 45, 46, 47, 48, 49, 50, 51, 52, 53, 54, 55, 56, 57, 58, 59, 60, 61, 62, 63, 64, 65, 66, 67, 68, 69, 70, 71, 72, 73, 74, 75, 76, 77, 78, 79, 80, 81, 82, 83, 84, 85, 86, 87, 88, 89, 90, 91, 92, 93, 94, 95, 96, 97, 98, 99]
deadline = [240, 240, 216, 240, 240, 192, 216, 168, 240, 192, 168, 192, 216, 216, 240, 240, 216, 240, 216, 168, 168, 216, 192, 192, 192, 216, 216, 240, 216, 240, 240, 192, 192, 168, 240, 168, 240, 240, 168, 168, 240, 192, 168, 168, 168, 168, 192, 168, 240, 240, 168, 192, 168, 216, 240, 216, 192, 240, 168, 240, 216, 216, 168, 216, 240, 192, 216, 192, 192, 192, 192, 168, 240, 192, 168, 168, 192, 240, 240, 168, 168, 192, 168, 192, 240, 240, 216, 192, 192, 168, 240, 192, 168, 168, 168, 240, 168, 216, 192, 168]
weight = [80, 40, 80, 40, 40, 50, 50, 20, 80, 70, 60, 20, 80, 50, 60, 20, 50, 100, 80, 30, 50, 20, 100, 30, 60, 60, 20, 40, 50, 80, 100, 70, 10, 90, 80, 70, 50, 40, 90, 40, 70, 30, 90, 30, 100, 70, 100, 100, 30, 10, 20, 90, 10, 30, 40, 50, 90, 30, 80, 60, 90, 80, 90, 50, 20, 10, 90, 100, 50, 80, 40, 60, 50, 90, 40, 70, 60, 70, 70, 70, 80, 10, 30, 80, 90, 70, 80, 60, 90, 70, 100, 90, 40, 90, 40, 50, 20, 50, 40, 100]
q = 2000
M = [0, 1, 2]
M_description = ['Road', 'Rail', 'Ship']
accessibility = [[1, 1, 0], [1, 1, 1], [1, 0, 0], [1, 1, 1], [1, 1, 1], [1, 0, 1], [1, 0, 0], [1, 0, 0], [1, 0, 1]]
S = [0, 1, 2, 3, 4, 5, 6, 7, 8, 9, 10, 11, 12, 13, 14, 15, 16, 17, 18, 19, 20, 21, 22, 23, 24, 25, 26, 27, 28, 29, 30, 31, 32, 33, 34, 35, 36, 37, 38, 39, 40, 41, 42, 43, 44, 45, 46, 47, 48, 49, 50, 51, 52, 53, 54, 55, 56, 57, 58, 59, 60, 61, 62, 63, 64, 65, 66, 67, 68, 69, 70, 71, 72, 73, 74, 75, 76, 77, 78, 79, 80, 81, 82, 83, 84, 85, 86, 87, 88, 89, 90, 91, 92, 93, 94, 95, 96, 97, 98, 99, 100, 101, 102, 103, 104, 105, 106, 107, 108, 109, 110, 111, 112, 113, 114, 115, 116, 117, 118, 119, 120, 121, 122, 123, 124, 125, 126, 127, 128, 129, 130, 131, 132, 133, 134, 135, 136, 137, 138, 139, 140, 141, 142, 143, 144, 145, 146, 147, 148, 149, 150, 151, 152, 153, 154, 155, 156, 157, 158, 159, 160, 161, 162, 163, 164, 165, 166, 167, 168, 169, 170, 171, 172, 173, 174, 175, 176, 177, 178, 179, 180, 181, 182, 183, 184, 185, 186, 187, 188, 189, 190, 191, 192, 193, 194, 195, 196, 197, 198, 199, 200, 201, 202, 203, 204, 205, 206, 207, 208, 209, 210, 211, 212, 213, 214, 215, 216, 217, 218, 219, 220, 221, 222, 223, 224, 225, 226, 227, 228, 229, 230, 231]
origin = [0, 0, 0, 0, 0, 0, 0, 0, 0, 0, 0, 0, 0, 0, 0, 0, 0, 0, 0, 0, 0, 0, 0, 0, 0, 0, 0, 0, 0, 0, 0, 0, 1, 1, 1, 1, 1, 1, 1, 1, 1, 1, 1, 1, 1, 1, 1, 1, 1, 1, 1, 1, 1, 1, 1, 1, 1, 1, 1, 1, 1, 1, 1, 1, 2, 2, 2, 2, 2, 2, 2, 2, 2, 2, 2, 2, 2, 2, 2, 2, 2, 2, 2, 2, 2, 2, 2, 2, 2, 2, 2, 2, 2, 2, 2, 2, 3, 3, 3, 3, 3, 3, 3, 3, 3, 3, 3, 3, 3, 3, 3, 3, 3, 3, 3, 3, 3, 3, 3, 3, 3, 3, 3, 3, 3, 3, 3, 3, 4, 4, 4, 4, 4, 4, 4, 4, 4, 4, 4, 4, 4, 4, 4, 4, 4, 4, 4, 4, 4, 4, 4, 4, 4, 4, 4, 4, 4, 4, 4, 4, 0, 0, 0, 0, 0, 0, 0, 0, 0, 1, 1, 1, 1, 1, 1, 1, 1, 1, 3, 3, 3, 3, 3, 3, 3, 3, 3, 4, 4, 4, 4, 4, 4, 4, 4, 4, 1, 1, 1, 1, 1, 1, 1, 1, 1, 1, 1, 1, 3, 3, 3, 3, 3, 3, 3, 3, 3, 3, 3, 3, 4, 4, 4, 4, 4, 4, 4, 4, 4, 4, 4, 4]
destination = [1, 1, 1, 1, 2, 2, 2, 2, 3, 3, 3, 3, 4, 4, 4, 4, 5, 5, 5, 5, 6, 6, 6, 6, 7, 7, 7, 7, 8, 8, 8, 8, 0, 0, 0, 0, 2, 2, 2, 2, 3, 3, 3, 3, 4, 4, 4, 4, 5, 5, 5, 5, 6, 6, 6, 6, 7, 7, 7, 7, 8, 8, 8, 8, 0, 0, 0, 0, 1, 1, 1, 1, 3, 3, 3, 3, 4, 4, 4, 4, 5, 5, 5, 5, 6, 6, 6, 6, 7, 7, 7, 7, 8, 8, 8, 8, 0, 0, 0, 0, 1, 1, 1, 1, 2, 2, 2, 2, 4, 4, 4, 4, 5, 5, 5, 5, 6, 6, 6, 6, 7, 7, 7, 7, 8, 8, 8, 8, 0, 0, 0, 0, 1, 1, 1, 1, 2, 2, 2, 2, 3, 3, 3, 3, 5, 5, 5, 5, 6, 6, 6, 6, 7, 7, 7, 7, 8, 8, 8, 8, 1, 1, 1, 3, 3, 3, 4, 4, 4, 0, 0, 0, 3, 3, 3, 4, 4, 4, 0, 0, 0, 1, 1, 1, 4, 4, 4, 0, 0, 0, 1, 1, 1, 3, 3, 3, 3, 3, 3, 4, 4, 4, 5, 5, 5, 8, 8, 8, 1, 1, 1, 4, 4, 4, 5, 5, 5, 8, 8, 8, 1, 1, 1, 3, 3, 3, 5, 5, 5, 8, 8, 8]
departure = [8, 56, 104, 152, 8, 56, 104, 152, 8, 56, 104, 152, 8, 56, 104, 152, 8, 56, 104, 152, 8, 56, 104, 152, 8, 56, 104, 152, 8, 56, 104, 152, 8, 56, 104, 152, 8, 56, 104, 152, 8, 56, 104, 152, 8, 56, 104, 152, 8, 56, 104, 152, 8, 56, 104, 152, 8, 56, 104, 152, 8, 56, 104, 152, 8, 56, 104, 152, 8, 56, 104, 152, 8, 56, 104, 152, 8, 56, 104, 152, 8, 56, 104, 152, 8, 56, 104, 152, 8, 56, 104, 152, 8, 56, 104, 152, 12, 60, 108, 156, 12, 60, 108, 156, 12, 60, 108, 156, 12, 60, 108, 156, 12, 60, 108, 156, 12, 60, 108, 156, 12, 60, 108, 156, 12, 60, 108, 156, 12, 60, 108, 156, 12, 60, 108, 156, 12, 60, 108, 156, 12, 60, 108, 156, 12, 60, 108, 156, 12, 60, 108, 156, 12, 60, 108, 156, 12, 60, 108, 156, 33, 81, 129, 33, 81, 129, 33, 81, 129, 33, 81, 129, 33, 81, 129, 33, 81, 129, 37, 85, 133, 37, 85, 133, 37, 85, 133, 37, 85, 133, 37, 85, 133, 37, 85, 133, 10, 58, 106, 10, 58, 106, 10, 58, 106, 10, 58, 106, 13, 61, 109, 13, 61, 109, 13, 61, 109, 13, 61, 109, 13, 61, 109, 13, 61, 109, 13, 61, 109, 13, 61, 109]
arrival = [52, 76, 124, 172, 76, 124, 148, 220, 60, 108, 156, 204, 84, 108, 204, 252, 160, 208, 232, 304, 88, 136, 256, 304, 160, 136, 208, 232, 112, 184, 208, 256, 52, 124, 148, 220, 52, 148, 148, 196, 60, 132, 180, 204, 84, 132, 156, 228, 136, 208, 184, 304, 112, 184, 208, 280, 88, 160, 208, 280, 112, 136, 232, 232, 76, 124, 172, 220, 52, 124, 172, 244, 84, 156, 156, 204, 60, 108, 204, 204, 112, 136, 256, 256, 136, 208, 208, 232, 160, 136, 208, 304, 112, 160, 184, 256, 104, 80, 128, 248, 56, 128, 200, 200, 56, 152, 176, 176, 64, 112, 208, 232, 92, 140, 212, 284, 140, 164, 260, 308, 164, 212, 188, 236, 116, 212, 212, 260, 104, 104, 200, 224, 104, 104, 128, 224, 56, 128, 176, 248, 88, 160, 184, 208, 164, 164, 236, 260, 140, 140, 260, 236, 92, 212, 188, 284, 92, 188, 236, 236, 102, 102, 222, 86, 182, 182, 86, 182, 230, 54, 126, 222, 134, 158, 182, 134, 134, 206, 106, 154, 226, 130, 106, 226, 138, 162, 210, 106, 178, 178, 58, 178, 202, 114, 138, 186, 88, 136, 184, 64, 112, 160, 164, 188, 188, 164, 212, 212, 106, 130, 130, 66, 138, 186, 142, 190, 214, 166, 190, 190, 34, 130, 130, 114, 138, 162, 94, 166, 214, 142, 142, 238]
Q = [2, 4, 2, 4, 2, 2, 4, 2, 4, 4, 4, 2, 4, 4, 4, 4, 4, 2, 2, 4, 2, 4, 2, 2, 4, 2, 2, 4, 4, 4, 2, 4, 4, 2, 2, 2, 2, 4, 2, 4, 2, 4, 2, 4, 2, 4, 2, 4, 4, 4, 4, 4, 2, 4, 4, 2, 4, 2, 2, 4, 2, 4, 4, 2, 4, 2, 2, 4, 4, 4, 4, 2, 2, 2, 2, 2, 4, 4, 4, 2, 2, 2, 2, 2, 2, 2, 4, 2, 4, 2, 4, 2, 4, 2, 2, 2, 4, 2, 2, 2, 4, 2, 2, 4, 4, 2, 2, 4, 4, 2, 4, 4, 4, 2, 2, 2, 4, 2, 4, 4, 4, 4, 4, 4, 4, 4, 4, 4, 2, 2, 4, 2, 4, 2, 2, 2, 4, 2, 2, 4, 2, 4, 4, 4, 4, 4, 4, 4, 2, 4, 2, 4, 4, 4, 2, 4, 2, 4, 2, 2, 3, 6, 3, 3, 3, 3, 6, 3, 6, 3, 3, 6, 3, 6, 6, 3, 3, 3, 6, 3, 6, 3, 6, 6, 6, 6, 6, 6, 6, 6, 3, 3, 3, 3, 3, 6, 10, 10, 10, 10, 10, 5, 5, 10, 10, 5, 5, 10, 10, 5, 5, 5, 5, 5, 5, 10, 10, 5, 5, 5, 5, 10, 5, 10, 5, 5, 10, 10, 5, 10, 10, 5]
cfixed = [275, 300, 283, 290, 214, 280, 216, 278, 264, 243, 242, 277, 279, 300, 247, 226, 275, 246, 296, 300, 253, 250, 205, 229, 291, 211, 231, 251, 230, 216, 250, 218, 220, 238, 255, 223, 289, 246, 248, 249, 273, 233, 287, 265, 290, 299, 216, 300, 297, 261, 207, 275, 272, 247, 298, 241, 295, 275, 284, 290, 231, 208, 269, 255, 272, 300, 238, 265, 264, 246, 205, 254, 287, 237, 300, 246, 244, 270, 275, 292, 234, 267, 268, 238, 299, 217, 286, 275, 269, 206, 261, 240, 277, 278, 266, 254, 299, 234, 296, 237, 261, 216, 288, 275, 294, 208, 266, 299, 208, 285, 233, 216, 261, 245, 287, 228, 284, 296, 207, 296, 244, 270, 202, 254, 246, 213, 207, 206, 202, 291, 240, 271, 275, 244, 236, 205, 272, 292, 226, 247, 263, 243, 216, 211, 263, 213, 213, 288, 214, 226, 274, 247, 244, 288, 218, 280, 291, 223, 275, 266, 393, 428, 381, 437, 395, 480, 325, 343, 415, 471, 427, 303, 317, 394, 391, 447, 344, 383, 327, 322, 320, 444, 408, 377, 347, 493, 408, 413, 351, 362, 491, 494, 469, 381, 420, 302, 697, 505, 675, 568, 579, 639, 521, 513, 647, 595, 573, 562, 535, 651, 659, 633, 548, 504, 664, 549, 548, 590, 664, 620, 588, 579, 688, 596, 622, 587, 610, 507, 654, 625, 575, 574]
ctravel = [44, 20, 20, 20, 68, 68, 44, 68, 52, 52, 52, 52, 76, 52, 100, 100, 152, 152, 128, 152, 80, 80, 152, 152, 152, 80, 104, 80, 104, 128, 104, 104, 44, 68, 44, 68, 44, 92, 44, 44, 52, 76, 76, 52, 76, 76, 52, 76, 128, 152, 80, 152, 104, 128, 104, 128, 80, 104, 104, 128, 104, 80, 128, 80, 68, 68, 68, 68, 44, 68, 68, 92, 76, 100, 52, 52, 52, 52, 100, 52, 104, 80, 152, 104, 128, 152, 104, 80, 152, 80, 104, 152, 104, 104, 80, 104, 92, 20, 20, 92, 44, 68, 92, 44, 44, 92, 68, 20, 52, 52, 100, 76, 80, 80, 104, 128, 128, 104, 152, 152, 152, 152, 80, 80, 104, 152, 104, 104, 92, 44, 92, 68, 92, 44, 20, 68, 44, 68, 68, 92, 76, 100, 76, 52, 152, 104, 128, 104, 128, 80, 152, 80, 80, 152, 80, 128, 80, 128, 128, 80, 55.2, 16.8, 74.4, 42.400000000000006, 80.80000000000001, 42.400000000000006, 42.400000000000006, 80.80000000000001, 80.80000000000001, 16.8, 36.0, 74.4, 80.80000000000001, 61.6, 42.400000000000006, 80.80000000000001, 42.400000000000006, 61.6, 55.2, 55.2, 74.4, 74.4, 16.8, 74.4, 80.80000000000001, 61.6, 61.6, 55.2, 74.4, 36.0, 16.8, 74.4, 55.2, 61.6, 42.400000000000006, 42.400000000000006, 46.8, 46.8, 46.8, 32.4, 32.4, 32.4, 92.39999999999999, 78.0, 49.199999999999996, 92.39999999999999, 92.39999999999999, 63.599999999999994, 55.8, 41.4, 12.6, 31.799999999999997, 46.199999999999996, 46.199999999999996, 77.39999999999999, 77.39999999999999, 63.0, 91.8, 77.39999999999999, 48.6, 12.6, 41.4, 12.6, 60.599999999999994, 46.199999999999996, 31.799999999999997, 48.6, 63.0, 63.0, 77.39999999999999, 48.6, 77.39999999999999]
mode = [0, 0, 0, 0, 0, 0, 0, 0, 0, 0, 0, 0, 0, 0, 0, 0, 0, 0, 0, 0, 0, 0, 0, 0, 0, 0, 0, 0, 0, 0, 0, 0, 0, 0, 0, 0, 0, 0, 0, 0, 0, 0, 0, 0, 0, 0, 0, 0, 0, 0, 0, 0, 0, 0, 0, 0, 0, 0, 0, 0, 0, 0, 0, 0, 0, 0, 0, 0, 0, 0, 0, 0, 0, 0, 0, 0, 0, 0, 0, 0, 0, 0, 0, 0, 0, 0, 0, 0, 0, 0, 0, 0, 0, 0, 0, 0, 0, 0, 0, 0, 0, 0, 0, 0, 0, 0, 0, 0, 0, 0, 0, 0, 0, 0, 0, 0, 0, 0, 0, 0, 0, 0, 0, 0, 0, 0, 0, 0, 0, 0, 0, 0, 0, 0, 0, 0, 0, 0, 0, 0, 0, 0, 0, 0, 0, 0, 0, 0, 0, 0, 0, 0, 0, 0, 0, 0, 0, 0, 0, 0, 1, 1, 1, 1, 1, 1, 1, 1, 1, 1, 1, 1, 1, 1, 1, 1, 1, 1, 1, 1, 1, 1, 1, 1, 1, 1, 1, 1, 1, 1, 1, 1, 1, 1, 1, 1, 2, 2, 2, 2, 2, 2, 2, 2, 2, 2, 2, 2, 2, 2, 2, 2, 2, 2, 2, 2, 2, 2, 2, 2, 2, 2, 2, 2, 2, 2, 2, 2, 2, 2, 2, 2]
delivery_process = ['Direct-Shipment', 'Cross-Docking', 'Cross-Docking', 'Direct-Shipment']
distance_ln = [[2.88, 5.33, 6.65, 12.52, 2.61, 11.25, 2.01, 4.43, 4.21, 8.51, 9.21, 3.69, 9.54, 9.19, 12.9, 1.98, 0.86, 8.67, 2.87, 2.74, 3.06, 2.48, 3.99, 11.08, 10.65, 4.14, 9.42, 2.75, 3.56, 1.79, 1.16, 3.82, 10.66, 2.77, 2.85, 3.8, 7.17, 3.39, 2.01, 9.45, 11.76, 7.85, 1.75, 1.74, 16.31, 4.08, 4.92, 6.08, 3.74, 5.5, 1.23, 1.51, 1.98, 11.92, 4.33, 4.15, 1.88, 4.53, 7.35, 3.96, 3.75, 1.09, 12.24, 6.88, 1.32, 2.79, 15.6, 4.89, 13.9, 0.3, 15.42, 3.4, 1.97, 1.42, 6.92, 2.97, 0.88, 5.87, 1.87, 12.48, 4.86, 1.87, 1.89, 4.27, 11.83, 9.81, 12.09, 1.1, 3.88, 3.19, 0.5, 2.55, 7.19, 8.96, 1.83, 1.67, 6.44, 7.93, 7.54, 4.15], [1.34, 9.79, 11.02, 20.13, 6.8, 9.78, 11.23, 5.6, 15.16, 6.42, 4.01, 8.86, 5.25, 11.01, 13.43, 7.44, 4.76, 8.94, 9.88, 15.67, 4.44, 0.45, 7.54, 2.19, 12.88, 0.79, 5.43, 4.08, 4.36, 2.12, 12.06, 11.75, 11.5, 1.47, 0.81, 0.0, 7.38, 4.0, 2.6, 11.64, 3.05, 8.9, 4.85, 5.14, 6.06, 2.06, 5.75, 9.66, 9.43, 7.26, 6.61, 10.91, 3.07, 4.8, 10.74, 3.77, 18.73, 7.28, 3.95, 2.96, 7.4, 2.88, 4.03, 4.83, 7.08, 2.61, 3.12, 15.55, 3.93, 0.57, 21.28, 0.55, 2.86, 2.8, 10.16, 2.58, 1.99, 10.09, 10.09, 12.72, 5.49, 0.75, 1.49, 5.14, 9.13, 17.26, 9.87, 2.97, 0.23, 4.83, 9.36, 6.71, 2.65, 5.07, 2.95, 4.63, 12.42, 6.36, 9.51, 1.75], [6.41, 11.3, 8.14, 2.88, 6.5, 0.0, 5.8, 0.39, 7.62, 3.33, 1.36, 6.88, 0.74, 4.94, 5.16, 9.24, 8.2, 0.77, 6.81, 4.73, 2.3, 11.02, 4.52, 1.08, 2.38, 9.66, 6.5, 11.13, 1.73, 3.24, 2.27, 0.59, 1.75, 4.14, 12.83, 11.15, 1.3, 3.76, 14.13, 5.68, 6.13, 4.64, 11.04, 4.74, 6.92, 7.02, 4.23, 0.94, 9.35, 4.18, 4.01, 4.32, 4.99, 6.95, 3.59, 7.53, 3.04, 2.39, 15.39, 7.91, 2.45, 17.01, 1.59, 13.88, 4.11, 2.64, 6.56, 2.76, 2.68, 8.59, 4.73, 12.11, 4.6, 5.43, 2.11, 17.34, 11.4, 4.27, 0.9, 7.02, 2.6, 5.26, 1.57, 2.27, 2.65, 0.76, 0.34, 5.29, 14.45, 0.29, 2.12, 3.16, 0.98, 1.18, 16.55, 8.32, 2.81, 7.97, 17.11, 6.22], [2.58, 4.32, 4.87, 3.17, 3.85, 3.07, 3.32, 1.42, 5.97, 3.35, 6.29, 7.34, 4.64, 4.74, 10.85, 1.0, 4.54, 4.01, 3.56, 5.14, 2.02, 3.48, 3.84, 6.76, 4.15, 6.37, 5.25, 5.59, 0.83, 4.94, 6.19, 6.96, 8.97, 1.78, 4.52, 10.24, 3.08, 4.61, 2.56, 9.91, 3.35, 2.03, 1.61, 4.83, 5.97, 1.62, 6.5, 5.77, 5.85, 1.8, 3.8, 5.57, 0.61, 9.44, 4.14, 5.24, 3.19, 2.12, 5.22, 1.95, 2.75, 3.9, 5.85, 2.3, 1.88, 3.17, 7.56, 4.61, 8.15, 4.84, 11.93, 7.55, 0.15, 2.29, 2.37, 7.86, 2.12, 3.62, 7.33, 2.12, 1.25, 7.88, 0.99, 2.26, 6.14, 8.98, 5.56, 3.17, 3.07, 7.04, 0.93, 8.69, 6.01, 1.86, 3.42, 7.79, 7.49, 6.1, 4.7, 0.94]]
distance_nn = [[0.0, 2.28, 9.79, 2.34, 7.57, 8.54, 13.73, 5.86, 8.19, 8.83, 5.74, 7.84, 0.78, 2.87, 8.67, 3.59, 0.79, 2.09, 10.62, 6.36, 1.61, 3.0, 5.6, 2.22, 12.43, 1.36, 3.79, 9.02, 3.52, 6.35, 3.09, 4.95, 2.54, 1.42, 1.42, 2.08, 2.26, 0.7, 5.83, 8.67, 7.18, 7.4, 4.03, 10.35, 7.98, 7.31, 4.1, 8.63, 2.58, 4.1, 0.37, 14.14, 3.39, 7.09, 7.03, 8.04, 10.17, 9.68, 6.16, 4.22, 1.75, 5.78, 5.27, 5.57, 1.8, 4.08, 2.7, 9.36, 8.66, 3.62, 4.24, 0.69, 6.17, 2.65, 6.74, 4.97, 3.32, 8.19, 2.54, 10.32, 2.53, 1.96, 1.41, 6.66, 10.24, 8.37, 7.98, 1.99, 3.85, 10.76, 2.84, 11.18, 1.72, 9.59, 4.5, 4.16, 6.93, 4.4, 8.54, 2.82], [2.58, 0.0, 2.4, 0.93, 4.98, 10.36, 6.83, 4.31, 3.01, 9.14, 14.36, 7.05, 13.08, 17.06, 12.79, 1.55, 11.54, 5.41, 2.89, 4.64, 12.82, 3.56, 6.13, 5.18, 1.43, 8.75, 12.41, 0.17, 4.64, 10.07, 6.31, 11.86, 12.24, 10.08, 8.8, 7.8, 6.17, 5.89, 8.32, 7.02, 13.91, 14.16, 6.68, 2.29, 9.64, 3.95, 3.51, 1.68, 1.7, 3.16, 6.46, 2.6, 2.06, 8.38, 1.7, 1.9, 10.55, 14.12, 10.54, 14.76, 10.73, 4.75, 3.57, 0.6, 13.98, 11.3, 3.11, 3.88, 5.24, 2.3, 7.47, 1.94, 3.17, 8.55, 19.02, 15.29, 1.2, 7.84, 5.99, 9.27, 3.52, 9.93, 5.18, 4.52, 3.56, 4.71, 10.74, 1.73, 13.31, 7.05, 2.3, 4.99, 5.96, 11.98, 6.07, 6.96, 6.21, 15.0, 3.38, 1.35], [1.84, 1.11, 0.0, 1.39, 10.15, 3.91, 4.85, 7.56, 1.86, 13.09, 10.47, 2.24, 8.91, 4.98, 2.52, 4.89, 1.53, 1.73, 2.28, 2.6, 7.24, 3.53, 9.09, 17.47, 1.39, 1.96, 10.3, 1.98, 3.55, 11.14, 14.53, 11.54, 2.11, 6.91, 12.39, 13.28, 16.34, 5.93, 7.46, 2.68, 11.39, 3.25, 6.12, 17.67, 4.08, 0.84, 6.06, 6.61, 4.17, 0.46, 1.77, 0.9, 5.81, 14.79, 1.66, 3.03, 2.07, 5.26, 11.18, 9.51, 7.95, 10.3, 14.13, 4.52, 12.85, 2.44, 3.41, 0.89, 4.77, 2.85, 5.64, 11.17, 5.12, 8.76, 8.83, 13.28, 9.73, 0.89, 6.6, 1.14, 0.75, 9.24, 4.28, 5.19, 4.07, 10.44, 1.27, 7.36, 5.52, 10.69, 6.3, 3.17, 6.34, 10.15, 8.52, 8.87, 5.15, 7.49, 3.13, 3.94], [8.27, 4.27, 5.64, 0.0, 7.46, 2.78, 0.73, 3.02, 1.36, 6.79, 6.65, 10.93, 13.06, 3.96, 1.91, 5.48, 9.68, 1.92, 3.33, 2.41, 11.08, 2.19, 9.79, 17.73, 2.09, 4.82, 19.85, 6.32, 10.69, 12.1, 11.89, 2.83, 14.32, 11.33, 10.34, 10.13, 6.51, 3.95, 6.5, 9.1, 6.6, 3.05, 16.25, 16.14, 2.5, 0.56, 0.78, 5.11, 10.94, 4.3, 12.74, 2.29, 9.83, 3.71, 1.88, 1.54, 4.25, 16.76, 9.01, 4.44, 5.87, 3.89, 10.68, 2.6, 8.67, 4.11, 3.66, 0.72, 3.17, 13.1, 2.81, 15.0, 4.08, 9.9, 6.77, 19.07, 5.39, 3.36, 4.0, 1.1, 6.49, 16.75, 9.08, 4.7, 3.85, 3.58, 4.44, 3.91, 12.47, 1.28, 6.9, 2.17, 2.38, 8.78, 16.21, 10.59, 3.04, 12.5, 2.01, 5.63], [7.61, 15.43, 5.34, 11.33, 0.0, 4.65, 6.38, 2.13, 10.5, 3.94, 0.27, 6.2, 1.99, 2.51, 6.6, 5.91, 8.35, 3.51, 8.23, 10.99, 3.67, 1.66, 0.78, 1.96, 1.78, 1.94, 9.81, 11.44, 8.4, 4.29, 0.78, 2.23, 0.72, 2.4, 2.0, 10.83, 0.26, 6.02, 9.29, 1.05, 0.51, 0.54, 2.91, 2.65, 7.73, 10.88, 10.8, 4.42, 1.98, 2.1, 1.91, 8.35, 5.17, 2.42, 5.16, 5.91, 8.01, 1.46, 2.49, 1.55, 10.03, 8.08, 3.59, 11.46, 3.9, 0.82, 13.23, 9.82, 4.33, 6.38, 2.2, 4.31, 8.76, 10.36, 1.11, 2.41, 1.35, 5.8, 5.29, 5.75, 8.08, 7.0, 3.68, 2.85, 3.46, 8.82, 7.02, 10.91, 7.99, 2.81, 9.18, 8.5, 1.99, 2.48, 8.56, 8.95, 1.37, 2.79, 14.66, 8.42], [3.38, 9.12, 3.01, 1.94, 4.95, 0.0, 7.27, 2.46, 7.09, 4.69, 1.56, 17.18, 4.77, 5.52, 10.03, 5.02, 8.31, 2.65, 2.1, 7.16, 0.78, 5.23, 0.82, 4.54, 2.2, 3.27, 16.91, 11.0, 8.4, 12.87, 7.3, 1.22, 8.43, 2.22, 8.31, 10.33, 6.8, 7.54, 5.97, 3.25, 7.5, 1.29, 2.1, 5.58, 1.78, 3.94, 5.34, 0.51, 5.94, 11.16, 10.08, 7.41, 5.1, 2.84, 11.13, 4.85, 1.21, 7.21, 16.06, 9.82, 1.82, 15.55, 1.01, 15.52, 9.71, 1.0, 1.12, 10.04, 3.52, 11.67, 8.22, 14.34, 4.95, 4.32, 2.73, 11.67, 11.55, 4.44, 1.05, 7.51, 7.46, 10.05, 4.08, 8.11, 1.03, 1.75, 1.86, 9.62, 2.83, 0.27, 3.33, 5.28, 0.27, 1.08, 11.92, 6.93, 2.77, 7.9, 15.71, 2.58], [3.34, 4.17, 1.45, 0.17, 3.53, 8.18, 0.0, 6.79, 3.43, 1.56, 13.36, 10.88, 5.15, 6.34, 1.62, 6.18, 2.1, 3.02, 0.75, 1.05, 5.59, 10.59, 8.04, 2.04, 0.56, 1.87, 7.71, 2.73, 10.43, 5.42, 11.85, 3.83, 12.85, 9.33, 8.7, 12.01, 3.5, 2.15, 14.92, 11.9, 6.98, 6.34, 5.51, 13.65, 1.16, 0.94, 1.14, 5.5, 10.87, 4.62, 9.77, 3.15, 7.51, 10.21, 2.78, 2.67, 1.06, 14.6, 4.86, 19.2, 7.85, 16.28, 4.6, 10.08, 4.75, 7.18, 3.62, 1.95, 4.03, 7.4, 1.03, 11.1, 1.62, 2.23, 8.21, 17.64, 2.93, 1.58, 1.29, 0.0, 6.48, 5.16, 13.3, 5.49, 1.77, 6.56, 1.15, 12.89, 4.07, 4.12, 1.55, 8.75, 8.71, 1.61, 3.46, 8.51, 12.24, 6.95, 4.55, 4.98], [2.57, 5.59, 3.45, 6.58, 3.93, 1.66, 7.9, 0.0, 3.37, 4.51, 5.49, 6.82, 1.01, 4.91, 2.34, 10.0, 1.61, 3.64, 1.61, 6.77, 1.61, 1.67, 1.14, 5.78, 1.69, 8.15, 7.88, 3.7, 7.92, 11.52, 4.81, 2.8, 4.94, 0.53, 4.84, 6.9, 3.15, 2.65, 11.3, 4.74, 1.82, 6.51, 3.15, 6.17, 8.2, 1.15, 1.07, 0.87, 7.23, 6.82, 2.27, 6.35, 0.69, 4.35, 4.13, 5.99, 4.23, 6.44, 1.77, 6.94, 1.69, 1.82, 2.5, 9.13, 2.99, 2.79, 5.82, 2.14, 0.92, 7.88, 10.4, 5.08, 3.38, 8.99, 1.47, 11.27, 4.9, 3.57, 5.02, 2.77, 4.03, 4.9, 3.23, 1.23, 2.56, 3.07, 1.01, 11.07, 8.33, 0.32, 6.75, 2.88, 0.5, 2.23, 6.18, 4.89, 2.83, 5.17, 2.96, 4.85], [3.26, 2.76, 3.07, 2.02, 5.29, 7.14, 2.2, 1.61, 0.0, 4.64, 2.0, 3.5, 3.8, 4.96, 3.47, 6.65, 5.61, 7.17, 1.6, 1.08, 7.51, 5.19, 6.56, 12.41, 0.28, 8.8, 17.22, 3.97, 4.86, 13.37, 10.19, 4.68, 2.81, 3.28, 13.59, 3.79, 8.18, 1.55, 3.62, 12.93, 4.57, 3.74, 9.2, 9.66, 0.83, 0.82, 3.23, 5.89, 2.74, 0.63, 8.55, 2.15, 5.67, 14.28, 4.12, 0.46, 3.94, 4.55, 15.26, 4.04, 1.63, 5.16, 2.77, 8.14, 12.59, 10.0, 4.56, 1.18, 1.45, 6.04, 2.57, 4.68, 1.86, 3.42, 11.3, 10.61, 6.63, 1.45, 1.82, 2.78, 6.15, 1.86, 9.98, 6.77, 1.62, 6.68, 3.57, 9.7, 9.16, 6.73, 2.3, 8.43, 2.02, 5.44, 3.65, 10.67, 8.02, 10.31, 4.26, 1.3], [5.16, 8.3, 4.78, 2.68, 3.97, 4.31, 12.23, 3.69, 10.02, 0.0, 1.83, 19.68, 3.34, 0.26, 9.31, 13.79, 7.0, 0.79, 10.28, 8.57, 2.04, 2.96, 4.32, 2.13, 7.73, 4.11, 6.76, 17.46, 7.62, 9.02, 5.03, 2.02, 4.96, 3.22, 4.82, 7.3, 3.16, 5.35, 6.14, 0.95, 2.76, 0.32, 6.84, 0.76, 8.54, 10.18, 1.74, 4.25, 12.07, 6.25, 9.33, 6.7, 8.48, 0.76, 9.0, 9.72, 2.54, 0.65, 6.19, 12.25, 3.23, 12.56, 0.96, 16.23, 3.09, 2.59, 6.13, 1.94, 6.75, 9.68, 11.1, 4.29, 4.31, 14.12, 0.92, 15.77, 3.14, 6.63, 5.19, 3.02, 5.16, 15.54, 7.99, 6.47, 1.85, 1.95, 6.44, 3.83, 15.61, 1.08, 6.53, 9.65, 2.64, 2.74, 4.18, 10.7, 2.23, 5.24, 2.81, 7.73], [7.53, 4.2, 1.86, 15.92, 0.25, 4.82, 1.73, 2.58, 6.65, 0.4, 0.0, 13.47, 0.81, 2.28, 12.37, 12.12, 8.81, 0.59, 3.15, 3.56, 5.23, 12.58, 0.57, 0.7, 13.55, 1.03, 5.78, 15.64, 1.48, 6.95, 1.07, 1.52, 0.6, 2.01, 7.07, 13.71, 1.35, 7.16, 11.04, 1.19, 0.79, 1.9, 5.89, 1.19, 7.93, 2.28, 9.83, 3.69, 11.34, 6.75, 2.61, 11.99, 1.35, 3.0, 2.29, 2.38, 7.1, 4.18, 5.16, 8.38, 7.18, 12.65, 1.56, 10.7, 2.04, 0.9, 7.61, 11.12, 6.13, 10.98, 3.06, 6.85, 4.53, 3.98, 0.43, 4.04, 3.99, 7.65, 4.67, 9.72, 12.74, 5.07, 6.4, 8.26, 1.95, 5.53, 5.85, 8.38, 6.79, 0.78, 8.04, 14.08, 6.24, 7.29, 2.74, 5.88, 1.14, 0.99, 6.82, 3.7], [2.17, 5.87, 3.93, 1.62, 12.42, 10.45, 7.1, 2.61, 4.04, 15.71, 14.06, 0.0, 13.88, 15.67, 7.64, 3.45, 5.05, 11.59, 10.73, 9.38, 10.07, 1.8, 13.37, 8.16, 13.12, 10.23, 2.39, 6.43, 3.13, 1.68, 5.07, 2.76, 4.08, 8.75, 3.97, 8.75, 6.32, 7.69, 1.3, 10.7, 10.34, 13.27, 2.31, 14.33, 2.3, 2.15, 18.01, 7.88, 0.76, 7.52, 1.33, 6.01, 4.23, 22.18, 0.52, 11.4, 3.35, 10.38, 7.46, 10.91, 8.12, 1.33, 4.73, 5.62, 2.22, 14.58, 10.68, 10.06, 2.63, 1.93, 14.73, 5.15, 6.01, 0.91, 10.04, 3.26, 3.08, 6.56, 1.75, 10.97, 4.88, 6.66, 2.76, 5.6, 2.86, 15.23, 6.14, 4.32, 1.71, 2.97, 3.55, 3.15, 9.5, 7.75, 0.82, 0.54, 12.83, 8.43, 4.47, 0.99], [2.08, 10.48, 6.56, 14.07, 2.07, 2.5, 8.73, 1.37, 6.94, 0.93, 2.18, 13.68, 0.0, 3.12, 3.14, 6.19, 2.42, 0.73, 7.58, 6.92, 7.36, 5.5, 1.48, 2.37, 11.39, 2.3, 3.23, 5.99, 4.37, 6.36, 1.56, 1.76, 2.01, 1.9, 4.89, 8.59, 1.2, 5.89, 2.4, 0.79, 4.68, 2.91, 6.23, 1.1, 3.23, 5.84, 5.42, 4.71, 10.57, 11.91, 4.93, 4.1, 4.83, 7.09, 3.62, 5.64, 8.63, 7.73, 7.05, 1.35, 8.89, 4.21, 2.56, 4.6, 3.73, 0.75, 12.64, 8.62, 1.06, 2.82, 16.04, 8.41, 3.94, 1.74, 6.18, 2.02, 6.55, 4.39, 7.41, 2.82, 8.32, 1.21, 5.21, 1.33, 3.33, 6.17, 4.96, 2.7, 5.96, 4.57, 8.28, 10.01, 5.03, 7.34, 3.1, 11.94, 0.3, 1.41, 6.05, 1.08], [4.52, 4.0, 6.56, 5.34, 4.59, 5.01, 10.4, 7.62, 6.89, 1.79, 3.29, 16.82, 6.22, 0.0, 15.44, 11.66, 2.7, 2.42, 2.83, 3.02, 2.54, 12.2, 2.65, 3.74, 10.58, 6.31, 16.99, 16.42, 7.1, 10.55, 1.88, 0.98, 5.85, 3.2, 8.5, 8.68, 2.02, 13.04, 11.39, 2.52, 2.83, 0.25, 10.47, 1.16, 2.7, 9.92, 7.0, 3.25, 14.65, 6.35, 4.18, 14.19, 1.68, 0.79, 8.1, 12.55, 3.25, 0.75, 16.38, 4.97, 5.96, 17.59, 4.0, 11.99, 2.45, 7.98, 13.57, 6.64, 3.07, 15.27, 15.73, 11.99, 2.96, 1.85, 0.57, 13.79, 7.52, 9.83, 5.79, 3.82, 10.38, 14.42, 5.18, 12.86, 2.06, 5.41, 1.02, 12.36, 14.3, 2.41, 11.32, 12.82, 6.11, 2.4, 16.84, 8.38, 1.9, 5.28, 22.3, 9.72], [17.19, 11.94, 2.04, 2.64, 2.29, 8.22, 2.72, 10.36, 5.75, 5.54, 8.56, 13.83, 7.99, 7.67, 0.0, 13.04, 17.42, 6.61, 8.66, 4.71, 9.47, 11.98, 5.56, 4.44, 3.88, 5.24, 16.47, 3.43, 13.02, 6.35, 12.6, 2.4, 14.21, 13.04, 2.16, 12.26, 17.26, 15.59, 16.78, 10.26, 3.02, 4.09, 2.5, 7.96, 0.9, 6.65, 0.59, 2.96, 6.17, 5.32, 6.98, 4.22, 9.1, 9.38, 14.32, 4.07, 1.29, 5.85, 15.17, 12.82, 4.37, 3.03, 4.88, 8.23, 3.8, 5.61, 1.9, 5.63, 1.88, 4.7, 0.0, 11.54, 2.23, 4.18, 15.8, 10.56, 14.15, 1.57, 4.15, 1.47, 12.91, 5.53, 7.98, 6.91, 5.5, 5.55, 7.22, 17.99, 12.45, 5.89, 2.95, 4.95, 6.15, 5.09, 5.7, 8.24, 1.87, 16.23, 9.27, 4.11], [3.85, 2.6, 3.76, 2.99, 7.31, 6.04, 7.56, 7.49, 5.03, 3.89, 8.99, 0.61, 11.05, 6.94, 4.62, 0.0, 5.84, 14.24, 0.77, 5.73, 12.64, 6.42, 9.4, 5.58, 5.44, 10.12, 14.12, 2.73, 1.23, 4.5, 7.51, 4.55, 8.04, 4.36, 1.89, 4.33, 5.57, 6.62, 3.15, 11.08, 4.16, 12.16, 8.33, 10.48, 4.63, 8.13, 7.89, 3.63, 3.42, 2.71, 3.06, 8.71, 1.7, 8.21, 0.22, 3.4, 6.35, 10.85, 9.76, 3.18, 3.11, 1.09, 7.06, 0.73, 4.84, 7.43, 14.85, 8.44, 4.76, 4.89, 11.18, 4.34, 5.62, 8.61, 17.16, 8.12, 0.67, 4.43, 1.44, 8.54, 0.36, 2.96, 5.89, 0.53, 6.92, 5.58, 3.91, 0.94, 2.32, 10.92, 0.62, 1.29, 9.84, 5.48, 1.35, 1.21, 6.66, 7.43, 3.47, 3.91], [0.9, 1.57, 6.94, 13.04, 5.54, 10.09, 2.5, 3.19, 2.78, 7.18, 8.89, 4.92, 2.61, 10.93, 12.03, 7.94, 0.0, 5.7, 8.91, 5.02, 10.33, 1.39, 3.89, 8.3, 11.55, 1.82, 1.14, 8.24, 3.01, 3.46, 4.32, 8.91, 7.0, 1.53, 1.73, 3.75, 1.57, 0.26, 4.45, 3.34, 3.25, 5.55, 6.16, 6.46, 15.15, 5.42, 10.88, 8.1, 5.26, 5.89, 1.99, 4.12, 4.9, 11.17, 1.68, 4.54, 1.49, 12.77, 5.8, 1.16, 9.02, 5.8, 4.32, 4.07, 0.84, 3.17, 10.4, 3.2, 9.48, 1.94, 14.97, 3.28, 2.91, 0.32, 3.79, 5.83, 4.42, 9.77, 5.65, 13.92, 1.63, 3.32, 0.6, 5.86, 6.23, 3.39, 3.28, 1.38, 1.54, 2.02, 1.64, 10.49, 7.62, 12.05, 5.74, 0.96, 5.15, 4.98, 1.4, 3.84], [2.7, 7.45, 9.47, 13.01, 3.09, 0.87, 7.3, 0.8, 5.14, 0.69, 1.83, 2.3, 2.82, 1.13, 2.01, 8.47, 7.7, 0.0, 7.25, 5.06, 1.62, 12.63, 2.37, 4.29, 4.22, 3.06, 6.85, 15.3, 3.19, 13.07, 2.94, 1.23, 3.49, 5.15, 7.26, 14.93, 1.81, 5.4, 2.24, 0.85, 2.32, 0.33, 5.89, 2.71, 8.26, 9.42, 5.84, 0.91, 15.63, 11.95, 3.13, 9.64, 1.32, 0.93, 4.72, 3.57, 4.67, 2.36, 9.8, 6.23, 7.2, 17.43, 0.36, 12.06, 6.52, 1.48, 8.88, 8.72, 5.98, 10.27, 2.56, 8.49, 8.69, 13.02, 0.47, 14.47, 12.79, 6.14, 4.68, 3.48, 2.9, 4.99, 6.42, 1.52, 0.9, 4.46, 6.98, 2.33, 11.55, 2.42, 7.1, 4.05, 1.18, 4.62, 3.5, 11.59, 0.33, 1.8, 16.8, 11.25], [5.16, 4.1, 1.36, 2.15, 9.14, 2.17, 3.35, 2.07, 0.61, 12.57, 4.18, 8.73, 9.12, 14.93, 4.72, 6.27, 7.61, 8.04, 0.0, 0.6, 6.74, 10.3, 6.19, 14.11, 2.03, 5.27, 7.72, 1.45, 1.45, 4.38, 2.54, 10.12, 14.04, 6.3, 7.68, 9.8, 8.84, 7.22, 9.27, 9.6, 5.31, 10.15, 5.35, 11.64, 4.87, 1.29, 4.4, 4.62, 9.85, 1.45, 6.99, 2.01, 1.64, 12.89, 5.36, 0.47, 4.63, 2.9, 6.27, 6.71, 9.97, 10.23, 4.73, 3.52, 5.07, 2.08, 8.94, 1.06, 1.61, 3.55, 2.81, 5.53, 4.26, 4.55, 13.34, 13.22, 4.9, 4.66, 1.77, 0.67, 5.72, 13.33, 9.03, 2.69, 2.36, 8.26, 5.48, 9.01, 7.52, 2.79, 3.65, 2.79, 7.46, 1.02, 3.69, 8.05, 2.89, 1.23, 1.47, 2.21], [11.16, 4.0, 1.41, 4.25, 1.73, 7.88, 2.6, 8.28, 1.85, 3.51, 5.26, 3.23, 2.47, 12.55, 1.65, 5.72, 9.27, 4.32, 0.42, 0.0, 7.51, 10.06, 5.51, 4.63, 2.51, 13.26, 2.18, 2.82, 3.27, 6.96, 3.09, 9.01, 6.4, 5.92, 3.46, 5.59, 12.55, 1.68, 7.0, 5.29, 11.58, 5.96, 10.86, 8.36, 5.65, 0.53, 6.94, 8.93, 6.44, 1.93, 2.79, 1.09, 1.16, 14.19, 3.57, 2.02, 2.48, 15.1, 18.38, 15.41, 8.67, 4.27, 9.2, 4.81, 12.19, 5.02, 6.95, 3.12, 1.12, 5.65, 5.94, 3.85, 4.01, 8.38, 6.74, 5.71, 9.78, 4.54, 2.49, 0.66, 3.47, 9.81, 8.94, 2.81, 4.59, 2.61, 6.68, 3.55, 13.71, 8.7, 4.91, 1.39, 9.06, 7.43, 5.65, 7.46, 11.12, 9.72, 2.29, 2.27], [13.2, 12.43, 2.55, 10.4, 2.34, 3.06, 3.44, 3.93, 9.12, 2.83, 3.78, 12.68, 7.34, 0.65, 3.58, 9.56, 5.71, 3.21, 1.87, 10.04, 0.0, 8.59, 7.0, 1.64, 5.41, 6.85, 6.38, 14.61, 10.15, 5.72, 8.1, 2.11, 4.9, 7.14, 4.69, 9.97, 2.69, 8.44, 2.1, 3.46, 2.95, 1.47, 6.36, 5.04, 6.08, 4.12, 3.39, 2.36, 17.56, 12.92, 1.82, 3.8, 9.14, 1.11, 7.33, 5.6, 6.78, 1.08, 4.68, 5.21, 3.98, 12.27, 3.02, 3.95, 5.42, 3.53, 9.36, 7.12, 3.77, 10.07, 3.36, 9.45, 1.29, 3.03, 2.42, 8.9, 9.32, 2.12, 5.17, 5.95, 3.13, 6.21, 10.58, 1.94, 4.58, 4.98, 6.78, 3.11, 5.98, 3.54, 10.23, 16.14, 1.85, 2.83, 12.56, 18.0, 1.26, 3.92, 13.11, 2.51], [4.86, 8.93, 9.95, 15.83, 6.79, 5.81, 9.92, 2.54, 13.05, 6.3, 1.76, 3.24, 7.25, 9.16, 19.06, 2.32, 2.72, 1.81, 7.1, 9.31, 6.99, 0.0, 5.36, 10.62, 16.19, 3.15, 6.92, 1.35, 3.03, 0.48, 10.42, 13.28, 5.32, 8.17, 1.43, 1.06, 6.17, 0.54, 3.4, 12.24, 11.31, 11.45, 8.08, 9.04, 13.18, 8.75, 14.77, 9.11, 6.21, 7.64, 2.36, 14.94, 4.83, 11.54, 6.63, 8.48, 5.99, 3.77, 7.57, 2.22, 4.58, 4.99, 9.07, 7.08, 6.39, 2.83, 6.16, 14.55, 10.5, 2.23, 12.0, 3.47, 1.96, 1.28, 11.45, 1.6, 3.12, 5.46, 3.08, 10.32, 4.84, 0.0, 1.99, 5.4, 7.63, 4.53, 5.53, 0.99, 1.32, 8.9, 1.55, 7.9, 9.38, 5.61, 1.7, 6.13, 12.66, 4.42, 8.44, 2.23], [5.52, 8.33, 10.88, 3.06, 3.89, 4.4, 8.2, 0.89, 1.09, 1.12, 0.99, 7.38, 1.12, 6.19, 7.25, 8.51, 5.28, 4.23, 8.66, 1.41, 3.88, 10.41, 0.0, 3.75, 3.32, 4.79, 3.76, 7.0, 1.6, 1.83, 2.73, 1.17, 3.68, 1.18, 7.8, 7.15, 0.75, 1.39, 10.42, 5.37, 6.67, 1.47, 2.49, 4.64, 13.12, 7.27, 1.42, 1.41, 7.77, 6.68, 1.99, 5.26, 2.75, 5.29, 10.27, 8.13, 9.39, 2.75, 11.25, 6.41, 1.77, 10.62, 0.83, 6.11, 4.89, 1.3, 10.73, 5.46, 6.21, 2.37, 6.5, 6.43, 2.23, 6.91, 2.43, 10.11, 2.89, 3.17, 6.52, 6.19, 2.25, 8.92, 2.28, 8.7, 6.18, 5.39, 2.37, 3.85, 5.97, 3.69, 3.99, 15.64, 3.74, 3.17, 8.59, 12.0, 0.6, 1.08, 5.61, 4.2], [2.1, 2.76, 10.68, 9.11, 0.8, 6.41, 10.74, 1.05, 2.56, 0.77, 0.68, 5.81, 2.42, 1.11, 9.04, 11.56, 3.35, 1.74, 8.41, 14.69, 7.15, 2.26, 2.62, 0.0, 14.18, 1.83, 11.26, 14.22, 2.94, 6.98, 2.3, 3.15, 0.21, 3.82, 3.26, 9.21, 0.56, 1.16, 2.04, 2.9, 1.3, 3.36, 5.36, 2.52, 5.04, 14.01, 10.26, 1.64, 8.91, 3.11, 3.39, 14.1, 10.14, 1.92, 3.74, 7.66, 13.32, 4.29, 10.15, 1.18, 3.98, 6.73, 4.4, 18.74, 2.51, 1.47, 11.0, 11.73, 3.96, 13.41, 10.62, 2.4, 7.54, 7.73, 1.22, 10.97, 14.85, 1.83, 11.56, 9.3, 16.56, 14.34, 4.78, 15.73, 8.74, 6.81, 10.06, 13.76, 7.89, 7.16, 10.78, 19.38, 2.57, 10.53, 15.98, 13.28, 4.7, 1.87, 4.3, 10.3], [9.39, 7.3, 4.3, 1.89, 11.84, 3.36, 1.39, 1.21, 1.01, 4.08, 3.87, 11.78, 2.98, 7.41, 2.01, 9.68, 11.05, 4.87, 1.71, 2.61, 10.76, 4.95, 8.6, 14.76, 0.0, 3.3, 8.72, 5.22, 6.64, 14.55, 6.04, 7.75, 15.09, 7.6, 6.63, 14.54, 5.34, 9.33, 4.39, 6.73, 5.96, 12.08, 5.45, 2.29, 0.6, 1.8, 3.61, 1.38, 9.1, 2.75, 12.83, 2.41, 0.89, 7.27, 8.33, 0.35, 1.68, 7.96, 6.42, 8.2, 2.4, 8.06, 9.58, 8.17, 6.34, 3.2, 3.07, 1.96, 3.9, 8.71, 3.77, 3.13, 2.55, 13.57, 10.3, 2.87, 5.69, 0.51, 1.12, 1.42, 8.64, 15.59, 2.3, 3.6, 4.04, 3.39, 2.91, 10.4, 12.79, 2.52, 5.66, 12.24, 5.11, 4.1, 10.26, 6.47, 8.2, 12.67, 5.23, 7.01], [0.35, 13.83, 10.74, 8.21, 0.8, 10.05, 10.45, 7.2, 5.73, 4.33, 2.11, 10.24, 3.49, 9.39, 9.63, 8.87, 2.96, 4.53, 12.19, 10.91, 13.11, 2.02, 5.4, 4.99, 5.77, 0.0, 1.12, 5.11, 2.4, 3.34, 1.04, 5.41, 6.69, 3.52, 1.07, 5.94, 2.13, 2.08, 3.24, 4.17, 6.83, 3.35, 2.65, 7.08, 9.85, 2.49, 2.11, 4.36, 3.18, 10.46, 1.02, 9.83, 3.36, 4.89, 10.14, 10.7, 4.31, 3.98, 2.03, 3.3, 12.58, 9.25, 7.13, 3.24, 0.95, 0.58, 7.26, 8.69, 10.24, 2.58, 6.37, 3.93, 3.66, 1.94, 5.92, 1.1, 4.06, 11.92, 10.28, 9.8, 7.57, 4.91, 0.97, 1.79, 10.15, 6.44, 8.69, 4.97, 4.3, 3.58, 7.16, 6.71, 2.32, 7.62, 9.52, 5.18, 3.22, 1.22, 6.67, 3.05], [7.67, 8.03, 11.83, 20.31, 4.68, 15.2, 2.76, 14.6, 12.88, 13.98, 10.7, 9.35, 10.03, 3.55, 7.52, 5.74, 6.73, 12.51, 4.81, 19.21, 15.15, 6.73, 8.8, 4.43, 18.92, 1.83, 0.0, 10.13, 11.59, 5.92, 5.93, 9.87, 3.44, 4.47, 4.24, 1.86, 11.31, 5.67, 1.23, 6.92, 4.89, 14.18, 4.28, 12.49, 4.41, 17.13, 17.72, 9.47, 9.27, 10.4, 6.58, 20.34, 5.09, 13.38, 9.97, 18.26, 20.99, 8.35, 0.95, 2.42, 13.72, 11.01, 8.24, 3.41, 1.12, 2.24, 6.12, 5.42, 8.31, 4.47, 16.47, 2.69, 5.55, 1.57, 17.45, 1.91, 10.96, 3.47, 3.46, 17.97, 3.74, 7.96, 2.15, 5.45, 10.95, 10.39, 12.76, 8.16, 4.05, 14.15, 6.55, 12.81, 9.05, 12.72, 1.61, 10.84, 10.85, 2.24, 13.24, 3.16], [12.82, 0.72, 1.2, 2.59, 5.86, 4.2, 1.59, 8.5, 1.46, 11.62, 4.03, 6.31, 13.59, 7.15, 8.27, 2.34, 11.09, 5.41, 3.77, 0.88, 8.65, 2.13, 9.37, 16.44, 3.51, 1.72, 9.4, 0.0, 1.39, 2.54, 12.1, 12.98, 5.91, 8.08, 5.29, 14.79, 17.87, 2.28, 3.2, 2.52, 8.51, 7.9, 7.36, 19.19, 8.78, 0.78, 2.13, 4.93, 5.88, 2.32, 8.4, 1.68, 6.41, 15.62, 3.73, 3.15, 2.86, 10.55, 7.94, 6.25, 9.94, 4.72, 5.86, 2.74, 6.93, 7.53, 6.5, 3.1, 11.33, 6.3, 7.66, 10.59, 6.25, 5.99, 17.98, 7.34, 7.06, 3.34, 10.11, 7.89, 1.25, 4.6, 9.41, 1.04, 7.32, 12.21, 2.79, 3.7, 14.59, 12.5, 6.91, 3.19, 6.66, 2.33, 5.49, 3.56, 8.45, 13.02, 2.6, 4.58], [5.69, 6.69, 7.44, 4.98, 8.54, 3.14, 10.04, 3.72, 7.11, 13.25, 10.53, 4.76, 9.19, 14.35, 12.06, 0.75, 1.36, 6.36, 1.54, 4.79, 11.75, 5.06, 4.05, 5.48, 2.15, 2.88, 1.84, 5.14, 0.0, 2.06, 10.77, 10.02, 12.27, 2.59, 6.9, 3.2, 11.88, 3.88, 2.04, 11.23, 10.91, 5.46, 7.64, 8.65, 7.74, 4.41, 2.96, 9.22, 6.6, 5.5, 1.11, 9.19, 2.38, 9.02, 2.22, 1.04, 5.72, 6.81, 8.32, 5.73, 7.08, 1.75, 11.59, 2.93, 4.35, 7.9, 1.94, 5.32, 9.69, 3.79, 5.39, 4.14, 1.76, 3.42, 14.59, 6.89, 0.43, 2.25, 9.78, 2.39, 1.78, 4.74, 1.39, 0.25, 2.08, 5.54, 8.05, 2.52, 7.64, 2.5, 0.21, 6.24, 6.53, 12.09, 1.29, 4.81, 7.69, 4.16, 4.19, 0.26], [5.78, 5.99, 11.33, 12.86, 5.63, 16.48, 7.04, 5.9, 9.64, 10.68, 4.19, 2.85, 3.16, 14.59, 4.53, 1.99, 2.74, 6.66, 2.42, 10.0, 19.36, 1.93, 11.76, 3.63, 10.71, 2.51, 3.27, 5.88, 4.99, 0.0, 9.85, 10.08, 13.73, 6.97, 3.51, 2.49, 5.56, 2.31, 1.01, 2.69, 11.14, 14.01, 9.8, 17.04, 4.65, 3.33, 18.1, 14.3, 1.75, 5.79, 4.39, 12.76, 8.11, 17.2, 6.39, 13.62, 4.75, 6.34, 9.62, 3.84, 15.5, 0.77, 3.27, 4.57, 4.68, 11.53, 9.67, 16.59, 9.87, 1.62, 11.84, 2.83, 1.12, 1.9, 14.15, 6.28, 1.99, 11.14, 7.66, 14.74, 0.7, 1.64, 1.46, 6.31, 5.65, 12.27, 2.75, 1.92, 1.37, 16.27, 3.82, 1.62, 6.76, 2.56, 0.42, 2.65, 10.75, 10.24, 5.13, 3.36], [2.43, 9.97, 4.97, 7.58, 0.21, 5.95, 11.22, 3.88, 2.13, 0.55, 1.85, 10.85, 1.3, 6.15, 7.93, 13.54, 2.84, 1.61, 8.2, 11.11, 7.69, 4.52, 3.82, 3.43, 9.13, 1.46, 9.18, 6.84, 9.74, 8.49, 0.0, 3.08, 1.95, 4.25, 1.51, 9.86, 1.04, 1.64, 11.02, 2.35, 2.1, 2.16, 0.55, 2.34, 8.99, 8.64, 3.91, 1.36, 4.22, 5.29, 1.64, 6.91, 2.36, 6.52, 1.74, 11.39, 6.22, 3.55, 12.31, 2.78, 3.0, 14.53, 2.64, 6.43, 2.8, 0.91, 4.36, 1.77, 9.29, 3.43, 3.36, 8.38, 8.77, 1.58, 1.42, 9.32, 5.97, 3.29, 10.64, 9.97, 5.34, 8.69, 4.26, 7.05, 7.13, 3.47, 9.59, 8.9, 6.17, 2.99, 7.07, 18.86, 7.15, 4.42, 3.18, 7.19, 2.67, 1.04, 15.98, 9.02], [7.03, 8.07, 10.23, 9.44, 0.65, 3.44, 3.25, 0.73, 4.92, 1.86, 0.37, 16.72, 2.07, 3.39, 4.27, 6.98, 6.91, 0.6, 9.89, 2.99, 0.71, 11.61, 2.43, 4.05, 4.64, 2.95, 6.61, 5.89, 4.57, 6.05, 3.91, 0.0, 3.72, 4.05, 9.15, 4.83, 4.27, 4.91, 3.3, 2.9, 3.41, 0.46, 2.42, 3.13, 2.56, 6.44, 9.38, 2.91, 15.53, 9.88, 5.39, 3.05, 3.28, 3.73, 2.85, 8.98, 3.92, 3.09, 13.74, 1.92, 6.04, 7.76, 0.83, 4.76, 5.25, 1.67, 2.59, 8.3, 6.75, 11.63, 2.34, 2.14, 6.07, 3.24, 0.47, 14.05, 8.49, 5.94, 4.76, 2.98, 8.67, 4.07, 5.89, 2.39, 4.68, 4.84, 4.21, 11.29, 3.18, 0.3, 4.98, 19.11, 2.44, 0.5, 3.66, 4.3, 0.52, 3.63, 2.4, 1.64], [1.81, 3.85, 17.42, 12.71, 1.22, 5.04, 2.67, 1.56, 2.57, 4.1, 1.63, 7.33, 3.18, 4.71, 6.49, 14.52, 9.39, 2.34, 14.77, 15.76, 6.78, 1.66, 2.64, 1.16, 3.62, 1.27, 7.2, 5.72, 12.42, 13.22, 1.52, 3.17, 0.0, 5.87, 7.29, 4.48, 0.41, 2.04, 9.46, 0.47, 0.77, 3.38, 2.19, 1.67, 14.49, 3.46, 11.57, 5.58, 17.09, 6.98, 4.45, 13.62, 7.39, 5.45, 13.69, 3.39, 1.75, 3.67, 1.74, 4.7, 4.46, 16.7, 4.47, 8.81, 2.13, 1.71, 2.0, 2.15, 3.99, 3.1, 8.09, 6.27, 7.54, 9.82, 2.65, 9.86, 2.42, 8.5, 8.96, 3.57, 15.0, 6.11, 2.09, 8.46, 3.28, 4.8, 3.13, 4.45, 4.37, 4.15, 9.82, 21.11, 2.75, 5.11, 7.47, 14.81, 2.13, 3.49, 9.23, 6.28], [0.9, 3.44, 11.28, 5.33, 3.2, 6.55, 8.45, 0.66, 1.26, 2.66, 2.1, 9.65, 2.07, 3.7, 7.95, 9.54, 2.55, 4.71, 4.27, 3.68, 1.97, 3.22, 0.52, 1.11, 6.93, 4.05, 9.99, 8.42, 2.25, 5.38, 0.48, 0.89, 4.34, 0.0, 6.24, 7.44, 3.45, 3.45, 9.51, 2.93, 3.51, 7.24, 3.35, 0.88, 7.11, 7.2, 10.83, 4.09, 4.99, 2.64, 2.35, 7.52, 0.66, 8.5, 8.57, 8.08, 3.72, 10.8, 1.68, 3.35, 1.56, 6.54, 5.63, 1.75, 1.77, 1.09, 10.08, 9.05, 4.31, 7.09, 1.97, 2.94, 2.23, 1.78, 4.18, 1.78, 0.82, 1.12, 8.63, 10.31, 1.49, 5.37, 3.47, 4.27, 1.12, 3.72, 5.21, 5.75, 7.31, 2.58, 2.54, 9.97, 5.06, 5.07, 1.55, 9.43, 4.21, 2.03, 12.18, 1.79], [0.78, 10.66, 5.04, 3.04, 3.75, 3.67, 9.23, 2.39, 9.84, 11.71, 5.36, 4.47, 1.55, 5.65, 10.39, 8.53, 1.01, 9.52, 5.55, 3.33, 10.15, 2.1, 7.22, 5.02, 6.96, 1.96, 2.44, 5.24, 5.44, 1.74, 8.1, 5.63, 9.74, 5.78, 0.0, 2.91, 2.07, 0.92, 2.62, 10.62, 6.25, 7.04, 4.85, 3.38, 10.79, 2.18, 16.72, 8.26, 7.22, 4.83, 2.14, 11.84, 7.39, 5.94, 5.46, 14.51, 11.55, 11.2, 5.08, 1.38, 8.88, 5.03, 11.74, 5.95, 3.26, 5.36, 7.67, 6.7, 11.76, 0.67, 2.32, 0.54, 5.76, 0.8, 10.16, 4.02, 1.52, 11.82, 1.93, 8.23, 7.36, 2.65, 1.72, 5.14, 10.45, 8.83, 3.94, 2.71, 1.25, 6.58, 5.03, 10.13, 3.4, 10.55, 4.2, 4.42, 3.83, 0.8, 10.74, 2.67], [6.0, 4.33, 15.82, 14.81, 4.22, 2.79, 2.11, 13.99, 10.8, 13.68, 9.64, 6.4, 4.84, 3.03, 10.49, 9.18, 0.92, 6.01, 9.27, 6.37, 12.86, 1.5, 10.41, 8.6, 18.32, 1.84, 4.14, 9.47, 6.71, 2.45, 3.15, 6.03, 2.09, 9.59, 3.87, 0.0, 6.04, 6.18, 2.86, 9.52, 2.55, 5.32, 2.38, 2.61, 11.59, 5.61, 15.14, 9.86, 4.16, 7.77, 4.8, 10.25, 8.21, 11.56, 9.59, 13.72, 13.96, 7.95, 5.35, 2.97, 2.87, 1.24, 8.07, 13.12, 1.93, 5.96, 7.72, 19.08, 4.57, 0.81, 17.48, 0.52, 2.02, 2.91, 12.78, 2.35, 4.59, 12.78, 7.08, 9.09, 1.93, 0.6, 4.24, 5.05, 8.17, 11.85, 8.7, 1.8, 0.35, 13.11, 1.52, 3.07, 7.97, 15.51, 2.82, 1.94, 1.42, 2.81, 10.73, 7.14], [4.2, 6.98, 4.22, 4.59, 1.91, 5.06, 12.62, 6.21, 9.34, 2.07, 0.97, 9.49, 1.41, 3.83, 9.36, 10.72, 9.86, 1.22, 8.25, 10.63, 1.87, 9.49, 0.72, 0.11, 5.92, 3.44, 9.03, 19.14, 6.71, 4.16, 1.06, 2.05, 0.18, 5.11, 1.44, 12.03, 0.0, 2.53, 15.77, 1.04, 0.19, 3.35, 5.76, 0.37, 14.27, 6.3, 4.77, 5.19, 4.98, 4.17, 3.31, 14.5, 5.54, 3.5, 15.57, 9.98, 5.4, 4.06, 12.03, 6.55, 5.56, 7.61, 0.61, 12.47, 2.84, 2.86, 12.08, 7.29, 4.48, 5.55, 14.56, 7.34, 6.58, 7.28, 0.9, 7.03, 14.05, 9.31, 4.65, 14.83, 12.01, 5.4, 8.32, 2.79, 9.79, 6.41, 4.12, 3.45, 11.49, 2.52, 5.7, 14.84, 5.27, 9.63, 8.31, 12.57, 0.57, 1.34, 3.47, 10.64], [0.99, 10.61, 2.35, 8.62, 2.42, 10.74, 14.64, 2.31, 5.39, 3.3, 3.25, 5.44, 0.8, 2.42, 17.75, 6.64, 0.63, 10.12, 4.32, 10.05, 4.72, 3.34, 4.51, 8.74, 2.16, 0.53, 9.42, 4.41, 4.53, 2.34, 1.92, 1.48, 7.08, 2.8, 1.61, 0.77, 9.45, 0.0, 5.34, 3.85, 8.59, 6.72, 3.08, 7.29, 10.55, 8.56, 11.19, 2.86, 2.79, 6.7, 0.6, 6.85, 2.75, 5.85, 6.32, 7.09, 4.38, 9.09, 9.24, 4.7, 13.55, 1.59, 4.92, 6.52, 1.74, 1.41, 8.87, 9.36, 9.7, 0.67, 13.37, 1.88, 4.2, 1.72, 10.91, 0.91, 3.96, 6.66, 12.34, 7.6, 3.25, 4.26, 0.38, 3.42, 7.89, 12.48, 7.32, 3.95, 1.63, 9.65, 0.87, 7.18, 7.81, 7.16, 5.11, 2.74, 3.92, 4.84, 9.99, 3.8], [5.73, 5.82, 10.78, 15.94, 9.31, 5.54, 13.26, 2.82, 1.72, 8.6, 8.28, 1.95, 2.29, 13.61, 10.5, 2.55, 1.74, 6.46, 9.64, 5.25, 4.93, 2.03, 11.45, 8.52, 13.53, 2.23, 5.58, 2.35, 1.3, 1.38, 4.39, 4.79, 14.6, 4.04, 4.55, 4.19, 13.63, 4.86, 0.0, 16.84, 10.95, 2.57, 4.65, 5.04, 12.79, 5.78, 11.46, 1.59, 1.94, 5.68, 2.44, 5.6, 3.51, 12.78, 1.22, 1.82, 13.8, 7.87, 2.16, 5.12, 15.49, 1.18, 15.78, 6.5, 8.23, 7.66, 3.92, 6.99, 12.4, 0.54, 2.81, 7.05, 6.26, 3.64, 14.79, 8.12, 1.16, 12.43, 13.59, 13.2, 4.88, 2.81, 0.81, 2.35, 11.39, 9.64, 5.11, 1.4, 4.71, 11.15, 2.06, 4.03, 11.42, 15.9, 0.3, 1.98, 14.09, 11.09, 5.74, 4.85], [3.44, 5.85, 10.35, 4.32, 0.34, 3.44, 11.73, 0.64, 6.64, 1.24, 0.74, 10.57, 2.65, 1.74, 3.43, 6.51, 6.71, 0.45, 7.07, 4.8, 3.12, 15.19, 2.94, 0.87, 12.83, 8.21, 2.99, 14.21, 11.2, 4.27, 3.47, 2.29, 2.97, 1.16, 11.2, 1.62, 1.35, 4.66, 6.36, 0.0, 0.69, 0.74, 5.66, 0.2, 3.51, 11.86, 12.16, 3.62, 16.52, 5.83, 5.52, 5.68, 5.76, 2.62, 3.12, 13.07, 1.86, 1.62, 11.09, 6.4, 8.32, 14.89, 1.97, 8.36, 1.8, 0.65, 2.26, 14.4, 8.41, 6.97, 13.91, 1.44, 2.73, 6.19, 1.35, 4.83, 6.44, 9.73, 9.71, 4.21, 9.41, 4.01, 3.33, 13.45, 5.38, 8.0, 6.0, 7.41, 12.96, 4.64, 9.0, 21.57, 2.06, 4.73, 12.07, 12.89, 1.5, 3.63, 11.84, 12.6], [1.77, 3.48, 6.75, 11.35, 2.34, 6.38, 6.28, 0.87, 7.72, 0.57, 1.63, 6.61, 2.39, 1.46, 5.52, 12.73, 7.7, 3.96, 13.27, 3.63, 5.82, 7.31, 3.42, 0.73, 15.29, 2.89, 9.47, 11.93, 1.48, 3.96, 2.29, 4.3, 0.9, 4.4, 10.7, 4.98, 0.95, 3.43, 12.4, 1.65, 0.0, 1.38, 5.35, 0.61, 12.24, 3.09, 14.1, 5.79, 19.19, 12.8, 3.53, 13.29, 8.3, 2.67, 11.78, 8.89, 11.87, 2.86, 5.55, 3.05, 2.5, 13.57, 4.64, 9.87, 6.26, 0.72, 9.9, 9.14, 1.99, 12.41, 6.91, 6.08, 5.14, 6.83, 0.59, 11.59, 14.32, 9.43, 13.79, 3.13, 9.85, 13.27, 8.62, 14.31, 11.07, 7.15, 3.55, 1.54, 9.91, 5.88, 8.54, 12.13, 1.25, 3.91, 14.59, 13.32, 2.1, 3.65, 3.23, 6.53], [3.6, 5.75, 10.73, 4.08, 2.17, 1.96, 12.88, 0.76, 13.3, 0.92, 2.73, 19.2, 2.65, 1.84, 8.26, 16.99, 12.12, 0.87, 4.17, 13.05, 3.53, 2.72, 2.02, 2.23, 13.66, 6.33, 14.28, 16.73, 9.23, 7.71, 4.03, 3.53, 1.95, 4.18, 9.36, 4.63, 3.56, 4.15, 3.48, 0.65, 0.52, 0.0, 5.98, 0.23, 3.8, 8.96, 4.77, 5.59, 7.01, 13.48, 3.19, 4.18, 6.68, 0.47, 13.53, 9.98, 5.85, 2.63, 7.26, 8.81, 3.53, 3.86, 1.51, 12.96, 4.48, 3.69, 7.56, 2.21, 4.04, 15.97, 5.31, 5.55, 7.12, 7.2, 0.41, 6.55, 5.23, 4.98, 10.11, 12.95, 2.78, 4.48, 10.75, 14.43, 1.89, 7.8, 3.83, 15.33, 12.12, 4.85, 5.74, 14.45, 2.59, 5.68, 3.56, 14.15, 2.5, 5.33, 20.37, 2.9], [2.62, 17.3, 6.94, 6.8, 2.61, 6.91, 8.93, 2.0, 8.42, 9.83, 4.26, 2.03, 4.23, 7.13, 11.04, 7.66, 4.75, 3.39, 5.86, 3.87, 7.13, 8.24, 2.1, 3.97, 11.45, 2.75, 3.3, 9.4, 9.22, 8.85, 4.91, 6.53, 1.11, 2.59, 0.8, 2.23, 5.33, 2.63, 4.67, 8.3, 7.51, 1.33, 0.0, 4.64, 4.76, 4.87, 11.62, 4.52, 13.11, 9.53, 2.23, 11.16, 4.85, 11.0, 8.21, 13.92, 2.01, 6.84, 2.85, 2.92, 12.21, 7.42, 4.53, 14.59, 0.98, 4.48, 15.18, 5.35, 11.96, 6.5, 4.04, 3.36, 7.19, 4.46, 10.82, 0.94, 1.92, 11.52, 4.33, 5.17, 5.44, 6.03, 2.45, 6.85, 5.88, 11.41, 7.88, 1.19, 4.67, 4.72, 9.17, 6.04, 10.19, 4.76, 4.09, 5.92, 1.44, 1.73, 1.85, 8.33], [4.4, 10.4, 15.84, 2.17, 1.46, 4.57, 5.8, 2.31, 4.6, 0.4, 0.75, 4.5, 1.66, 0.33, 16.26, 9.89, 3.67, 1.09, 12.26, 12.36, 4.43, 3.47, 0.86, 2.42, 4.19, 6.56, 12.89, 9.18, 11.28, 13.7, 3.22, 2.63, 2.09, 2.89, 10.74, 11.22, 1.6, 5.26, 11.68, 0.89, 1.41, 0.4, 5.24, 0.0, 9.57, 12.43, 11.83, 3.42, 10.03, 16.24, 4.34, 10.05, 9.07, 1.71, 14.58, 5.4, 4.65, 3.57, 3.84, 11.79, 4.06, 16.53, 3.71, 10.46, 5.07, 3.21, 3.76, 11.67, 7.63, 13.46, 13.38, 4.28, 5.08, 11.78, 1.77, 11.25, 11.9, 7.21, 6.31, 8.96, 11.43, 5.12, 10.12, 15.56, 1.93, 1.92, 8.7, 5.6, 13.85, 3.61, 4.41, 11.18, 6.19, 3.19, 8.87, 2.41, 0.8, 0.77, 2.4, 6.03], [2.06, 6.16, 7.32, 2.37, 15.28, 7.92, 2.16, 8.11, 5.6, 9.26, 15.56, 7.75, 13.35, 6.28, 0.87, 3.5, 4.09, 11.28, 6.87, 3.22, 2.59, 19.23, 7.89, 7.98, 3.74, 16.72, 3.54, 4.64, 10.27, 18.65, 7.94, 7.43, 4.81, 5.41, 10.09, 10.21, 4.62, 8.42, 12.01, 9.29, 13.71, 10.76, 13.89, 9.04, 0.0, 5.41, 1.62, 1.14, 9.28, 1.28, 11.16, 3.95, 2.18, 13.11, 13.22, 3.46, 2.77, 10.74, 23.76, 12.4, 3.16, 14.97, 3.9, 5.23, 11.06, 16.15, 0.95, 3.95, 4.03, 3.55, 0.91, 3.56, 7.79, 10.02, 10.85, 17.59, 14.31, 0.72, 1.46, 2.12, 11.89, 4.42, 14.06, 6.23, 2.06, 7.14, 5.46, 17.96, 21.51, 8.66, 11.02, 11.08, 9.48, 2.09, 18.37, 10.72, 8.91, 15.8, 13.05, 1.58], [7.61, 2.4, 3.26, 3.16, 10.28, 2.33, 1.3, 5.28, 0.9, 1.78, 14.04, 5.9, 11.14, 2.73, 2.53, 5.18, 11.09, 7.84, 1.4, 0.5, 5.03, 1.6, 8.95, 2.57, 0.49, 2.56, 19.48, 5.11, 2.27, 6.37, 3.55, 3.94, 4.58, 8.95, 10.22, 11.44, 4.99, 2.83, 2.42, 12.72, 14.37, 2.13, 3.22, 12.46, 4.01, 0.0, 2.67, 3.91, 9.44, 1.28, 9.61, 0.46, 7.11, 11.21, 2.33, 2.14, 3.41, 11.43, 6.28, 13.25, 8.45, 6.79, 6.7, 6.93, 7.01, 9.87, 6.57, 1.49, 5.89, 4.52, 4.67, 7.3, 0.87, 11.31, 7.04, 14.54, 3.51, 2.27, 2.63, 1.6, 1.54, 2.89, 8.29, 4.07, 4.21, 5.26, 4.81, 3.61, 15.58, 5.53, 2.21, 6.41, 8.77, 2.71, 3.52, 7.32, 3.84, 11.61, 9.34, 6.09], [11.31, 7.01, 6.98, 1.88, 3.3, 2.22, 2.32, 3.28, 2.71, 4.9, 7.29, 7.79, 5.2, 2.62, 2.53, 1.51, 8.32, 5.47, 4.84, 7.12, 2.84, 6.4, 5.77, 8.38, 1.46, 3.25, 5.01, 4.65, 8.72, 17.22, 2.91, 7.53, 10.22, 2.35, 15.96, 16.27, 10.11, 3.99, 15.9, 10.42, 3.69, 10.53, 13.36, 9.79, 2.27, 3.68, 0.0, 4.94, 3.49, 5.69, 10.69, 1.94, 4.78, 3.61, 6.94, 1.85, 0.85, 12.43, 17.28, 3.78, 2.68, 3.85, 4.59, 1.94, 9.2, 4.84, 1.02, 2.15, 1.61, 11.41, 1.73, 6.38, 5.28, 13.78, 11.2, 16.19, 11.59, 1.69, 0.17, 2.36, 6.35, 8.09, 12.99, 8.33, 0.75, 3.64, 2.05, 4.2, 11.95, 4.72, 1.51, 9.17, 1.67, 4.28, 12.47, 4.83, 3.48, 13.25, 3.17, 4.95], [6.11, 7.47, 5.69, 5.63, 0.86, 1.6, 8.8, 0.36, 2.29, 1.09, 2.99, 13.38, 3.86, 1.37, 2.53, 8.31, 8.59, 1.39, 3.31, 4.59, 2.53, 4.69, 1.56, 5.98, 5.44, 5.57, 2.39, 4.55, 4.04, 15.0, 2.05, 2.57, 7.11, 3.83, 3.59, 4.64, 7.81, 9.22, 1.73, 1.88, 5.0, 4.01, 5.8, 3.6, 5.64, 6.08, 1.74, 0.0, 4.62, 1.32, 2.5, 10.38, 1.06, 2.66, 2.9, 6.96, 5.59, 4.07, 3.43, 11.67, 4.07, 9.39, 1.53, 3.79, 3.16, 3.83, 6.6, 7.9, 3.25, 7.99, 7.05, 8.32, 5.13, 11.68, 1.64, 8.11, 2.57, 2.89, 1.62, 4.41, 9.37, 12.35, 7.49, 5.36, 3.07, 0.91, 2.87, 10.46, 11.05, 0.81, 3.86, 8.58, 0.43, 1.44, 11.19, 12.49, 1.52, 6.78, 7.82, 3.98], [5.52, 1.69, 1.48, 12.69, 9.64, 2.73, 15.86, 12.48, 6.38, 14.35, 10.83, 0.51, 6.23, 14.78, 9.55, 2.87, 7.57, 10.75, 6.16, 5.22, 10.89, 1.24, 6.59, 15.72, 2.71, 10.08, 4.42, 2.36, 4.58, 4.57, 2.41, 2.77, 13.81, 2.98, 9.11, 4.26, 2.86, 4.53, 1.07, 15.68, 2.6, 17.95, 1.94, 10.1, 8.16, 10.45, 6.98, 1.82, 0.0, 1.48, 2.75, 10.94, 3.2, 14.5, 4.46, 10.51, 7.2, 18.19, 8.77, 10.44, 18.9, 1.13, 17.12, 3.08, 9.88, 6.92, 15.96, 14.2, 11.32, 2.87, 17.55, 7.18, 6.03, 6.91, 6.72, 7.59, 2.89, 10.42, 14.17, 10.8, 2.26, 2.39, 6.32, 1.2, 12.27, 2.58, 5.74, 6.35, 5.95, 14.03, 6.83, 0.64, 10.39, 14.84, 2.75, 0.74, 12.55, 9.86, 1.48, 4.97], [6.41, 3.32, 1.86, 5.65, 6.25, 2.44, 2.5, 8.69, 1.76, 2.11, 2.52, 2.04, 6.06, 3.68, 10.78, 3.48, 1.95, 10.64, 0.73, 0.77, 11.66, 4.42, 10.17, 4.86, 3.9, 12.14, 6.46, 0.88, 5.83, 1.27, 12.39, 9.4, 2.5, 7.24, 9.96, 11.62, 3.67, 1.73, 9.28, 7.57, 12.78, 13.34, 5.8, 8.14, 3.34, 1.09, 1.51, 7.29, 6.61, 0.0, 8.49, 1.31, 4.74, 9.6, 3.79, 1.25, 4.67, 6.99, 11.98, 11.59, 8.44, 5.0, 5.91, 4.05, 4.54, 3.27, 5.66, 1.7, 8.58, 4.42, 2.49, 13.17, 3.49, 7.26, 11.12, 14.42, 1.22, 4.06, 1.58, 2.2, 0.76, 1.34, 3.97, 1.58, 1.69, 6.89, 3.68, 6.14, 4.57, 10.97, 3.08, 8.6, 2.54, 3.17, 5.05, 6.33, 12.72, 5.38, 6.51, 1.61], [0.27, 4.28, 2.44, 6.97, 3.18, 8.91, 3.96, 4.29, 3.65, 2.71, 5.86, 5.04, 2.84, 10.22, 17.0, 2.48, 0.51, 5.27, 6.01, 5.68, 4.13, 2.93, 3.25, 4.5, 5.37, 0.82, 7.52, 13.0, 4.29, 4.97, 0.9, 1.71, 5.58, 2.88, 1.93, 4.7, 6.04, 0.51, 3.76, 1.58, 8.97, 10.42, 3.48, 4.4, 13.93, 11.36, 12.75, 8.01, 5.88, 2.09, 0.0, 11.43, 2.01, 10.13, 1.64, 10.77, 6.45, 11.32, 2.71, 3.31, 2.06, 4.9, 2.38, 8.93, 2.74, 3.02, 9.07, 5.68, 3.85, 2.79, 17.53, 2.19, 4.63, 1.75, 10.56, 1.35, 1.13, 1.89, 6.98, 2.63, 2.87, 1.97, 2.11, 2.48, 1.26, 8.59, 8.23, 1.76, 1.7, 6.04, 3.11, 6.61, 5.72, 8.95, 4.57, 7.01, 2.59, 1.41, 8.54, 3.39], [6.76, 4.06, 2.91, 1.35, 14.67, 4.65, 0.47, 3.52, 0.35, 9.21, 12.72, 8.39, 12.9, 7.39, 5.58, 4.73, 12.85, 10.14, 1.89, 1.39, 9.97, 12.14, 4.48, 11.32, 0.58, 3.83, 3.16, 2.4, 2.11, 11.98, 1.8, 2.17, 14.04, 10.56, 4.46, 11.23, 13.58, 5.87, 13.47, 8.92, 16.87, 8.52, 17.36, 2.95, 1.07, 0.89, 6.2, 3.96, 5.94, 0.39, 12.87, 0.0, 6.52, 14.3, 1.59, 1.58, 0.67, 4.16, 19.83, 17.48, 2.32, 9.65, 11.7, 5.03, 11.71, 13.78, 7.55, 1.51, 6.13, 9.51, 2.02, 16.21, 3.83, 8.98, 7.84, 16.4, 9.28, 3.92, 1.77, 3.16, 5.8, 3.68, 9.11, 5.5, 6.82, 5.16, 1.26, 7.44, 18.07, 1.99, 5.79, 9.44, 5.44, 1.76, 6.52, 8.91, 13.95, 6.81, 3.99, 1.73], [0.84, 7.71, 2.67, 3.99, 3.72, 2.44, 2.26, 1.17, 5.68, 9.2, 3.96, 9.2, 0.75, 4.38, 8.27, 5.52, 2.31, 1.87, 0.68, 6.76, 6.95, 8.31, 2.33, 4.98, 0.92, 1.15, 13.63, 1.07, 2.34, 7.2, 3.64, 2.66, 9.38, 1.42, 2.58, 9.93, 8.92, 2.37, 7.34, 9.18, 4.78, 9.21, 5.7, 4.88, 9.59, 3.98, 7.84, 4.94, 2.74, 5.43, 3.47, 5.34, 0.0, 10.31, 4.39, 5.39, 5.85, 2.8, 2.04, 5.86, 9.11, 2.72, 5.81, 6.37, 3.02, 1.67, 9.64, 3.26, 4.86, 2.46, 11.8, 5.19, 0.86, 5.02, 6.84, 1.66, 6.19, 6.06, 8.28, 8.66, 1.98, 7.97, 2.95, 5.65, 1.66, 3.89, 2.38, 5.59, 4.33, 2.75, 2.19, 9.07, 3.98, 2.11, 7.6, 2.36, 5.91, 3.32, 7.04, 0.46], [12.25, 7.38, 18.05, 3.08, 4.11, 3.02, 10.4, 1.95, 7.69, 2.17, 2.97, 17.0, 1.97, 0.21, 4.79, 11.17, 4.01, 3.58, 15.79, 16.18, 1.19, 16.96, 3.32, 4.57, 14.3, 8.74, 14.91, 8.54, 9.51, 16.83, 6.32, 2.97, 4.27, 5.28, 15.23, 13.04, 2.75, 9.46, 6.12, 3.0, 2.77, 1.81, 6.37, 1.31, 7.09, 15.79, 10.89, 4.36, 20.51, 4.95, 8.9, 16.43, 11.6, 0.0, 2.15, 8.11, 11.82, 0.1, 5.59, 1.83, 8.15, 12.47, 1.0, 11.95, 6.18, 5.81, 5.08, 3.94, 8.8, 7.89, 3.08, 10.14, 4.38, 10.15, 0.22, 1.92, 2.64, 1.55, 12.36, 9.74, 5.51, 5.59, 9.34, 16.75, 3.47, 3.69, 1.62, 4.23, 15.76, 2.9, 5.42, 16.72, 5.21, 8.03, 20.3, 10.3, 2.83, 2.46, 19.92, 14.66], [4.33, 2.28, 1.33, 4.39, 13.64, 4.21, 4.05, 1.27, 2.05, 10.16, 4.47, 4.43, 3.2, 2.87, 13.58, 0.92, 4.13, 9.37, 1.61, 3.04, 10.72, 8.24, 5.59, 16.12, 3.88, 9.31, 10.53, 1.51, 2.25, 4.75, 12.31, 9.3, 7.44, 9.13, 8.19, 5.6, 12.69, 3.69, 2.38, 14.19, 15.64, 2.85, 4.29, 3.58, 2.63, 7.08, 3.22, 9.85, 2.26, 3.18, 5.76, 0.96, 2.16, 16.58, 0.0, 2.64, 1.89, 16.48, 14.79, 7.56, 13.18, 1.21, 2.42, 3.1, 11.07, 8.28, 7.89, 6.88, 5.81, 0.98, 5.83, 8.09, 3.61, 7.82, 15.91, 2.29, 2.76, 1.39, 3.99, 8.72, 0.9, 5.37, 2.35, 1.2, 4.85, 9.1, 4.73, 2.95, 8.02, 12.21, 2.68, 3.02, 10.01, 9.04, 1.13, 2.14, 4.21, 1.89, 2.89, 3.08], [3.89, 2.89, 1.97, 0.67, 6.36, 6.05, 2.63, 4.74, 0.95, 3.91, 12.42, 8.18, 11.08, 10.82, 2.79, 9.05, 7.33, 1.13, 1.41, 1.83, 3.39, 5.8, 6.66, 9.98, 0.7, 9.17, 4.12, 6.45, 8.84, 14.72, 12.01, 3.23, 13.61, 2.51, 5.43, 15.79, 6.7, 4.53, 6.58, 8.71, 6.57, 11.01, 5.26, 8.73, 3.64, 1.0, 2.14, 4.38, 6.27, 4.45, 6.81, 3.06, 1.23, 8.76, 5.53, 0.0, 1.88, 5.99, 8.84, 11.5, 1.12, 9.24, 3.68, 5.36, 13.91, 3.88, 1.81, 2.59, 3.19, 3.68, 6.18, 5.94, 1.67, 1.96, 12.7, 11.57, 6.84, 2.06, 2.35, 2.26, 3.45, 7.43, 4.14, 5.05, 1.41, 1.86, 2.16, 7.69, 17.31, 8.48, 1.91, 5.54, 3.54, 6.03, 10.52, 4.54, 4.56, 9.67, 8.99, 7.42], [4.54, 2.71, 8.51, 1.01, 3.99, 5.42, 2.09, 6.54, 3.99, 2.07, 3.38, 13.82, 9.8, 10.97, 1.98, 4.63, 5.27, 7.69, 3.19, 6.13, 1.15, 12.38, 2.85, 13.32, 2.12, 11.26, 20.56, 2.31, 7.25, 6.05, 11.13, 6.94, 4.0, 1.48, 16.02, 12.26, 12.29, 8.75, 15.04, 11.59, 8.08, 3.79, 6.42, 5.79, 0.96, 4.42, 0.41, 1.15, 8.28, 4.05, 7.6, 4.76, 2.52, 10.71, 4.61, 2.92, 0.0, 11.66, 8.36, 9.9, 4.33, 8.06, 6.8, 10.6, 2.86, 3.71, 2.56, 4.39, 1.76, 10.79, 4.3, 7.7, 8.05, 13.81, 1.39, 10.21, 5.15, 1.39, 0.0, 2.93, 11.31, 13.7, 2.94, 5.77, 2.15, 1.83, 0.78, 10.22, 11.45, 1.26, 1.66, 9.94, 0.65, 0.66, 9.07, 11.82, 9.56, 4.2, 1.79, 6.72], [4.89, 17.2, 7.69, 1.94, 2.93, 0.95, 3.14, 4.06, 9.71, 0.43, 1.29, 20.81, 1.51, 0.2, 8.15, 11.82, 1.83, 2.25, 11.33, 9.8, 1.91, 9.47, 6.9, 5.78, 2.61, 10.86, 11.88, 7.74, 7.89, 3.18, 2.39, 1.85, 2.09, 6.2, 2.46, 11.82, 2.57, 13.16, 10.95, 0.85, 2.19, 3.14, 7.1, 1.24, 16.45, 10.83, 6.24, 4.48, 2.67, 8.72, 10.29, 11.93, 10.98, 0.78, 7.51, 1.55, 5.98, 0.0, 6.28, 7.43, 1.21, 17.37, 4.15, 20.61, 6.6, 6.92, 9.43, 7.29, 5.51, 9.9, 3.11, 5.35, 14.36, 7.47, 1.99, 11.99, 15.49, 5.68, 5.84, 7.77, 1.98, 6.98, 6.87, 8.78, 1.95, 3.84, 7.74, 9.64, 5.6, 5.19, 5.46, 10.68, 2.79, 3.45, 5.8, 14.04, 3.22, 5.47, 19.83, 15.46], [6.72, 9.04, 8.68, 10.58, 5.74, 17.79, 14.81, 13.17, 16.15, 14.55, 2.37, 6.06, 8.88, 2.29, 2.99, 7.94, 4.11, 7.69, 6.42, 20.33, 15.3, 6.15, 7.09, 3.43, 20.98, 7.63, 0.21, 7.9, 6.09, 10.16, 9.69, 6.26, 4.63, 11.91, 6.15, 0.7, 12.99, 9.78, 9.8, 4.01, 1.84, 12.27, 7.26, 11.42, 25.67, 14.73, 16.07, 17.04, 9.57, 4.12, 9.89, 11.23, 2.97, 15.02, 8.94, 20.36, 17.4, 16.47, 0.0, 1.11, 4.34, 6.11, 10.6, 5.57, 7.86, 5.17, 15.56, 14.12, 5.45, 7.93, 6.98, 1.04, 15.4, 2.05, 11.37, 1.68, 3.81, 16.05, 11.21, 20.12, 11.03, 2.34, 6.18, 12.66, 11.53, 3.92, 16.32, 8.87, 3.51, 4.68, 6.8, 8.73, 14.49, 10.93, 4.27, 8.12, 10.55, 11.09, 17.1, 9.1], [0.85, 4.29, 6.08, 6.77, 4.89, 7.0, 2.31, 1.4, 3.84, 6.13, 7.49, 2.95, 5.74, 4.9, 12.1, 1.55, 1.59, 10.91, 13.92, 3.67, 11.12, 5.37, 5.13, 7.3, 10.07, 3.58, 1.91, 9.94, 1.47, 5.86, 3.57, 11.64, 2.11, 1.48, 1.11, 3.79, 3.27, 3.62, 7.4, 5.5, 8.39, 4.11, 1.73, 8.29, 2.27, 3.53, 1.95, 4.45, 3.94, 9.93, 3.96, 3.86, 6.13, 13.75, 6.11, 15.85, 4.63, 4.76, 4.31, 0.0, 14.62, 6.45, 5.62, 12.29, 1.15, 2.57, 19.05, 7.32, 5.21, 3.85, 5.68, 0.69, 4.61, 1.09, 12.75, 2.32, 5.94, 9.67, 4.06, 8.08, 5.74, 3.72, 0.74, 8.94, 8.45, 15.56, 9.46, 3.29, 1.53, 8.51, 2.36, 16.17, 10.26, 3.96, 3.61, 7.83, 9.51, 1.98, 14.79, 4.08], [8.78, 13.6, 11.18, 2.63, 6.9, 1.61, 7.95, 4.0, 8.53, 5.41, 1.79, 3.79, 5.03, 4.97, 6.49, 6.66, 7.29, 2.78, 8.27, 3.14, 1.32, 7.74, 1.76, 9.31, 1.44, 5.62, 14.95, 14.0, 6.82, 8.91, 7.75, 6.45, 7.8, 8.95, 8.14, 9.63, 9.31, 4.62, 13.73, 7.61, 5.01, 3.54, 6.39, 8.6, 2.94, 10.0, 4.35, 2.66, 7.07, 10.07, 11.79, 5.11, 3.14, 1.15, 1.66, 6.31, 1.31, 7.08, 4.32, 7.16, 0.0, 15.35, 4.9, 7.74, 12.1, 4.39, 5.14, 1.22, 3.59, 15.35, 3.06, 5.92, 8.28, 2.42, 3.02, 16.12, 6.66, 3.09, 2.37, 6.35, 3.09, 4.55, 7.12, 12.78, 1.56, 0.67, 0.88, 9.19, 20.04, 1.26, 8.1, 2.63, 1.39, 0.24, 3.59, 9.67, 1.02, 7.66, 18.62, 8.52], [3.25, 8.33, 8.95, 3.49, 2.62, 11.45, 15.44, 11.29, 13.5, 14.74, 5.31, 0.78, 9.69, 2.45, 4.03, 2.0, 6.69, 13.56, 4.12, 2.99, 6.6, 1.92, 8.13, 12.3, 9.88, 5.02, 5.73, 8.75, 1.41, 0.78, 5.47, 7.73, 10.65, 5.21, 5.6, 2.95, 15.0, 3.2, 1.26, 13.18, 13.78, 17.2, 6.26, 10.3, 17.77, 5.05, 11.42, 7.11, 0.33, 6.7, 3.47, 5.71, 3.78, 8.24, 3.56, 9.28, 11.53, 18.52, 3.94, 1.26, 16.04, 0.0, 1.84, 4.06, 1.69, 3.91, 14.45, 4.53, 3.38, 0.61, 6.39, 7.89, 8.22, 2.53, 15.5, 1.46, 2.64, 6.96, 10.64, 10.78, 2.01, 5.08, 2.7, 6.17, 6.73, 2.11, 3.1, 2.58, 6.02, 5.24, 4.24, 5.23, 7.98, 14.28, 0.0, 1.7, 11.42, 11.82, 5.91, 4.2], [6.52, 7.42, 4.49, 11.6, 2.57, 1.04, 8.14, 2.75, 1.39, 1.97, 1.17, 14.73, 2.74, 2.48, 8.37, 9.57, 9.47, 0.53, 1.27, 4.31, 2.96, 2.77, 0.83, 6.28, 5.58, 8.67, 9.42, 5.12, 3.76, 15.18, 2.31, 0.87, 5.11, 1.94, 9.31, 2.01, 4.32, 6.45, 14.12, 0.87, 2.83, 2.02, 3.16, 0.72, 9.04, 10.12, 7.76, 2.54, 15.15, 8.06, 6.0, 1.87, 5.36, 4.68, 13.08, 6.48, 3.28, 4.56, 13.77, 2.11, 3.99, 16.44, 0.0, 10.17, 8.16, 1.08, 4.38, 6.94, 3.54, 14.02, 12.3, 9.41, 7.37, 7.06, 2.52, 4.94, 12.84, 3.1, 3.23, 5.59, 10.08, 10.09, 9.94, 9.51, 4.48, 0.89, 4.45, 4.84, 7.69, 0.26, 5.43, 17.62, 2.7, 2.68, 1.96, 5.73, 1.95, 1.74, 10.26, 4.0], [11.06, 0.77, 3.34, 10.15, 16.05, 15.01, 3.88, 5.92, 5.18, 5.82, 7.93, 5.43, 13.17, 9.19, 6.33, 2.11, 9.35, 12.13, 6.25, 2.03, 11.22, 2.25, 6.95, 17.84, 1.16, 13.87, 10.9, 1.05, 2.06, 8.82, 5.39, 14.66, 2.87, 6.25, 11.01, 6.09, 18.8, 4.72, 3.86, 16.33, 6.35, 11.96, 3.34, 3.09, 5.15, 1.28, 13.69, 5.11, 2.04, 4.87, 7.85, 0.9, 7.1, 12.02, 2.6, 4.06, 1.69, 13.43, 4.48, 4.51, 12.83, 1.79, 7.53, 0.0, 3.72, 15.04, 6.22, 8.25, 11.54, 2.02, 10.62, 13.42, 4.95, 7.72, 4.36, 7.61, 3.59, 6.11, 10.85, 9.51, 3.7, 1.17, 3.23, 0.66, 12.28, 12.89, 9.52, 6.61, 6.38, 14.21, 4.92, 1.01, 6.86, 13.45, 1.03, 2.86, 5.06, 9.16, 1.12, 2.61], [3.51, 14.69, 3.59, 14.2, 0.62, 7.66, 7.41, 6.15, 7.77, 7.15, 2.23, 11.01, 4.28, 3.03, 6.87, 11.5, 3.42, 3.39, 8.18, 8.67, 4.14, 2.84, 1.88, 4.81, 12.87, 0.94, 7.32, 3.42, 7.32, 3.9, 2.5, 4.01, 5.22, 2.28, 2.27, 2.49, 3.46, 1.46, 10.35, 3.57, 4.64, 6.42, 1.45, 7.92, 8.28, 8.4, 5.39, 4.37, 8.78, 9.32, 1.34, 6.22, 6.84, 5.92, 2.23, 2.33, 4.62, 4.75, 5.76, 3.94, 5.61, 8.14, 2.64, 4.95, 0.0, 1.3, 14.11, 10.01, 10.85, 4.82, 19.04, 0.64, 7.23, 5.02, 8.11, 2.22, 8.33, 3.6, 7.85, 5.02, 8.83, 6.68, 3.06, 8.46, 6.77, 8.94, 7.23, 4.91, 2.04, 6.51, 8.07, 9.72, 9.23, 1.42, 4.53, 11.59, 6.24, 1.63, 4.87, 4.03], [1.36, 12.78, 3.19, 12.9, 0.83, 6.79, 12.49, 3.89, 11.49, 2.96, 1.96, 8.3, 0.37, 6.55, 15.23, 8.62, 4.21, 0.66, 2.18, 4.29, 2.86, 4.81, 0.52, 4.86, 3.54, 1.01, 11.01, 14.75, 6.83, 6.4, 0.45, 4.3, 0.72, 2.29, 5.67, 7.43, 2.45, 4.65, 1.55, 2.43, 1.74, 2.76, 4.16, 0.93, 3.82, 11.4, 6.87, 2.72, 10.77, 1.85, 4.12, 14.6, 3.83, 3.37, 3.66, 5.93, 10.78, 8.4, 11.47, 6.96, 6.07, 10.38, 5.0, 8.68, 2.65, 0.0, 6.02, 14.84, 5.9, 1.73, 11.21, 3.99, 5.23, 5.85, 6.33, 9.37, 9.97, 10.37, 9.7, 12.5, 7.95, 10.17, 2.88, 1.49, 2.23, 2.56, 5.54, 5.27, 5.69, 3.9, 3.59, 8.32, 6.45, 2.35, 3.59, 9.14, 2.7, 0.89, 12.37, 8.6], [6.07, 13.54, 3.04, 1.91, 2.85, 8.52, 1.89, 1.93, 5.66, 6.1, 3.8, 2.62, 8.61, 13.32, 1.48, 5.82, 4.2, 5.23, 3.77, 3.59, 9.15, 5.08, 6.92, 8.69, 3.58, 3.04, 8.75, 3.86, 10.07, 2.31, 14.09, 7.83, 5.5, 11.44, 6.39, 8.89, 4.55, 4.3, 18.2, 9.08, 10.47, 12.17, 3.13, 5.63, 2.17, 7.9, 0.98, 8.49, 16.68, 8.36, 14.46, 4.48, 10.47, 7.83, 2.55, 2.32, 0.46, 6.66, 4.36, 18.96, 4.27, 7.14, 10.79, 11.67, 5.39, 11.38, 0.0, 5.05, 0.8, 11.91, 0.26, 8.92, 2.49, 2.69, 4.57, 13.71, 15.31, 0.62, 0.95, 2.43, 10.39, 13.45, 7.28, 3.75, 5.44, 3.0, 4.1, 19.29, 12.42, 5.97, 7.67, 11.47, 1.61, 2.91, 2.22, 3.04, 6.19, 7.23, 4.2, 2.41], [13.6, 7.85, 3.35, 0.61, 8.97, 2.63, 0.47, 1.84, 1.6, 10.31, 13.41, 10.16, 3.09, 14.13, 2.22, 5.71, 10.38, 8.56, 1.62, 2.53, 1.65, 9.04, 9.41, 13.42, 0.86, 10.49, 23.28, 6.77, 5.81, 12.51, 3.83, 12.9, 7.0, 3.95, 10.19, 5.77, 14.95, 3.31, 6.65, 11.73, 12.14, 12.63, 12.87, 16.42, 1.47, 0.84, 0.88, 3.2, 10.99, 1.83, 4.95, 1.02, 3.8, 17.04, 1.52, 0.79, 2.27, 6.96, 19.39, 19.4, 3.4, 11.42, 11.17, 2.55, 16.59, 13.8, 1.45, 0.0, 6.13, 3.4, 5.4, 11.9, 5.47, 15.7, 6.62, 5.39, 8.93, 1.67, 3.6, 1.79, 5.69, 17.26, 2.9, 6.83, 5.93, 7.05, 6.24, 13.35, 10.91, 9.57, 5.94, 2.56, 1.73, 1.35, 5.04, 6.56, 8.27, 14.58, 9.18, 7.45], [5.5, 5.99, 8.24, 3.86, 1.22, 3.56, 3.01, 4.59, 1.1, 3.45, 5.39, 16.04, 4.62, 9.71, 5.99, 12.95, 4.11, 5.81, 4.74, 3.24, 2.64, 3.31, 7.34, 8.24, 4.49, 7.77, 16.75, 8.79, 2.46, 10.71, 7.09, 5.37, 8.28, 0.99, 3.49, 15.95, 4.55, 3.27, 2.02, 9.49, 10.09, 2.56, 9.43, 4.14, 4.61, 6.24, 1.04, 1.58, 9.98, 6.83, 2.29, 6.84, 7.57, 10.25, 8.7, 1.4, 1.61, 4.92, 20.3, 16.37, 2.86, 5.96, 0.92, 5.16, 3.2, 7.33, 4.93, 6.03, 0.0, 14.72, 5.54, 16.13, 6.2, 4.41, 9.69, 17.98, 6.97, 0.42, 1.08, 1.86, 7.34, 8.88, 10.54, 4.73, 0.89, 0.89, 1.19, 9.09, 15.59, 0.87, 3.6, 9.99, 2.23, 1.01, 16.44, 6.28, 3.62, 8.84, 2.46, 9.09], [4.41, 5.98, 6.06, 15.08, 7.88, 12.81, 4.43, 5.12, 4.39, 13.78, 5.89, 3.2, 2.8, 9.25, 2.86, 2.38, 0.98, 5.97, 8.01, 4.19, 14.13, 0.52, 6.15, 3.81, 10.96, 4.68, 8.71, 6.85, 4.73, 0.23, 11.56, 3.95, 4.41, 5.73, 1.9, 2.66, 3.84, 3.11, 1.52, 1.8, 9.07, 9.11, 8.42, 7.69, 7.92, 10.21, 1.97, 3.98, 4.65, 3.65, 5.44, 8.9, 4.95, 13.31, 2.71, 3.83, 7.82, 12.42, 7.76, 6.82, 17.96, 0.68, 6.06, 3.76, 3.13, 8.19, 12.0, 13.62, 2.04, 0.0, 2.82, 4.76, 4.39, 2.03, 16.39, 1.23, 0.9, 11.24, 13.9, 7.99, 3.65, 0.69, 3.93, 3.89, 7.8, 10.21, 8.86, 0.78, 2.84, 3.62, 1.76, 0.94, 13.31, 3.94, 2.41, 1.18, 2.59, 8.06, 1.24, 3.31], [8.63, 8.39, 2.56, 4.31, 6.58, 5.55, 3.73, 11.5, 4.87, 7.28, 3.6, 5.23, 13.7, 3.37, 0.0, 15.48, 5.83, 12.21, 5.59, 3.9, 8.71, 8.42, 4.25, 6.33, 4.43, 18.09, 13.96, 9.69, 12.45, 19.82, 2.81, 2.3, 2.41, 5.55, 10.77, 7.65, 12.34, 2.05, 2.82, 15.95, 13.24, 9.64, 15.33, 2.01, 0.23, 5.08, 1.45, 8.26, 16.23, 3.1, 10.5, 7.51, 6.96, 1.94, 8.09, 4.53, 3.11, 3.67, 12.71, 15.29, 7.49, 6.5, 13.54, 3.86, 9.39, 3.32, 0.96, 4.53, 6.47, 13.97, 0.0, 17.26, 1.92, 5.91, 4.55, 4.96, 2.15, 2.73, 1.41, 1.52, 2.21, 16.1, 11.77, 4.99, 5.8, 1.53, 4.65, 11.93, 13.9, 8.57, 4.71, 14.25, 2.53, 4.15, 5.12, 12.21, 5.97, 15.57, 17.66, 2.55], [0.78, 10.46, 5.02, 4.8, 9.73, 6.22, 18.72, 10.74, 2.88, 9.05, 3.15, 2.29, 1.58, 3.33, 19.62, 6.38, 1.96, 3.98, 11.27, 5.55, 7.28, 2.74, 1.25, 4.48, 7.96, 3.63, 0.88, 3.05, 4.47, 6.61, 3.9, 11.1, 5.18, 4.14, 0.99, 1.33, 7.23, 1.39, 5.96, 1.34, 2.33, 3.34, 2.12, 1.94, 2.84, 1.64, 15.2, 5.11, 8.39, 4.35, 1.02, 6.85, 1.11, 8.53, 7.44, 11.21, 16.1, 7.91, 4.86, 1.34, 14.09, 5.79, 6.11, 2.44, 1.56, 3.56, 14.95, 8.32, 2.23, 4.13, 14.3, 0.0, 9.67, 0.88, 8.23, 1.68, 5.61, 7.89, 3.26, 14.49, 6.65, 1.7, 4.21, 9.91, 5.76, 8.64, 14.38, 3.43, 1.09, 6.45, 8.54, 1.56, 1.63, 9.8, 6.5, 9.14, 7.73, 6.36, 13.83, 2.66], [0.77, 7.38, 1.87, 1.8, 5.9, 3.55, 5.19, 1.17, 0.9, 8.09, 2.82, 2.55, 4.0, 8.92, 12.17, 2.24, 1.36, 5.77, 2.78, 1.07, 2.75, 8.58, 3.77, 1.52, 4.98, 7.02, 5.75, 7.19, 2.71, 8.09, 5.9, 8.16, 6.97, 1.62, 6.35, 7.92, 11.51, 2.04, 4.32, 6.56, 7.1, 9.49, 3.17, 11.62, 4.76, 0.83, 8.02, 5.17, 7.3, 3.1, 1.05, 6.17, 0.62, 14.05, 0.65, 6.27, 2.8, 11.6, 5.3, 9.6, 4.32, 7.23, 5.56, 7.47, 6.54, 7.69, 5.76, 6.42, 1.34, 2.24, 9.94, 3.19, 0.0, 2.5, 4.44, 11.71, 4.11, 4.23, 4.76, 2.39, 0.61, 2.11, 3.68, 0.9, 2.81, 8.14, 2.21, 1.82, 9.14, 7.82, 1.0, 10.07, 7.38, 2.4, 3.06, 3.3, 3.18, 7.24, 7.93, 1.11], [1.56, 2.04, 10.56, 9.23, 9.01, 8.65, 10.42, 4.56, 3.31, 7.14, 6.89, 3.9, 6.87, 14.68, 17.37, 1.64, 1.17, 12.46, 12.5, 3.18, 5.02, 1.86, 7.37, 8.9, 2.09, 2.98, 4.41, 1.56, 3.86, 4.77, 4.28, 11.49, 3.19, 3.56, 0.29, 2.77, 10.64, 0.52, 4.44, 2.99, 9.93, 5.3, 1.44, 5.38, 3.43, 9.18, 6.29, 4.95, 8.39, 11.07, 0.83, 3.23, 4.1, 10.0, 5.05, 5.51, 7.35, 13.09, 3.87, 3.05, 2.34, 2.43, 6.32, 2.93, 1.66, 6.99, 18.93, 11.47, 9.77, 1.78, 20.47, 0.43, 1.58, 0.0, 9.31, 2.07, 1.23, 2.79, 1.76, 10.64, 1.01, 1.74, 0.92, 6.88, 10.43, 13.58, 9.57, 0.25, 0.95, 9.69, 3.55, 7.86, 11.55, 15.37, 6.05, 6.19, 4.99, 5.55, 11.06, 5.74], [7.06, 12.8, 5.71, 4.37, 2.79, 5.29, 3.44, 3.61, 5.86, 1.25, 1.96, 2.3, 4.71, 0.41, 12.77, 15.29, 3.31, 1.89, 11.36, 9.49, 3.01, 7.38, 4.84, 3.14, 11.7, 9.7, 16.54, 12.98, 11.18, 12.63, 3.37, 0.53, 3.55, 5.52, 10.67, 11.28, 1.46, 2.98, 10.62, 1.03, 1.29, 0.83, 2.61, 0.44, 7.07, 11.4, 5.93, 2.59, 3.09, 15.86, 1.24, 8.87, 5.14, 0.8, 17.19, 10.52, 8.11, 0.57, 5.73, 11.92, 0.91, 12.97, 3.32, 8.55, 7.37, 4.44, 3.92, 9.13, 3.21, 8.94, 10.51, 5.54, 9.4, 14.36, 0.0, 3.96, 7.58, 8.33, 5.9, 11.33, 14.46, 14.34, 2.62, 4.64, 3.9, 1.37, 1.84, 10.7, 4.97, 4.55, 12.06, 15.09, 5.2, 3.09, 4.36, 6.43, 0.95, 6.79, 13.13, 14.1], [2.37, 15.78, 8.34, 11.58, 5.48, 6.75, 19.65, 10.04, 10.45, 5.35, 10.61, 8.21, 6.28, 2.53, 9.54, 11.83, 0.89, 2.85, 10.11, 16.13, 10.81, 4.81, 6.86, 5.19, 14.06, 5.62, 2.59, 7.61, 9.62, 8.06, 5.38, 7.3, 2.26, 5.05, 1.86, 2.76, 4.18, 3.26, 7.84, 3.32, 9.82, 9.78, 5.45, 10.14, 19.09, 18.57, 16.97, 6.54, 8.57, 3.84, 6.12, 4.6, 9.95, 6.99, 9.8, 6.58, 4.89, 13.6, 0.88, 0.49, 3.31, 6.74, 5.08, 3.11, 2.01, 3.07, 17.62, 16.09, 15.25, 2.39, 13.21, 1.32, 10.13, 1.42, 1.72, 0.0, 3.66, 9.35, 15.58, 11.17, 5.39, 0.54, 6.74, 3.0, 14.65, 7.33, 6.5, 4.01, 0.79, 8.6, 9.11, 11.53, 3.16, 6.57, 8.85, 2.62, 7.72, 4.78, 13.52, 11.17], [1.91, 5.71, 9.71, 11.38, 6.51, 2.66, 5.87, 11.12, 7.09, 6.28, 10.92, 3.72, 8.07, 13.57, 14.18, 3.88, 3.08, 12.49, 2.0, 2.29, 7.36, 3.46, 2.15, 9.05, 6.52, 3.95, 1.45, 4.26, 1.46, 0.6, 5.6, 4.78, 10.78, 3.2, 3.6, 1.04, 12.54, 4.14, 1.11, 5.85, 10.73, 5.21, 4.93, 13.53, 6.64, 3.15, 14.12, 2.49, 3.8, 2.87, 1.47, 11.91, 1.47, 6.76, 3.54, 7.15, 3.36, 7.67, 2.26, 3.37, 12.47, 1.73, 6.86, 2.21, 1.46, 5.66, 9.11, 6.13, 7.17, 0.88, 5.74, 1.54, 5.28, 4.53, 5.56, 5.68, 0.0, 12.71, 10.67, 8.98, 2.63, 2.65, 1.48, 2.12, 5.63, 6.82, 11.34, 2.44, 4.17, 9.24, 2.11, 2.76, 7.24, 13.5, 0.91, 1.92, 6.48, 7.98, 2.5, 1.4], [4.0, 11.16, 1.53, 1.56, 8.69, 4.48, 1.09, 4.47, 1.18, 6.5, 10.29, 9.12, 9.06, 3.16, 5.63, 1.34, 2.19, 5.2, 4.22, 1.07, 5.49, 4.9, 1.89, 3.36, 2.96, 6.91, 18.73, 2.1, 5.15, 12.99, 9.54, 7.73, 12.17, 1.97, 8.78, 8.45, 2.56, 11.39, 7.69, 1.58, 2.3, 9.3, 12.84, 8.51, 1.52, 3.84, 1.46, 3.13, 13.79, 4.79, 3.44, 0.98, 7.12, 8.14, 2.19, 1.36, 0.5, 8.14, 12.09, 3.95, 1.81, 14.73, 5.51, 8.04, 12.23, 1.51, 3.54, 2.54, 0.67, 7.52, 3.98, 13.12, 4.02, 1.57, 8.61, 13.82, 8.79, 0.0, 0.97, 3.63, 7.92, 10.85, 9.03, 3.45, 0.53, 2.53, 1.22, 15.06, 6.5, 3.51, 5.91, 15.58, 1.78, 4.05, 11.22, 8.03, 2.49, 7.85, 5.58, 3.68], [6.35, 3.64, 4.11, 2.63, 2.13, 1.81, 0.76, 1.26, 3.21, 6.55, 8.38, 16.09, 9.21, 6.12, 2.33, 3.64, 12.24, 5.28, 0.88, 0.98, 8.4, 6.33, 3.18, 8.98, 3.28, 9.99, 10.68, 2.55, 10.22, 16.16, 11.72, 8.35, 6.07, 8.9, 11.88, 10.96, 1.66, 2.74, 10.95, 8.52, 4.11, 2.81, 14.05, 7.15, 1.95, 4.36, 0.37, 1.23, 12.66, 4.32, 8.17, 5.24, 6.68, 9.61, 5.53, 2.66, 0.0, 13.26, 6.79, 9.46, 4.62, 8.88, 5.48, 6.36, 14.62, 11.65, 1.15, 2.95, 0.3, 12.77, 1.14, 10.54, 6.42, 3.49, 8.6, 7.52, 8.0, 1.39, 0.0, 1.21, 7.3, 17.88, 7.91, 4.1, 1.27, 0.5, 0.46, 8.05, 2.68, 1.31, 9.76, 17.12, 3.07, 4.23, 13.31, 1.77, 5.18, 1.75, 12.22, 5.89], [3.29, 2.56, 5.89, 1.32, 4.18, 1.67, 0.0, 1.62, 0.6, 4.12, 3.98, 7.08, 4.27, 2.77, 0.53, 1.95, 12.4, 3.08, 2.37, 1.01, 2.28, 2.99, 8.09, 7.99, 2.13, 12.95, 7.77, 7.26, 9.52, 6.88, 2.1, 10.17, 14.92, 12.1, 11.6, 4.71, 2.36, 14.42, 7.33, 2.72, 10.04, 8.03, 7.19, 2.72, 0.8, 3.95, 1.55, 8.0, 8.33, 0.87, 9.89, 0.78, 2.17, 10.29, 9.13, 2.18, 2.9, 7.32, 12.99, 15.45, 1.98, 10.6, 3.97, 9.75, 5.55, 11.74, 2.08, 1.49, 3.51, 11.25, 3.32, 7.87, 5.98, 14.5, 14.32, 3.91, 9.73, 1.58, 2.69, 0.0, 5.76, 9.06, 7.03, 10.18, 1.72, 5.15, 2.23, 16.88, 14.87, 9.65, 9.42, 5.25, 1.33, 7.56, 11.56, 10.1, 6.6, 7.01, 5.34, 1.44], [7.2, 3.03, 3.87, 10.31, 5.3, 11.18, 5.3, 5.59, 6.98, 13.33, 1.77, 1.06, 5.62, 8.53, 7.95, 0.31, 6.69, 3.98, 2.42, 4.18, 15.55, 6.47, 5.2, 6.57, 2.48, 6.14, 3.75, 1.6, 0.98, 2.95, 6.76, 3.86, 11.74, 3.93, 7.42, 1.79, 3.09, 2.66, 2.91, 4.88, 10.01, 5.51, 5.81, 10.8, 2.46, 4.0, 3.67, 7.8, 2.74, 3.55, 3.69, 8.05, 4.44, 11.12, 0.76, 7.78, 8.65, 6.33, 5.96, 3.78, 15.25, 1.31, 3.09, 1.31, 2.15, 7.43, 4.76, 2.78, 1.56, 4.26, 8.67, 6.88, 2.87, 5.28, 14.77, 1.27, 1.12, 9.01, 7.28, 9.43, 0.0, 1.31, 2.11, 0.67, 5.66, 10.88, 1.12, 2.55, 3.91, 7.43, 1.73, 1.89, 7.2, 12.37, 5.11, 1.28, 5.54, 5.74, 0.61, 2.24], [1.95, 7.4, 5.2, 11.02, 7.46, 8.34, 9.73, 8.56, 13.88, 5.82, 11.04, 6.94, 8.83, 13.77, 20.67, 7.52, 1.59, 1.93, 10.25, 11.4, 14.68, 0.0, 1.68, 5.11, 2.31, 6.66, 2.3, 2.31, 5.17, 2.02, 6.87, 3.48, 7.2, 5.41, 0.46, 2.0, 12.28, 3.67, 2.47, 2.26, 13.25, 3.19, 3.31, 13.33, 20.3, 5.99, 5.73, 12.05, 3.8, 10.46, 0.68, 3.99, 7.75, 2.65, 8.5, 7.04, 7.69, 10.36, 4.67, 3.77, 17.53, 5.03, 7.6, 9.26, 4.27, 5.94, 21.39, 8.79, 11.49, 1.81, 20.74, 1.58, 4.25, 0.29, 11.35, 3.76, 3.79, 14.92, 15.52, 10.05, 1.47, 0.0, 0.9, 8.28, 7.46, 9.04, 13.57, 1.22, 1.95, 8.97, 3.26, 5.32, 8.61, 15.03, 1.92, 1.39, 5.72, 5.62, 10.97, 7.76], [1.49, 1.74, 10.26, 9.69, 6.72, 5.74, 11.3, 2.26, 4.0, 3.91, 4.57, 1.44, 1.93, 2.83, 2.26, 4.71, 1.26, 5.38, 5.49, 6.26, 8.46, 1.62, 2.62, 6.57, 1.36, 1.05, 5.75, 7.08, 1.95, 2.36, 5.57, 7.67, 3.28, 3.22, 3.01, 1.16, 9.49, 0.49, 0.73, 2.43, 3.27, 3.02, 6.24, 1.51, 2.38, 7.97, 10.71, 4.75, 5.57, 7.47, 1.78, 10.21, 2.01, 5.1, 2.47, 1.24, 1.67, 2.13, 6.77, 4.58, 13.38, 2.52, 4.06, 6.26, 0.92, 1.6, 14.87, 8.92, 9.14, 1.65, 10.48, 3.45, 4.83, 0.41, 8.3, 5.32, 0.7, 2.93, 8.29, 6.03, 3.09, 3.48, 0.0, 1.11, 8.08, 8.49, 6.61, 2.41, 4.0, 3.96, 3.11, 1.19, 5.69, 2.26, 5.71, 1.93, 7.37, 2.09, 1.97, 2.35], [3.49, 2.49, 1.18, 8.75, 11.56, 8.43, 1.65, 1.42, 1.44, 11.32, 6.76, 1.33, 2.35, 14.92, 4.18, 1.12, 6.06, 2.45, 3.82, 2.52, 7.88, 7.04, 1.68, 16.07, 1.89, 4.46, 10.76, 3.12, 0.73, 3.25, 3.72, 3.31, 5.71, 4.07, 3.13, 1.66, 13.27, 5.08, 3.69, 5.62, 13.28, 11.41, 8.16, 11.94, 9.37, 1.19, 5.34, 7.68, 5.91, 0.84, 5.49, 1.86, 1.38, 2.93, 1.03, 1.78, 9.79, 10.0, 9.05, 8.59, 8.97, 1.76, 7.98, 3.28, 6.67, 6.24, 6.84, 3.72, 7.78, 5.9, 2.49, 9.52, 1.18, 3.61, 7.8, 6.92, 2.25, 1.99, 9.14, 2.95, 0.11, 3.82, 2.51, 0.0, 1.31, 11.36, 6.04, 4.58, 10.58, 4.33, 2.21, 6.05, 6.82, 6.61, 5.0, 0.51, 2.19, 7.98, 2.98, 1.7], [2.32, 3.87, 6.64, 4.62, 8.32, 1.62, 4.1, 2.63, 3.19, 4.18, 6.86, 15.62, 4.39, 5.2, 4.86, 4.08, 3.74, 2.79, 1.24, 5.89, 6.25, 14.06, 6.18, 5.95, 2.71, 11.65, 15.82, 9.1, 1.1, 13.81, 4.29, 5.82, 8.55, 3.03, 4.52, 5.74, 8.41, 3.12, 7.97, 1.29, 1.63, 8.46, 8.5, 7.26, 4.14, 5.11, 2.23, 3.07, 14.27, 7.69, 9.88, 2.96, 3.02, 3.37, 7.96, 2.17, 2.17, 7.71, 11.81, 5.95, 3.24, 3.09, 6.76, 11.05, 12.25, 6.01, 0.62, 3.37, 0.34, 9.94, 6.6, 13.02, 3.82, 5.68, 4.47, 2.41, 8.74, 0.88, 1.24, 2.81, 2.61, 15.51, 1.82, 8.32, 0.0, 1.78, 0.26, 10.01, 5.13, 0.84, 4.63, 15.04, 3.66, 2.94, 10.33, 10.0, 2.04, 1.2, 13.11, 2.35], [4.26, 5.05, 9.19, 5.31, 4.85, 0.39, 2.33, 1.45, 3.19, 1.99, 5.68, 3.49, 7.45, 5.19, 2.66, 11.73, 13.24, 3.91, 8.01, 2.34, 1.26, 7.61, 6.56, 9.35, 3.25, 11.89, 11.49, 6.62, 6.65, 10.95, 3.85, 5.13, 6.57, 7.18, 11.73, 6.74, 3.05, 7.13, 9.54, 2.41, 5.02, 7.05, 8.85, 6.21, 4.85, 8.36, 3.12, 3.07, 9.26, 9.16, 3.78, 4.77, 2.26, 7.87, 11.35, 2.71, 1.56, 3.36, 2.85, 11.9, 0.92, 15.38, 3.84, 2.12, 10.22, 9.13, 3.45, 1.38, 1.88, 9.49, 3.63, 14.33, 7.5, 15.58, 3.12, 5.17, 14.12, 2.51, 0.93, 6.51, 3.28, 4.98, 6.12, 11.12, 0.52, 0.0, 2.13, 4.38, 6.77, 1.49, 8.42, 17.16, 2.75, 0.51, 15.83, 12.63, 6.59, 5.88, 15.31, 8.32], [1.94, 8.78, 2.71, 3.63, 4.8, 2.0, 2.8, 1.17, 0.66, 6.86, 8.18, 13.07, 1.47, 3.5, 1.85, 9.44, 6.33, 6.31, 0.87, 2.19, 3.9, 11.07, 3.83, 6.46, 0.6, 6.15, 10.85, 10.57, 3.16, 2.15, 3.92, 6.02, 1.19, 3.51, 8.1, 10.23, 7.53, 4.74, 14.37, 3.42, 4.68, 4.88, 6.52, 5.77, 3.42, 3.77, 2.35, 2.67, 9.13, 5.99, 9.5, 6.71, 5.82, 4.62, 8.98, 1.15, 3.11, 9.83, 10.01, 2.04, 2.63, 12.17, 0.71, 6.45, 2.03, 5.39, 6.28, 5.73, 1.19, 7.5, 2.06, 7.24, 0.82, 12.6, 7.02, 5.88, 6.46, 1.23, 1.02, 5.42, 4.65, 8.3, 3.66, 6.82, 0.95, 1.47, 0.0, 6.6, 16.84, 2.92, 3.68, 4.97, 0.36, 1.24, 7.94, 9.94, 4.9, 9.53, 5.2, 6.85], [1.54, 5.26, 6.48, 11.9, 4.92, 9.96, 16.65, 4.33, 11.1, 11.53, 6.87, 5.41, 5.3, 3.09, 10.11, 2.17, 2.01, 7.48, 10.74, 4.62, 14.33, 0.95, 1.37, 9.67, 6.84, 3.03, 5.87, 4.3, 3.71, 0.96, 8.4, 2.31, 6.7, 5.68, 2.86, 2.35, 1.84, 0.54, 2.73, 10.2, 13.83, 6.57, 1.32, 6.68, 5.79, 1.68, 2.98, 3.16, 1.95, 11.14, 1.09, 7.36, 7.15, 3.1, 3.28, 12.74, 2.84, 5.67, 7.93, 2.23, 14.13, 2.75, 8.84, 7.66, 5.83, 4.18, 4.37, 4.3, 10.21, 0.56, 7.51, 2.02, 3.78, 1.87, 3.56, 5.59, 1.12, 11.47, 7.0, 10.82, 1.11, 1.03, 2.29, 0.82, 9.31, 12.4, 11.73, 0.0, 1.37, 12.42, 3.59, 2.78, 1.97, 5.75, 0.46, 2.82, 9.14, 4.94, 5.73, 0.69], [1.94, 1.58, 15.87, 14.66, 9.06, 7.39, 15.53, 9.8, 9.93, 13.64, 7.9, 3.86, 4.41, 9.06, 15.1, 8.39, 4.8, 6.88, 11.93, 10.22, 14.2, 1.27, 1.71, 8.24, 5.5, 5.12, 4.54, 4.35, 2.1, 3.95, 1.28, 3.61, 6.16, 9.26, 2.18, 1.12, 2.14, 4.5, 0.85, 8.82, 7.45, 7.31, 5.0, 6.11, 9.69, 14.63, 2.32, 4.53, 4.31, 3.01, 6.14, 2.27, 6.75, 1.83, 10.04, 5.09, 17.83, 16.48, 0.85, 2.97, 20.07, 1.3, 2.13, 14.08, 1.73, 2.35, 14.82, 17.15, 3.85, 4.4, 3.99, 1.31, 7.49, 2.69, 15.53, 0.59, 3.15, 15.73, 16.01, 10.89, 6.46, 2.77, 4.49, 7.32, 6.46, 11.77, 13.43, 3.35, 0.0, 15.37, 6.83, 13.7, 14.89, 11.52, 4.36, 2.17, 8.44, 5.11, 8.1, 6.17], [3.31, 14.27, 7.26, 5.36, 4.46, 0.62, 2.43, 0.63, 2.94, 1.42, 1.32, 14.97, 4.41, 1.99, 6.06, 1.85, 8.2, 1.39, 4.91, 5.09, 1.23, 12.52, 2.11, 4.2, 5.83, 9.4, 5.62, 2.88, 1.74, 4.52, 4.88, 1.92, 2.74, 5.74, 8.96, 2.93, 2.72, 8.52, 2.73, 1.1, 3.43, 4.53, 10.64, 2.89, 7.11, 7.82, 4.66, 1.98, 15.57, 5.71, 8.54, 10.02, 1.32, 4.6, 3.33, 4.46, 6.13, 2.75, 9.41, 12.74, 2.82, 10.3, 2.03, 8.71, 4.63, 3.55, 1.36, 7.22, 4.84, 1.68, 1.29, 2.06, 4.07, 10.9, 1.5, 7.4, 4.24, 1.38, 4.18, 9.53, 4.08, 15.15, 2.07, 11.0, 2.29, 1.87, 2.21, 3.37, 3.15, 0.0, 4.86, 11.4, 1.15, 1.12, 13.11, 1.78, 2.24, 6.63, 9.6, 9.45], [5.99, 6.43, 1.74, 8.89, 1.55, 9.27, 4.81, 3.56, 2.25, 12.25, 2.91, 3.28, 5.63, 7.12, 4.38, 3.51, 4.12, 5.81, 4.63, 5.09, 10.93, 0.96, 5.84, 11.45, 1.2, 4.38, 8.07, 4.27, 0.6, 2.45, 6.22, 8.34, 6.4, 1.62, 5.5, 1.18, 12.52, 3.45, 1.61, 9.94, 1.54, 12.49, 6.6, 3.96, 2.28, 4.91, 9.18, 4.74, 1.1, 0.7, 3.6, 7.76, 2.95, 9.2, 1.99, 1.96, 4.65, 1.79, 8.52, 9.29, 6.3, 3.65, 6.23, 3.82, 1.93, 8.13, 10.56, 2.82, 9.23, 2.45, 6.74, 6.53, 1.7, 6.29, 9.98, 5.99, 1.24, 7.57, 10.04, 5.89, 0.53, 4.57, 3.51, 1.16, 5.61, 5.42, 4.81, 1.05, 9.37, 8.26, 0.0, 8.54, 3.66, 9.74, 3.76, 6.27, 1.46, 3.38, 7.48, 0.0], [3.44, 1.43, 2.85, 3.22, 8.93, 9.82, 4.44, 2.71, 2.2, 17.22, 16.15, 2.26, 7.51, 12.19, 7.03, 2.48, 6.33, 17.36, 2.66, 1.89, 20.87, 10.54, 13.22, 7.79, 1.87, 8.24, 16.3, 3.44, 6.26, 4.33, 14.55, 7.76, 16.0, 2.07, 11.42, 8.71, 4.8, 7.57, 4.36, 17.25, 16.81, 6.08, 8.28, 16.22, 8.09, 2.14, 11.14, 10.72, 2.1, 2.26, 7.03, 2.68, 11.92, 23.66, 4.21, 3.24, 16.08, 18.84, 3.24, 10.59, 17.82, 2.7, 3.07, 2.27, 6.03, 3.95, 9.15, 11.49, 9.05, 8.29, 13.33, 9.31, 7.76, 3.28, 21.85, 11.54, 2.07, 9.91, 16.1, 8.52, 3.79, 5.22, 8.64, 4.3, 12.94, 15.17, 12.93, 4.67, 7.5, 14.42, 5.51, 0.0, 4.59, 10.46, 2.17, 2.02, 3.65, 15.34, 0.98, 7.01], [9.3, 9.49, 6.6, 7.28, 5.53, 0.38, 7.72, 0.52, 1.89, 5.01, 3.5, 10.9, 2.58, 3.23, 5.28, 11.01, 4.66, 2.1, 3.49, 1.67, 2.91, 1.6, 3.78, 7.21, 7.77, 1.82, 5.12, 7.84, 9.77, 6.77, 2.85, 1.13, 3.49, 1.8, 8.28, 6.95, 6.59, 8.81, 12.82, 3.47, 1.03, 2.4, 7.32, 3.61, 9.13, 2.39, 4.38, 0.59, 13.57, 7.26, 5.24, 9.52, 5.84, 2.32, 12.34, 2.9, 5.87, 5.39, 7.0, 8.3, 4.26, 6.47, 2.14, 5.29, 9.07, 3.47, 5.11, 8.7, 0.62, 13.4, 7.13, 10.94, 4.55, 5.21, 4.41, 3.85, 12.46, 2.52, 1.96, 3.67, 8.55, 2.85, 5.07, 2.02, 3.23, 0.54, 1.85, 6.65, 6.58, 1.24, 6.33, 12.07, 0.0, 0.55, 7.27, 5.62, 3.75, 3.86, 2.89, 3.53], [10.65, 11.54, 4.21, 7.99, 1.69, 0.45, 2.87, 2.79, 1.62, 6.01, 6.26, 15.85, 2.33, 6.55, 8.68, 14.82, 12.96, 3.37, 1.49, 7.92, 0.47, 14.42, 1.09, 5.34, 4.41, 1.56, 18.81, 5.99, 3.74, 8.17, 2.41, 2.83, 5.27, 8.33, 5.09, 11.06, 2.05, 4.36, 5.45, 7.15, 7.22, 3.31, 3.63, 4.69, 8.79, 7.27, 3.86, 0.53, 17.11, 10.21, 1.75, 10.15, 6.75, 4.79, 12.09, 5.39, 3.28, 8.03, 4.13, 15.45, 1.68, 17.09, 3.87, 7.71, 6.63, 7.54, 2.63, 8.09, 2.13, 11.74, 4.4, 13.8, 2.16, 7.63, 2.02, 5.68, 4.91, 1.53, 0.68, 3.29, 11.93, 11.72, 4.88, 3.65, 2.79, 0.14, 2.82, 3.33, 11.65, 0.38, 1.3, 18.04, 0.74, 0.0, 14.2, 6.15, 3.05, 2.45, 16.31, 7.86], [7.28, 8.88, 1.37, 13.95, 2.75, 3.13, 11.36, 12.0, 8.69, 13.58, 3.35, 1.63, 12.9, 15.82, 8.35, 2.2, 5.14, 7.53, 2.94, 7.56, 5.75, 1.3, 7.41, 17.89, 8.26, 5.86, 12.73, 9.27, 3.63, 1.12, 2.83, 12.94, 7.47, 7.02, 3.81, 3.94, 10.61, 7.48, 0.63, 12.61, 12.45, 12.89, 11.46, 14.1, 7.74, 1.6, 9.89, 6.19, 1.67, 5.09, 7.42, 11.33, 9.21, 16.23, 4.38, 10.82, 6.19, 18.24, 1.77, 7.4, 3.25, 0.0, 12.69, 0.81, 6.11, 9.99, 17.77, 3.07, 2.51, 2.21, 3.41, 8.27, 2.64, 6.01, 14.68, 2.08, 0.38, 3.89, 9.32, 5.33, 4.36, 0.71, 2.18, 4.26, 9.69, 15.85, 1.79, 2.81, 1.6, 2.15, 5.6, 4.61, 4.0, 6.85, 0.0, 1.88, 9.71, 12.67, 2.18, 1.12], [3.48, 6.84, 4.76, 11.39, 14.38, 9.67, 4.05, 13.15, 1.46, 15.12, 13.48, 0.51, 1.55, 18.6, 6.78, 1.23, 5.23, 16.61, 9.39, 8.99, 10.18, 2.18, 10.82, 11.89, 1.73, 7.75, 7.86, 1.5, 3.58, 3.91, 11.21, 6.06, 15.72, 2.95, 1.61, 4.6, 6.3, 4.57, 2.94, 7.77, 10.02, 4.14, 11.2, 18.63, 16.84, 3.8, 16.69, 4.16, 0.36, 8.25, 6.76, 1.91, 6.74, 21.55, 1.44, 8.53, 3.26, 18.13, 11.98, 11.73, 2.09, 1.12, 6.21, 4.26, 9.51, 6.83, 12.87, 5.7, 10.09, 2.65, 6.69, 2.48, 1.22, 7.1, 6.05, 4.92, 2.81, 8.98, 2.11, 14.19, 3.16, 1.2, 2.98, 4.16, 7.54, 4.76, 12.98, 5.12, 5.31, 7.83, 5.44, 2.41, 3.39, 3.72, 1.0, 0.0, 14.3, 6.15, 0.42, 5.07], [4.7, 8.39, 12.88, 2.91, 0.42, 4.74, 12.88, 1.9, 3.57, 3.01, 0.99, 12.5, 0.22, 2.39, 3.01, 4.84, 6.93, 0.71, 5.23, 4.12, 5.12, 10.2, 0.85, 0.5, 1.2, 3.33, 11.55, 8.27, 2.4, 8.33, 2.41, 0.63, 3.58, 3.94, 9.12, 7.31, 0.74, 4.73, 8.38, 1.36, 1.7, 0.52, 6.17, 0.96, 8.18, 6.07, 3.54, 1.87, 14.24, 3.74, 2.79, 5.83, 1.05, 3.89, 11.45, 3.43, 5.54, 2.65, 12.3, 8.67, 6.38, 4.15, 2.18, 10.01, 2.13, 0.77, 10.75, 11.66, 3.52, 8.24, 8.43, 2.54, 1.4, 4.94, 2.05, 7.7, 11.63, 5.68, 3.46, 6.46, 3.23, 9.64, 4.57, 4.91, 4.7, 3.97, 6.42, 4.61, 9.34, 3.09, 7.33, 3.34, 2.22, 1.54, 7.87, 3.51, 0.0, 4.11, 7.58, 7.6], [2.4, 14.53, 13.35, 8.18, 1.31, 6.91, 14.14, 1.73, 7.1, 2.87, 3.12, 13.77, 1.48, 2.7, 13.12, 1.76, 3.75, 3.77, 9.6, 4.29, 4.08, 2.65, 2.32, 4.22, 8.32, 2.21, 6.89, 6.01, 1.27, 6.55, 1.45, 4.12, 3.84, 1.03, 3.51, 7.82, 0.75, 3.83, 2.99, 4.03, 3.57, 5.68, 0.57, 5.51, 6.82, 12.17, 12.62, 2.49, 4.63, 9.24, 1.11, 7.21, 4.04, 1.01, 5.84, 10.39, 11.36, 2.28, 6.82, 5.41, 2.32, 1.72, 1.08, 1.68, 1.67, 0.11, 16.02, 5.76, 9.56, 2.67, 5.47, 3.1, 4.85, 5.24, 2.92, 4.21, 4.5, 11.27, 10.24, 3.03, 5.2, 4.22, 1.47, 1.41, 10.39, 10.21, 1.96, 2.26, 1.14, 7.63, 0.91, 11.64, 4.8, 5.93, 4.05, 3.08, 1.63, 0.0, 7.74, 4.94], [10.35, 3.21, 6.32, 4.29, 18.59, 11.41, 12.05, 1.75, 7.41, 2.57, 4.19, 1.04, 9.85, 14.99, 15.08, 0.77, 3.02, 7.21, 2.63, 5.41, 12.7, 9.17, 1.77, 20.22, 11.67, 4.22, 2.64, 1.9, 5.18, 4.44, 16.58, 6.78, 18.08, 11.84, 3.49, 12.08, 7.82, 6.35, 6.19, 13.98, 20.5, 3.55, 4.37, 16.05, 9.29, 7.12, 4.57, 1.95, 3.2, 2.16, 5.13, 4.4, 8.39, 19.59, 1.73, 8.91, 11.36, 2.98, 6.14, 5.98, 10.8, 3.47, 7.08, 0.25, 3.39, 12.76, 14.53, 6.87, 9.32, 1.15, 16.88, 13.16, 4.91, 5.6, 10.74, 4.79, 2.84, 10.46, 2.86, 1.4, 2.09, 8.14, 5.81, 3.16, 1.53, 3.25, 8.3, 8.58, 7.34, 13.96, 7.21, 0.61, 4.09, 16.58, 5.35, 3.01, 14.65, 4.14, 0.0, 2.21], [4.44, 1.6, 2.15, 9.82, 9.86, 6.33, 7.81, 1.73, 2.87, 1.6, 8.48, 5.76, 3.68, 10.16, 5.97, 4.14, 4.78, 6.06, 1.35, 4.92, 7.46, 1.53, 5.4, 12.69, 5.99, 2.53, 6.07, 1.07, 0.77, 6.26, 7.34, 1.68, 2.68, 2.13, 6.93, 6.31, 9.46, 3.9, 1.76, 1.28, 7.72, 4.44, 4.27, 9.81, 11.86, 3.9, 3.73, 6.59, 2.93, 4.05, 5.54, 3.73, 1.75, 6.83, 3.36, 3.98, 2.34, 4.05, 4.68, 2.03, 8.31, 1.2, 8.73, 3.84, 3.83, 7.44, 9.15, 7.9, 7.11, 4.77, 4.37, 1.63, 0.66, 3.68, 12.52, 9.35, 2.06, 6.5, 1.81, 8.65, 1.59, 6.0, 2.08, 1.44, 6.25, 7.3, 8.58, 1.95, 8.72, 4.57, 0.0, 6.2, 2.9, 9.0, 3.15, 2.5, 3.57, 6.98, 3.91, 0.0]]
vans = [9, 9, 6, 7]

