J = [0, 1, 2]
K = [3, 4, 5]
L = [6, 7, 8, 9]
I = [0, 1, 2, 3, 4, 5, 6, 7, 8, 9]
N = [0, 1, 2, 3, 4, 5, 6, 7, 8, 9, 10, 11, 12, 13, 14, 15, 16, 17, 18, 19, 20, 21, 22, 23, 24, 25, 26, 27, 28, 29, 30, 31, 32, 33, 34, 35, 36, 37, 38, 39, 40, 41, 42, 43, 44, 45, 46, 47, 48, 49, 50, 51, 52, 53, 54, 55, 56, 57, 58, 59, 60, 61, 62, 63, 64, 65, 66, 67, 68, 69, 70, 71, 72, 73, 74]
demand = [561, 441, 709, 1071, 1057, 1081, 1075, 567, 1146, 672, 836, 1120, 449, 477, 727, 540, 1048, 799, 901, 623, 448, 522, 709, 1141, 718, 509, 1085, 514, 439, 622, 412, 1131, 765, 941, 702, 1059, 849, 468, 905, 753, 1102, 968, 1034, 463, 546, 1064, 652, 960, 742, 449, 1021, 1095, 1110, 987, 1168, 992, 954, 972, 909, 444, 859, 510, 471, 988, 988, 1086, 446, 1130, 1150, 1176, 1158, 649, 610, 833, 1114]
hub = [2, 0, 2, 0, 0, 2, 1, 1, 2, 0, 2, 0, 1, 0, 1, 1, 0, 1, 1, 0, 2, 1, 1, 0, 0, 2, 0, 1, 1, 2, 2, 0, 2, 1, 2, 1, 0, 0, 0, 1, 2, 2, 0, 0, 1, 2, 0, 0, 0, 1, 0, 0, 2, 1, 0, 0, 0, 1, 2, 2, 1, 2, 1, 2, 1, 1, 1, 1, 1, 0, 2, 2, 2, 0, 2]
release = [29, 48, 18, 28, 42, 19, 17, 5, 48, 28, 36, 43, 20, 8, 43, 12, 17, 22, 0, 7, 14, 39, 16, 41, 24, 30, 0, 3, 41, 19, 43, 13, 20, 19, 14, 44, 25, 32, 10, 32, 3, 27, 30, 13, 8, 24, 43, 17, 4, 28, 35, 26, 1, 39, 41, 22, 26, 17, 28, 16, 11, 43, 24, 13, 43, 28, 41, 22, 6, 28, 44, 9, 8, 11, 27]
Nj = [[1, 3, 4, 9, 11, 13, 16, 19, 23, 24, 26, 31, 36, 37, 38, 42, 43, 46, 47, 48, 50, 51, 54, 55, 56, 69, 73], [6, 7, 12, 14, 15, 17, 18, 21, 22, 27, 28, 33, 35, 39, 44, 49, 53, 57, 60, 62, 64, 65, 66, 67, 68], [0, 2, 5, 8, 10, 20, 25, 29, 30, 32, 34, 40, 41, 45, 52, 58, 59, 61, 63, 70, 71, 72, 74]]
Gj = [[0, 1, 2, 3, 4, 5, 6, 7, 8, 9, 10, 11, 12, 13, 14, 15, 16, 17, 18, 19, 20, 21, 22, 23, 24, 25, 26], [27, 28, 29, 30, 31, 32, 33, 34, 35, 36, 37, 38, 39, 40, 41, 42, 43, 44, 45, 46, 47, 48, 49, 50, 51], [52, 53, 54, 55, 56, 57, 58, 59, 60, 61, 62, 63, 64, 65, 66, 67, 68, 69, 70, 71, 72, 73, 74]]
G = [0, 1, 2, 3, 4, 5, 6, 7, 8, 9, 10, 11, 12, 13, 14, 15, 16, 17, 18, 19, 20, 21, 22, 23, 24, 25, 26, 27, 28, 29, 30, 31, 32, 33, 34, 35, 36, 37, 38, 39, 40, 41, 42, 43, 44, 45, 46, 47, 48, 49, 50, 51, 52, 53, 54, 55, 56, 57, 58, 59, 60, 61, 62, 63, 64, 65, 66, 67, 68, 69, 70, 71, 72, 73, 74]
deadline = [240, 240, 216, 192, 216, 192, 192, 168, 168, 168, 168, 192, 168, 168, 192, 216, 168, 216, 216, 216, 216, 192, 216, 240, 216, 216, 240, 240, 240, 216, 240, 216, 240, 240, 192, 216, 168, 192, 240, 192, 168, 168, 216, 192, 216, 216, 192, 168, 240, 240, 216, 216, 192, 192, 216, 192, 240, 168, 240, 168, 192, 168, 240, 192, 192, 168, 240, 192, 192, 216, 192, 240, 240, 192, 168]
weight = [30, 10, 20, 10, 60, 10, 10, 50, 60, 100, 100, 50, 10, 80, 80, 40, 90, 60, 30, 50, 70, 60, 80, 20, 70, 80, 20, 60, 70, 40, 90, 60, 30, 30, 50, 10, 60, 50, 50, 20, 40, 90, 50, 50, 30, 80, 10, 100, 10, 10, 40, 20, 70, 30, 80, 60, 100, 60, 10, 50, 80, 70, 10, 70, 10, 10, 20, 90, 60, 90, 50, 70, 40, 10, 40]
q = 2000
M = [0, 1, 2]
M_description = ['Road', 'Rail', 'Ship']
accessibility = [[1, 0, 0], [1, 1, 0], [1, 1, 1], [1, 1, 1], [1, 1, 1], [1, 1, 1], [1, 1, 0], [1, 0, 0], [1, 1, 0], [1, 0, 0]]
S = [0, 1, 2, 3, 4, 5, 6, 7, 8, 9, 10, 11, 12, 13, 14, 15, 16, 17, 18, 19, 20, 21, 22, 23, 24, 25, 26, 27, 28, 29, 30, 31, 32, 33, 34, 35, 36, 37, 38, 39, 40, 41, 42, 43, 44, 45, 46, 47, 48, 49, 50, 51, 52, 53, 54, 55, 56, 57, 58, 59, 60, 61, 62, 63, 64, 65, 66, 67, 68, 69, 70, 71, 72, 73, 74, 75, 76, 77, 78, 79, 80, 81, 82, 83, 84, 85, 86, 87, 88, 89, 90, 91, 92, 93, 94, 95, 96, 97, 98, 99, 100, 101, 102, 103, 104, 105, 106, 107, 108, 109, 110, 111, 112, 113, 114, 115, 116, 117, 118, 119, 120, 121, 122, 123, 124, 125, 126, 127, 128, 129, 130, 131, 132, 133, 134, 135, 136, 137, 138, 139, 140, 141, 142, 143, 144, 145, 146, 147, 148, 149, 150, 151, 152, 153, 154, 155, 156, 157, 158, 159, 160, 161, 162, 163, 164, 165, 166, 167, 168, 169, 170, 171, 172, 173, 174, 175, 176, 177, 178, 179, 180, 181, 182, 183, 184, 185, 186, 187, 188, 189, 190, 191, 192, 193, 194, 195, 196, 197, 198, 199, 200, 201, 202, 203, 204, 205, 206, 207, 208, 209, 210, 211, 212, 213, 214, 215, 216, 217, 218, 219, 220, 221, 222, 223, 224, 225, 226, 227, 228, 229, 230, 231, 232, 233, 234, 235, 236, 237, 238, 239, 240, 241, 242, 243, 244, 245, 246, 247, 248, 249, 250, 251, 252, 253, 254, 255, 256, 257, 258, 259, 260, 261, 262, 263, 264, 265, 266, 267, 268, 269, 270, 271, 272, 273, 274, 275, 276, 277, 278, 279, 280, 281, 282, 283, 284, 285, 286, 287, 288, 289, 290, 291, 292, 293, 294, 295, 296, 297, 298, 299, 300, 301, 302, 303, 304, 305, 306, 307, 308, 309, 310, 311, 312, 313, 314, 315, 316, 317, 318, 319, 320, 321, 322, 323, 324, 325, 326, 327, 328, 329, 330, 331, 332, 333, 334, 335, 336, 337, 338, 339, 340, 341]
origin = [0, 0, 0, 0, 0, 0, 0, 0, 0, 0, 0, 0, 0, 0, 0, 0, 0, 0, 0, 0, 0, 0, 0, 0, 0, 0, 0, 0, 0, 0, 0, 0, 0, 0, 0, 0, 1, 1, 1, 1, 1, 1, 1, 1, 1, 1, 1, 1, 1, 1, 1, 1, 1, 1, 1, 1, 1, 1, 1, 1, 1, 1, 1, 1, 1, 1, 1, 1, 1, 1, 1, 1, 2, 2, 2, 2, 2, 2, 2, 2, 2, 2, 2, 2, 2, 2, 2, 2, 2, 2, 2, 2, 2, 2, 2, 2, 2, 2, 2, 2, 2, 2, 2, 2, 2, 2, 2, 2, 3, 3, 3, 3, 3, 3, 3, 3, 3, 3, 3, 3, 3, 3, 3, 3, 3, 3, 3, 3, 3, 3, 3, 3, 3, 3, 3, 3, 3, 3, 3, 3, 3, 3, 3, 3, 4, 4, 4, 4, 4, 4, 4, 4, 4, 4, 4, 4, 4, 4, 4, 4, 4, 4, 4, 4, 4, 4, 4, 4, 4, 4, 4, 4, 4, 4, 4, 4, 4, 4, 4, 4, 5, 5, 5, 5, 5, 5, 5, 5, 5, 5, 5, 5, 5, 5, 5, 5, 5, 5, 5, 5, 5, 5, 5, 5, 5, 5, 5, 5, 5, 5, 5, 5, 5, 5, 5, 5, 1, 1, 1, 1, 1, 1, 1, 1, 1, 1, 1, 1, 1, 1, 1, 1, 1, 1, 2, 2, 2, 2, 2, 2, 2, 2, 2, 2, 2, 2, 2, 2, 2, 2, 2, 2, 3, 3, 3, 3, 3, 3, 3, 3, 3, 3, 3, 3, 3, 3, 3, 3, 3, 3, 4, 4, 4, 4, 4, 4, 4, 4, 4, 4, 4, 4, 4, 4, 4, 4, 4, 4, 5, 5, 5, 5, 5, 5, 5, 5, 5, 5, 5, 5, 5, 5, 5, 5, 5, 5, 2, 2, 2, 2, 2, 2, 2, 2, 2, 3, 3, 3, 3, 3, 3, 3, 3, 3, 4, 4, 4, 4, 4, 4, 4, 4, 4, 5, 5, 5, 5, 5, 5, 5, 5, 5]
destination = [1, 1, 1, 1, 2, 2, 2, 2, 3, 3, 3, 3, 4, 4, 4, 4, 5, 5, 5, 5, 6, 6, 6, 6, 7, 7, 7, 7, 8, 8, 8, 8, 9, 9, 9, 9, 0, 0, 0, 0, 2, 2, 2, 2, 3, 3, 3, 3, 4, 4, 4, 4, 5, 5, 5, 5, 6, 6, 6, 6, 7, 7, 7, 7, 8, 8, 8, 8, 9, 9, 9, 9, 0, 0, 0, 0, 1, 1, 1, 1, 3, 3, 3, 3, 4, 4, 4, 4, 5, 5, 5, 5, 6, 6, 6, 6, 7, 7, 7, 7, 8, 8, 8, 8, 9, 9, 9, 9, 0, 0, 0, 0, 1, 1, 1, 1, 2, 2, 2, 2, 4, 4, 4, 4, 5, 5, 5, 5, 6, 6, 6, 6, 7, 7, 7, 7, 8, 8, 8, 8, 9, 9, 9, 9, 0, 0, 0, 0, 1, 1, 1, 1, 2, 2, 2, 2, 3, 3, 3, 3, 5, 5, 5, 5, 6, 6, 6, 6, 7, 7, 7, 7, 8, 8, 8, 8, 9, 9, 9, 9, 0, 0, 0, 0, 1, 1, 1, 1, 2, 2, 2, 2, 3, 3, 3, 3, 4, 4, 4, 4, 6, 6, 6, 6, 7, 7, 7, 7, 8, 8, 8, 8, 9, 9, 9, 9, 2, 2, 2, 3, 3, 3, 4, 4, 4, 5, 5, 5, 6, 6, 6, 8, 8, 8, 1, 1, 1, 3, 3, 3, 4, 4, 4, 5, 5, 5, 6, 6, 6, 8, 8, 8, 1, 1, 1, 2, 2, 2, 4, 4, 4, 5, 5, 5, 6, 6, 6, 8, 8, 8, 1, 1, 1, 2, 2, 2, 3, 3, 3, 5, 5, 5, 6, 6, 6, 8, 8, 8, 1, 1, 1, 2, 2, 2, 3, 3, 3, 4, 4, 4, 6, 6, 6, 8, 8, 8, 3, 3, 3, 4, 4, 4, 5, 5, 5, 2, 2, 2, 4, 4, 4, 5, 5, 5, 2, 2, 2, 3, 3, 3, 5, 5, 5, 2, 2, 2, 3, 3, 3, 4, 4, 4]
departure = [8, 56, 104, 152, 8, 56, 104, 152, 8, 56, 104, 152, 8, 56, 104, 152, 8, 56, 104, 152, 8, 56, 104, 152, 8, 56, 104, 152, 8, 56, 104, 152, 8, 56, 104, 152, 8, 56, 104, 152, 8, 56, 104, 152, 8, 56, 104, 152, 8, 56, 104, 152, 8, 56, 104, 152, 8, 56, 104, 152, 8, 56, 104, 152, 8, 56, 104, 152, 8, 56, 104, 152, 8, 56, 104, 152, 8, 56, 104, 152, 8, 56, 104, 152, 8, 56, 104, 152, 8, 56, 104, 152, 8, 56, 104, 152, 8, 56, 104, 152, 8, 56, 104, 152, 8, 56, 104, 152, 12, 60, 108, 156, 12, 60, 108, 156, 12, 60, 108, 156, 12, 60, 108, 156, 12, 60, 108, 156, 12, 60, 108, 156, 12, 60, 108, 156, 12, 60, 108, 156, 12, 60, 108, 156, 12, 60, 108, 156, 12, 60, 108, 156, 12, 60, 108, 156, 12, 60, 108, 156, 12, 60, 108, 156, 12, 60, 108, 156, 12, 60, 108, 156, 12, 60, 108, 156, 12, 60, 108, 156, 12, 60, 108, 156, 12, 60, 108, 156, 12, 60, 108, 156, 12, 60, 108, 156, 12, 60, 108, 156, 12, 60, 108, 156, 12, 60, 108, 156, 12, 60, 108, 156, 12, 60, 108, 156, 33, 81, 129, 33, 81, 129, 33, 81, 129, 33, 81, 129, 33, 81, 129, 33, 81, 129, 33, 81, 129, 33, 81, 129, 33, 81, 129, 33, 81, 129, 33, 81, 129, 33, 81, 129, 37, 85, 133, 37, 85, 133, 37, 85, 133, 37, 85, 133, 37, 85, 133, 37, 85, 133, 37, 85, 133, 37, 85, 133, 37, 85, 133, 37, 85, 133, 37, 85, 133, 37, 85, 133, 37, 85, 133, 37, 85, 133, 37, 85, 133, 37, 85, 133, 37, 85, 133, 37, 85, 133, 10, 58, 106, 10, 58, 106, 10, 58, 106, 13, 61, 109, 13, 61, 109, 13, 61, 109, 13, 61, 109, 13, 61, 109, 13, 61, 109, 13, 61, 109, 13, 61, 109, 13, 61, 109]
arrival = [100, 100, 124, 196, 100, 124, 148, 172, 84, 108, 180, 252, 108, 156, 180, 204, 60, 108, 180, 204, 112, 136, 184, 304, 88, 184, 232, 280, 88, 208, 256, 232, 136, 184, 208, 232, 52, 100, 172, 172, 76, 148, 124, 172, 108, 132, 204, 228, 60, 108, 204, 204, 60, 156, 156, 228, 160, 160, 184, 256, 88, 184, 208, 280, 160, 184, 256, 280, 88, 208, 184, 304, 76, 124, 172, 196, 52, 148, 172, 172, 108, 108, 204, 252, 84, 156, 180, 228, 108, 132, 156, 204, 88, 160, 256, 232, 112, 208, 256, 304, 88, 184, 256, 256, 112, 208, 208, 304, 32, 152, 176, 248, 56, 104, 200, 176, 56, 80, 176, 224, 64, 160, 160, 208, 88, 112, 208, 208, 116, 140, 236, 308, 116, 140, 212, 284, 116, 164, 260, 260, 116, 212, 260, 308, 104, 128, 128, 248, 32, 128, 200, 248, 56, 80, 200, 248, 88, 112, 160, 208, 88, 160, 184, 232, 164, 140, 188, 260, 164, 140, 260, 260, 140, 188, 188, 308, 164, 212, 188, 284, 56, 80, 128, 224, 104, 152, 176, 200, 56, 152, 176, 200, 64, 112, 184, 256, 88, 136, 160, 232, 116, 188, 212, 236, 164, 188, 236, 308, 140, 188, 212, 284, 116, 188, 212, 308, 78, 174, 150, 110, 158, 230, 86, 182, 230, 86, 158, 206, 162, 186, 210, 138, 234, 234, 126, 174, 198, 110, 182, 230, 110, 134, 182, 134, 182, 182, 186, 210, 210, 186, 186, 210, 58, 130, 154, 130, 130, 226, 90, 138, 210, 114, 186, 234, 190, 214, 262, 118, 166, 286, 82, 130, 202, 82, 154, 154, 90, 138, 186, 90, 138, 234, 166, 214, 214, 142, 190, 214, 130, 130, 202, 106, 178, 226, 90, 186, 210, 114, 186, 186, 166, 166, 286, 142, 190, 286, 64, 136, 160, 88, 160, 160, 112, 112, 208, 58, 106, 178, 90, 138, 210, 66, 114, 210, 58, 82, 178, 90, 114, 210, 66, 162, 162, 82, 130, 202, 66, 138, 210, 90, 138, 162]
Q = [4, 4, 4, 2, 2, 4, 2, 2, 2, 4, 2, 4, 2, 4, 2, 2, 4, 4, 2, 4, 4, 4, 2, 2, 4, 4, 4, 4, 2, 2, 4, 2, 2, 4, 2, 4, 4, 4, 4, 2, 2, 4, 2, 2, 2, 2, 4, 2, 4, 2, 4, 2, 4, 4, 2, 2, 2, 4, 4, 4, 2, 4, 2, 4, 2, 4, 4, 4, 2, 2, 2, 4, 2, 4, 2, 2, 4, 2, 2, 4, 4, 4, 2, 4, 4, 4, 4, 2, 2, 2, 2, 2, 4, 2, 2, 4, 4, 2, 2, 2, 4, 2, 4, 4, 2, 2, 4, 2, 4, 4, 2, 4, 2, 4, 2, 2, 2, 4, 4, 2, 2, 2, 2, 2, 2, 2, 2, 2, 4, 4, 2, 4, 2, 4, 4, 4, 2, 2, 2, 4, 4, 2, 2, 2, 2, 2, 4, 2, 4, 4, 4, 4, 4, 4, 2, 4, 2, 2, 2, 2, 2, 2, 2, 2, 2, 2, 2, 2, 4, 2, 2, 4, 4, 4, 2, 2, 4, 4, 4, 2, 2, 2, 4, 4, 4, 4, 2, 4, 2, 2, 4, 2, 4, 4, 4, 4, 2, 4, 2, 2, 2, 4, 4, 4, 2, 2, 2, 2, 4, 4, 4, 2, 2, 2, 4, 4, 3, 6, 3, 3, 3, 6, 3, 3, 3, 6, 6, 6, 3, 3, 3, 3, 6, 3, 3, 6, 3, 6, 6, 3, 3, 6, 3, 6, 3, 6, 6, 6, 3, 6, 3, 6, 6, 3, 3, 6, 3, 3, 6, 3, 6, 3, 6, 3, 3, 6, 6, 3, 6, 6, 3, 6, 6, 3, 6, 3, 3, 3, 6, 6, 6, 6, 3, 6, 3, 6, 3, 6, 3, 6, 6, 6, 6, 3, 6, 6, 6, 3, 6, 3, 6, 6, 6, 6, 6, 6, 5, 5, 5, 5, 10, 5, 5, 5, 10, 10, 5, 5, 10, 10, 10, 10, 5, 10, 10, 10, 5, 5, 10, 10, 10, 5, 5, 10, 5, 10, 5, 10, 10, 5, 10, 10]
cfixed = [296, 210, 217, 300, 203, 215, 222, 273, 205, 200, 296, 208, 286, 244, 235, 281, 249, 261, 269, 236, 257, 211, 283, 207, 245, 260, 255, 245, 231, 260, 252, 215, 242, 260, 293, 261, 247, 218, 283, 205, 259, 282, 264, 290, 250, 219, 298, 274, 300, 230, 222, 254, 236, 266, 243, 228, 292, 228, 265, 274, 259, 298, 286, 211, 200, 275, 258, 239, 236, 243, 231, 236, 287, 225, 284, 257, 249, 239, 278, 248, 237, 291, 295, 272, 215, 238, 250, 202, 247, 235, 265, 256, 285, 265, 275, 284, 237, 224, 220, 300, 210, 300, 206, 206, 225, 263, 271, 246, 291, 291, 270, 276, 270, 243, 261, 280, 282, 212, 220, 292, 295, 265, 203, 286, 232, 208, 225, 202, 247, 279, 212, 266, 209, 253, 277, 298, 299, 247, 262, 208, 233, 297, 259, 249, 207, 223, 222, 270, 266, 273, 290, 280, 267, 235, 267, 268, 251, 231, 211, 246, 255, 220, 225, 209, 246, 282, 295, 288, 255, 264, 252, 208, 260, 241, 206, 227, 269, 290, 287, 207, 258, 209, 221, 222, 207, 269, 263, 237, 245, 249, 261, 280, 258, 239, 234, 281, 297, 205, 251, 276, 276, 245, 270, 300, 223, 213, 258, 209, 227, 235, 206, 213, 281, 271, 271, 244, 405, 369, 417, 374, 334, 411, 409, 346, 497, 458, 301, 484, 493, 310, 390, 308, 338, 386, 364, 431, 372, 358, 456, 487, 344, 389, 307, 480, 304, 447, 393, 470, 302, 393, 403, 413, 376, 491, 366, 493, 334, 484, 376, 346, 458, 429, 373, 452, 488, 425, 473, 446, 481, 374, 333, 437, 466, 381, 491, 457, 399, 395, 476, 359, 453, 316, 430, 322, 490, 338, 467, 306, 317, 467, 301, 444, 478, 408, 396, 346, 314, 472, 347, 318, 497, 371, 391, 480, 413, 422, 576, 574, 504, 641, 581, 597, 698, 601, 621, 572, 515, 695, 597, 535, 506, 558, 541, 664, 556, 541, 680, 615, 558, 568, 564, 566, 676, 572, 667, 612, 652, 619, 613, 656, 631, 690]
ctravel = [92, 44, 20, 44, 92, 68, 44, 20, 76, 52, 76, 100, 100, 100, 76, 52, 52, 52, 76, 52, 104, 80, 80, 152, 80, 128, 128, 128, 80, 152, 152, 80, 128, 128, 104, 80, 44, 44, 68, 20, 68, 92, 20, 20, 100, 76, 100, 76, 52, 52, 100, 52, 52, 100, 52, 76, 152, 104, 80, 104, 80, 128, 104, 128, 152, 128, 152, 128, 80, 152, 80, 152, 68, 68, 68, 44, 44, 92, 68, 20, 100, 52, 100, 100, 76, 100, 76, 76, 100, 76, 52, 52, 80, 104, 152, 80, 104, 152, 152, 152, 80, 128, 152, 104, 104, 152, 104, 152, 20, 92, 68, 92, 44, 44, 92, 20, 44, 20, 68, 68, 52, 100, 52, 52, 76, 52, 100, 52, 104, 80, 128, 152, 104, 80, 104, 128, 104, 104, 152, 104, 104, 152, 152, 152, 92, 68, 20, 92, 20, 68, 92, 92, 44, 20, 92, 92, 76, 52, 52, 52, 76, 100, 76, 76, 152, 80, 80, 104, 152, 80, 152, 104, 128, 128, 80, 152, 152, 152, 80, 128, 44, 20, 20, 68, 92, 92, 68, 44, 44, 92, 68, 44, 52, 52, 76, 100, 76, 76, 52, 76, 104, 128, 104, 80, 152, 128, 128, 152, 128, 128, 104, 128, 104, 128, 104, 152, 36.0, 74.4, 16.8, 61.6, 61.6, 80.80000000000001, 42.400000000000006, 80.80000000000001, 80.80000000000001, 42.400000000000006, 61.6, 61.6, 103.2, 84.0, 64.8, 84.0, 122.4, 84.0, 74.4, 74.4, 55.2, 61.6, 80.80000000000001, 80.80000000000001, 61.6, 42.400000000000006, 42.400000000000006, 80.80000000000001, 80.80000000000001, 42.400000000000006, 122.4, 103.2, 64.8, 122.4, 84.0, 64.8, 16.8, 36.0, 16.8, 74.4, 36.0, 74.4, 42.400000000000006, 42.400000000000006, 61.6, 61.6, 80.80000000000001, 80.80000000000001, 122.4, 103.2, 103.2, 64.8, 64.8, 122.4, 36.0, 36.0, 55.2, 36.0, 55.2, 16.8, 42.400000000000006, 42.400000000000006, 42.400000000000006, 42.400000000000006, 42.400000000000006, 80.80000000000001, 103.2, 103.2, 64.8, 84.0, 84.0, 64.8, 74.4, 36.0, 55.2, 55.2, 74.4, 74.4, 42.400000000000006, 80.80000000000001, 61.6, 61.6, 80.80000000000001, 42.400000000000006, 103.2, 64.8, 122.4, 84.0, 84.0, 122.4, 32.4, 46.8, 32.4, 46.8, 61.199999999999996, 32.4, 61.199999999999996, 32.4, 61.199999999999996, 27.0, 27.0, 41.4, 46.199999999999996, 46.199999999999996, 60.599999999999994, 31.799999999999997, 31.799999999999997, 60.599999999999994, 27.0, 12.6, 41.4, 46.199999999999996, 31.799999999999997, 60.599999999999994, 31.799999999999997, 60.599999999999994, 31.799999999999997, 41.4, 41.4, 55.8, 31.799999999999997, 46.199999999999996, 60.599999999999994, 46.199999999999996, 46.199999999999996, 31.799999999999997]
mode = [0, 0, 0, 0, 0, 0, 0, 0, 0, 0, 0, 0, 0, 0, 0, 0, 0, 0, 0, 0, 0, 0, 0, 0, 0, 0, 0, 0, 0, 0, 0, 0, 0, 0, 0, 0, 0, 0, 0, 0, 0, 0, 0, 0, 0, 0, 0, 0, 0, 0, 0, 0, 0, 0, 0, 0, 0, 0, 0, 0, 0, 0, 0, 0, 0, 0, 0, 0, 0, 0, 0, 0, 0, 0, 0, 0, 0, 0, 0, 0, 0, 0, 0, 0, 0, 0, 0, 0, 0, 0, 0, 0, 0, 0, 0, 0, 0, 0, 0, 0, 0, 0, 0, 0, 0, 0, 0, 0, 0, 0, 0, 0, 0, 0, 0, 0, 0, 0, 0, 0, 0, 0, 0, 0, 0, 0, 0, 0, 0, 0, 0, 0, 0, 0, 0, 0, 0, 0, 0, 0, 0, 0, 0, 0, 0, 0, 0, 0, 0, 0, 0, 0, 0, 0, 0, 0, 0, 0, 0, 0, 0, 0, 0, 0, 0, 0, 0, 0, 0, 0, 0, 0, 0, 0, 0, 0, 0, 0, 0, 0, 0, 0, 0, 0, 0, 0, 0, 0, 0, 0, 0, 0, 0, 0, 0, 0, 0, 0, 0, 0, 0, 0, 0, 0, 0, 0, 0, 0, 0, 0, 0, 0, 0, 0, 0, 0, 1, 1, 1, 1, 1, 1, 1, 1, 1, 1, 1, 1, 1, 1, 1, 1, 1, 1, 1, 1, 1, 1, 1, 1, 1, 1, 1, 1, 1, 1, 1, 1, 1, 1, 1, 1, 1, 1, 1, 1, 1, 1, 1, 1, 1, 1, 1, 1, 1, 1, 1, 1, 1, 1, 1, 1, 1, 1, 1, 1, 1, 1, 1, 1, 1, 1, 1, 1, 1, 1, 1, 1, 1, 1, 1, 1, 1, 1, 1, 1, 1, 1, 1, 1, 1, 1, 1, 1, 1, 1, 2, 2, 2, 2, 2, 2, 2, 2, 2, 2, 2, 2, 2, 2, 2, 2, 2, 2, 2, 2, 2, 2, 2, 2, 2, 2, 2, 2, 2, 2, 2, 2, 2, 2, 2, 2]
delivery_process = ['Direct-Shipment', 'Cross-Docking', 'Cross-Docking', 'Direct-Shipment']
distance_ln = [[5.44, 4.22, 0.9, 0.51, 4.98, 7.32, 5.82, 7.23, 14.54, 17.59, 4.95, 9.27, 7.36, 2.44, 3.01, 2.32, 6.95, 1.84, 9.77, 3.7, 8.88, 1.32, 13.55, 9.98, 2.64, 5.52, 7.27, 0.85, 5.59, 4.12, 12.8, 18.36, 13.57, 0.81, 11.25, 3.53, 4.2, 10.3, 11.29, 11.47, 0.56, 3.3, 5.78, 2.19, 4.88, 10.54, 2.55, 1.07, 13.46, 4.75, 4.21, 14.43, 3.18, 2.01, 4.7, 11.68, 4.36, 2.13, 8.56, 0.43, 18.32, 2.98, 2.29, 10.28, 9.06, 7.41, 2.93, 0.93, 10.31, 1.92, 4.27, 9.36, 11.2, 11.47, 13.61], [5.58, 2.85, 2.7, 11.42, 3.19, 4.62, 1.81, 5.66, 1.94, 10.96, 8.4, 2.72, 15.21, 3.88, 7.33, 3.53, 6.41, 6.55, 16.32, 8.63, 5.66, 5.62, 4.58, 3.38, 0.48, 5.45, 1.63, 10.9, 7.22, 3.98, 5.92, 3.22, 4.4, 2.88, 5.88, 1.41, 0.39, 4.56, 0.24, 1.03, 10.01, 10.05, 0.0, 14.32, 6.0, 1.13, 5.39, 1.87, 5.43, 0.29, 2.27, 5.42, 7.65, 4.37, 3.67, 12.15, 8.63, 14.29, 0.64, 2.25, 6.98, 4.22, 3.05, 0.65, 2.02, 1.35, 1.41, 13.98, 6.17, 2.68, 14.06, 4.34, 13.14, 5.09, 11.24], [7.67, 0.59, 0.66, 2.58, 13.66, 11.06, 4.51, 7.42, 3.41, 11.07, 15.51, 5.58, 1.82, 5.5, 0.88, 5.53, 7.92, 4.6, 3.84, 2.71, 11.79, 13.85, 9.09, 14.96, 14.82, 2.66, 7.46, 2.37, 2.86, 5.32, 7.47, 4.9, 10.59, 1.09, 8.94, 2.21, 4.11, 9.98, 2.81, 6.65, 1.45, 11.14, 6.62, 0.3, 8.35, 9.94, 2.26, 4.52, 4.3, 7.31, 12.78, 11.97, 1.5, 7.4, 16.85, 2.52, 8.16, 0.93, 9.48, 7.31, 11.73, 2.77, 9.92, 9.76, 13.0, 1.22, 9.05, 0.72, 7.45, 1.44, 0.67, 4.7, 5.72, 1.61, 4.46], [11.45, 10.17, 7.59, 9.04, 7.6, 7.4, 5.09, 4.73, 1.62, 6.14, 15.88, 7.34, 13.95, 9.44, 14.87, 10.33, 2.77, 4.46, 4.23, 6.21, 1.8, 7.48, 10.61, 2.64, 6.66, 2.21, 8.64, 5.0, 0.33, 15.15, 7.05, 2.82, 3.71, 11.83, 2.27, 14.05, 7.7, 3.95, 3.24, 3.94, 3.01, 1.1, 1.61, 14.9, 12.97, 0.63, 5.11, 8.37, 2.99, 4.58, 0.97, 2.52, 11.01, 8.53, 3.54, 12.05, 2.9, 7.34, 4.34, 5.33, 1.88, 9.71, 12.36, 5.55, 10.26, 1.8, 9.18, 3.95, 1.73, 5.34, 8.35, 16.47, 1.74, 2.05, 9.28]]
distance_nn = [[0.0, 7.02, 5.76, 4.48, 9.16, 16.42, 7.75, 4.45, 17.06, 1.2, 11.6, 8.87, 6.27, 5.97, 4.32, 5.62, 6.28, 5.12, 4.35, 0.17, 13.52, 13.01, 4.04, 7.57, 8.33, 0.59, 15.13, 1.73, 8.85, 14.41, 1.31, 17.04, 11.2, 6.45, 4.47, 8.07, 12.66, 0.24, 8.36, 1.79, 9.68, 1.1, 8.61, 2.5, 12.03, 9.63, 3.35, 7.42, 7.01, 4.97, 2.59, 2.44, 7.0, 12.79, 4.56, 0.98, 6.49, 5.83, 3.77, 3.95, 16.16, 4.44, 5.34, 6.73, 11.07, 1.17, 7.96, 8.18, 2.07, 2.44, 2.13, 18.53, 1.27, 0.17, 6.36], [6.04, 0.0, 2.86, 3.02, 7.9, 12.64, 10.35, 7.08, 9.72, 2.66, 14.09, 7.89, 2.34, 2.92, 0.83, 0.94, 5.12, 7.02, 8.91, 1.51, 20.71, 7.64, 12.06, 11.23, 15.22, 8.88, 13.39, 3.5, 20.74, 12.15, 5.52, 7.5, 5.17, 5.79, 12.49, 3.33, 17.1, 1.06, 6.42, 6.68, 0.98, 7.42, 10.87, 1.21, 1.33, 17.03, 2.49, 6.36, 9.35, 8.32, 17.73, 10.14, 7.03, 5.39, 14.29, 6.54, 10.65, 1.02, 11.59, 4.94, 10.36, 2.29, 8.45, 10.7, 11.27, 4.15, 11.91, 0.83, 5.96, 11.65, 0.36, 15.41, 6.82, 2.91, 10.44], [1.3, 1.96, 0.0, 0.36, 6.45, 6.8, 5.89, 1.12, 13.62, 6.13, 9.76, 7.29, 5.07, 3.78, 2.5, 1.53, 2.06, 4.41, 7.82, 4.44, 11.49, 10.98, 6.95, 2.02, 9.56, 8.76, 2.39, 3.64, 13.14, 8.49, 6.13, 6.67, 10.37, 7.47, 8.18, 2.68, 7.03, 4.24, 5.5, 3.87, 2.02, 2.15, 6.37, 2.25, 1.03, 2.57, 3.2, 3.89, 2.34, 7.82, 5.06, 1.88, 0.49, 4.36, 3.98, 5.48, 7.46, 2.3, 12.49, 8.46, 15.46, 1.09, 0.87, 4.78, 5.21, 4.41, 2.86, 6.1, 3.66, 5.78, 4.64, 8.93, 3.72, 3.19, 10.7], [4.63, 4.22, 0.74, 0.0, 11.92, 6.44, 2.06, 2.24, 18.24, 12.35, 10.18, 5.77, 0.63, 6.31, 1.65, 1.65, 1.65, 2.28, 10.96, 8.01, 9.5, 11.17, 9.17, 8.18, 3.13, 8.77, 9.23, 3.75, 9.04, 9.38, 12.15, 15.28, 13.94, 0.88, 8.76, 1.86, 14.18, 4.47, 6.58, 5.75, 0.42, 4.65, 10.73, 0.8, 7.16, 10.83, 0.68, 1.48, 10.33, 3.89, 3.53, 8.93, 2.4, 1.25, 7.42, 8.15, 7.91, 0.29, 3.44, 5.53, 16.91, 1.66, 6.98, 11.14, 3.51, 1.52, 8.38, 1.11, 1.45, 6.72, 3.82, 4.47, 2.8, 5.66, 5.87], [13.98, 12.28, 8.91, 5.51, 0.0, 0.0, 8.69, 6.56, 5.17, 10.51, 0.66, 1.78, 3.93, 1.98, 7.04, 4.56, 6.8, 3.73, 18.19, 8.97, 7.83, 0.0, 18.85, 10.02, 1.15, 17.97, 1.27, 9.89, 2.62, 1.93, 2.52, 4.02, 4.73, 2.27, 4.36, 9.03, 4.73, 1.88, 5.72, 8.44, 1.37, 3.47, 5.71, 11.62, 2.33, 2.89, 6.27, 2.1, 2.78, 3.67, 8.33, 7.69, 3.62, 1.92, 2.94, 2.27, 1.49, 11.78, 7.24, 2.45, 2.79, 4.32, 2.13, 5.0, 1.55, 1.25, 3.6, 9.96, 5.49, 2.34, 11.89, 1.29, 9.97, 3.88, 19.29], [6.49, 4.53, 2.73, 7.02, 0.0, 0.0, 7.68, 5.89, 11.65, 5.0, 1.6, 7.64, 6.44, 5.32, 1.7, 3.39, 3.72, 5.32, 11.33, 11.58, 14.6, 0.0, 3.56, 9.05, 7.38, 8.27, 0.91, 3.34, 9.18, 1.08, 8.64, 10.81, 9.53, 4.91, 10.85, 3.61, 1.54, 8.14, 3.53, 1.68, 2.43, 8.82, 5.82, 11.23, 1.77, 4.61, 4.21, 3.05, 2.04, 3.98, 10.1, 9.71, 4.01, 0.92, 10.68, 7.45, 3.19, 12.48, 8.91, 5.92, 5.61, 7.72, 3.95, 2.85, 1.17, 4.15, 6.13, 3.66, 14.07, 11.08, 13.19, 2.04, 9.2, 11.2, 12.8], [4.09, 3.29, 1.04, 4.39, 5.22, 9.36, 0.0, 0.92, 11.08, 8.22, 4.03, 0.81, 8.86, 2.14, 2.93, 2.4, 2.05, 3.22, 1.11, 6.38, 1.32, 2.43, 7.13, 4.15, 3.73, 4.45, 8.83, 1.23, 4.31, 7.81, 6.62, 4.01, 4.92, 1.73, 1.86, 4.34, 1.5, 8.02, 2.82, 0.73, 4.95, 3.55, 3.3, 3.62, 11.14, 2.23, 5.47, 5.68, 1.41, 4.52, 1.52, 6.2, 3.29, 8.21, 1.08, 6.82, 4.25, 5.13, 4.11, 9.34, 10.01, 2.36, 7.01, 6.41, 5.07, 0.72, 3.2, 2.15, 5.68, 1.03, 4.82, 11.07, 4.2, 5.18, 4.8], [3.16, 4.79, 1.08, 5.05, 8.36, 3.82, 3.01, 0.0, 6.11, 4.81, 10.31, 4.05, 5.4, 1.84, 4.06, 10.16, 4.39, 5.39, 9.82, 3.36, 1.48, 1.46, 3.2, 6.48, 9.76, 2.13, 2.3, 6.24, 7.35, 8.04, 2.41, 5.49, 3.82, 8.13, 2.05, 4.71, 2.1, 1.89, 6.8, 2.16, 4.18, 3.5, 7.11, 3.04, 10.6, 6.35, 2.91, 7.71, 2.01, 5.36, 7.37, 5.11, 1.91, 6.1, 1.68, 2.85, 10.3, 3.04, 3.56, 8.23, 5.14, 1.45, 7.13, 5.4, 7.27, 0.99, 4.6, 6.57, 2.65, 1.45, 1.96, 10.8, 3.96, 1.3, 3.66], [5.21, 10.73, 8.75, 9.69, 5.37, 1.99, 7.63, 11.39, 0.0, 11.43, 13.31, 8.21, 22.75, 11.44, 16.79, 14.73, 3.03, 11.52, 5.51, 16.9, 0.52, 11.77, 14.5, 2.69, 2.5, 16.93, 8.72, 6.12, 1.52, 4.67, 2.85, 1.85, 3.94, 15.41, 10.38, 14.31, 5.98, 7.96, 1.3, 4.21, 8.84, 2.56, 2.84, 13.65, 17.07, 1.97, 15.71, 4.12, 11.95, 1.58, 2.09, 7.57, 6.31, 16.76, 1.81, 17.35, 9.48, 12.38, 5.31, 2.24, 1.09, 20.14, 8.26, 7.86, 7.86, 2.51, 10.57, 14.06, 6.76, 1.82, 21.23, 14.01, 6.65, 2.93, 8.88], [5.07, 10.65, 10.19, 5.74, 9.77, 15.91, 4.4, 5.52, 8.96, 0.0, 18.71, 11.88, 11.61, 9.38, 10.52, 5.8, 3.15, 10.55, 0.91, 2.23, 6.14, 11.68, 0.4, 6.69, 4.15, 1.47, 20.72, 10.16, 6.7, 3.07, 1.99, 14.07, 9.34, 3.94, 4.91, 13.14, 15.68, 5.93, 6.5, 9.06, 7.11, 3.34, 16.19, 13.98, 10.92, 4.73, 15.15, 2.31, 2.02, 16.45, 5.29, 4.7, 13.45, 11.01, 13.92, 1.31, 16.01, 3.95, 6.03, 7.97, 17.51, 10.33, 3.55, 7.55, 19.07, 10.83, 12.92, 10.94, 6.98, 8.7, 2.88, 9.45, 2.73, 1.84, 0.23], [10.38, 7.21, 5.75, 8.62, 3.47, 2.88, 5.72, 7.88, 15.73, 4.76, 0.0, 8.61, 9.54, 10.02, 12.69, 4.1, 2.54, 2.1, 14.75, 9.73, 7.71, 3.48, 15.57, 7.27, 4.21, 8.15, 3.47, 7.18, 15.36, 0.73, 8.33, 5.74, 6.12, 12.87, 14.17, 3.27, 7.25, 7.82, 2.56, 3.79, 8.36, 13.2, 1.85, 11.58, 2.91, 19.27, 2.07, 3.33, 15.33, 7.46, 11.81, 9.15, 3.92, 2.28, 11.22, 22.51, 1.31, 3.72, 13.59, 5.63, 11.1, 14.72, 5.94, 8.3, 2.8, 10.94, 6.88, 14.47, 16.82, 10.04, 17.56, 0.71, 13.66, 19.31, 22.26], [5.97, 2.47, 3.49, 7.4, 7.0, 4.65, 1.11, 2.57, 2.49, 8.39, 7.4, 0.0, 1.32, 1.2, 10.44, 6.44, 2.02, 5.79, 12.48, 8.42, 2.99, 2.96, 8.61, 5.18, 5.98, 2.12, 5.57, 5.3, 4.63, 6.43, 5.77, 4.51, 7.5, 8.45, 1.29, 5.86, 3.44, 8.02, 2.35, 0.34, 3.06, 6.74, 3.53, 7.73, 2.76, 4.85, 2.75, 0.91, 2.65, 2.5, 1.99, 2.45, 5.17, 6.73, 4.22, 10.13, 7.83, 6.09, 0.65, 1.26, 6.92, 8.46, 1.59, 1.6, 5.75, 1.51, 1.46, 12.68, 3.56, 3.56, 1.69, 7.39, 3.54, 3.4, 6.49], [4.13, 2.82, 3.05, 0.41, 9.6, 11.7, 1.65, 7.25, 15.35, 2.43, 15.5, 4.08, 0.0, 10.3, 0.28, 1.61, 11.99, 7.8, 13.05, 7.75, 14.69, 15.62, 7.75, 10.67, 5.0, 8.24, 12.37, 3.48, 5.79, 18.01, 2.16, 10.18, 3.37, 8.05, 1.72, 1.08, 7.0, 4.1, 3.17, 2.43, 6.17, 1.17, 3.51, 1.15, 3.7, 12.51, 0.89, 9.45, 2.7, 12.46, 11.43, 9.6, 7.31, 5.05, 16.03, 3.39, 9.89, 0.78, 2.67, 6.89, 7.67, 6.31, 5.94, 8.3, 3.34, 5.39, 6.67, 3.2, 1.85, 5.76, 0.4, 5.69, 3.57, 3.88, 13.21], [4.8, 9.61, 3.32, 1.38, 4.27, 6.32, 1.12, 3.12, 10.14, 7.52, 11.38, 1.82, 4.48, 0.0, 8.32, 5.6, 3.38, 2.0, 6.35, 4.23, 7.4, 5.74, 4.17, 4.38, 2.2, 6.0, 1.59, 3.2, 1.28, 1.35, 8.78, 5.02, 4.76, 8.59, 5.3, 3.02, 5.95, 10.58, 4.25, 3.11, 6.19, 6.6, 3.01, 1.1, 4.52, 10.68, 2.55, 3.13, 7.44, 3.67, 2.63, 5.72, 2.45, 3.15, 6.9, 11.07, 5.33, 1.88, 6.41, 7.8, 2.04, 4.69, 3.57, 5.83, 4.51, 2.41, 0.61, 4.58, 7.2, 1.33, 1.33, 4.28, 7.63, 1.39, 9.54], [1.35, 1.73, 2.38, 0.63, 13.14, 13.14, 7.24, 2.19, 17.74, 2.22, 5.48, 3.57, 1.49, 9.0, 0.0, 1.84, 8.49, 1.23, 10.44, 3.91, 9.79, 8.77, 1.71, 9.7, 7.47, 8.17, 7.29, 5.22, 1.85, 11.96, 3.81, 3.24, 5.92, 5.64, 10.11, 4.62, 13.26, 1.85, 13.34, 10.03, 2.8, 6.27, 1.86, 0.28, 7.39, 3.13, 2.45, 6.06, 7.39, 3.55, 12.74, 6.7, 4.4, 3.26, 7.7, 4.91, 2.57, 0.63, 6.93, 3.62, 17.95, 0.66, 4.84, 9.73, 3.33, 8.37, 1.34, 2.71, 0.96, 2.32, 1.66, 7.66, 4.76, 4.54, 12.54], [5.73, 7.51, 4.44, 1.59, 1.42, 2.31, 7.56, 3.87, 17.86, 19.75, 6.37, 6.19, 8.14, 7.58, 2.89, 0.0, 3.25, 0.55, 4.75, 14.82, 14.73, 2.2, 18.25, 7.31, 5.03, 9.7, 1.35, 2.93, 2.51, 6.52, 11.87, 7.73, 15.06, 2.92, 11.15, 5.33, 10.6, 13.99, 9.61, 7.1, 0.63, 9.58, 1.92, 5.51, 1.2, 3.48, 0.76, 1.05, 14.92, 6.64, 12.85, 17.74, 2.79, 1.15, 3.76, 14.12, 1.79, 4.8, 8.83, 0.0, 13.93, 0.66, 3.06, 1.3, 5.25, 6.96, 2.89, 7.25, 4.88, 11.12, 9.79, 6.81, 3.0, 6.46, 15.61], [7.98, 12.86, 1.48, 2.21, 8.79, 4.18, 1.62, 4.69, 1.89, 3.65, 15.39, 2.63, 4.56, 4.28, 2.97, 11.38, 0.0, 3.95, 2.41, 8.06, 1.48, 2.46, 9.14, 4.35, 4.73, 5.42, 5.23, 4.08, 2.66, 2.08, 5.64, 6.76, 4.38, 6.87, 0.79, 5.47, 2.81, 4.98, 1.11, 0.52, 3.36, 5.39, 2.0, 11.98, 10.88, 1.52, 3.26, 5.87, 1.43, 4.61, 1.04, 4.39, 5.63, 3.7, 3.72, 9.9, 12.68, 8.49, 0.94, 7.65, 2.5, 2.38, 1.83, 2.31, 10.21, 2.15, 2.16, 12.01, 5.6, 1.71, 4.84, 6.18, 2.55, 3.24, 1.84], [6.59, 3.91, 5.23, 1.28, 3.65, 1.59, 1.16, 0.96, 7.77, 1.94, 5.6, 3.88, 6.97, 3.37, 6.52, 2.36, 2.96, 0.0, 12.92, 8.38, 5.24, 0.65, 10.9, 9.35, 2.45, 5.86, 6.04, 0.53, 9.28, 6.77, 15.6, 11.27, 11.74, 4.99, 4.24, 1.94, 9.67, 10.12, 8.71, 5.64, 3.64, 4.33, 6.41, 3.78, 3.16, 15.33, 3.98, 0.35, 5.23, 3.67, 6.72, 3.15, 0.33, 1.07, 4.24, 1.55, 1.37, 7.43, 8.8, 2.79, 8.48, 3.91, 2.08, 4.26, 6.58, 1.18, 3.16, 2.23, 9.34, 1.7, 1.31, 7.38, 1.5, 10.72, 11.46], [5.05, 2.96, 6.27, 8.65, 3.15, 17.82, 1.15, 6.75, 11.36, 1.32, 20.25, 10.85, 13.16, 2.06, 11.82, 20.23, 5.62, 5.49, 0.0, 1.02, 4.56, 17.72, 1.61, 4.9, 14.59, 3.79, 14.75, 15.25, 9.56, 11.3, 1.26, 16.16, 6.77, 11.31, 2.95, 12.55, 6.54, 4.53, 8.76, 3.35, 9.69, 4.57, 12.55, 7.66, 16.13, 4.27, 8.71, 2.4, 4.86, 9.56, 7.62, 3.05, 5.25, 7.99, 8.88, 3.31, 3.7, 8.27, 9.46, 6.61, 11.07, 14.75, 17.48, 11.59, 15.63, 4.85, 2.7, 4.43, 7.72, 7.05, 2.82, 19.55, 4.15, 5.81, 1.6], [0.94, 9.66, 3.74, 6.83, 2.35, 13.38, 2.23, 0.77, 16.34, 5.36, 9.89, 6.48, 4.32, 4.92, 6.08, 11.65, 6.63, 11.74, 2.35, 0.0, 5.84, 2.1, 0.36, 10.35, 11.49, 0.74, 17.1, 7.97, 11.81, 6.79, 4.05, 3.06, 5.49, 13.82, 2.46, 2.54, 16.36, 0.94, 5.26, 4.79, 1.84, 0.95, 4.4, 2.87, 14.87, 10.99, 6.96, 4.25, 4.36, 12.58, 8.45, 6.65, 9.03, 13.2, 12.53, 0.68, 12.41, 3.23, 10.38, 7.78, 6.3, 6.55, 9.31, 2.5, 1.96, 1.39, 9.3, 4.71, 0.38, 4.41, 5.76, 14.05, 0.41, 1.41, 2.66], [10.38, 11.5, 5.28, 5.68, 4.3, 2.91, 2.28, 2.43, 3.7, 3.3, 18.66, 4.54, 9.27, 5.61, 12.48, 8.24, 5.39, 5.4, 7.29, 7.32, 0.0, 2.71, 5.45, 2.17, 8.83, 4.73, 9.56, 15.69, 0.32, 6.49, 6.49, 1.65, 4.11, 11.88, 6.32, 13.13, 4.63, 4.35, 6.13, 5.38, 17.05, 8.94, 1.18, 2.11, 8.71, 1.27, 11.82, 1.97, 6.32, 3.66, 1.84, 5.31, 3.01, 4.0, 2.44, 7.57, 4.11, 4.82, 1.63, 17.54, 1.96, 15.06, 6.84, 1.82, 1.94, 8.38, 9.52, 16.65, 10.27, 1.61, 16.89, 13.59, 2.83, 2.86, 2.2], [7.06, 14.66, 3.27, 5.57, 0.0, 0.0, 7.09, 4.21, 10.93, 10.74, 4.63, 2.16, 8.13, 5.59, 2.89, 5.6, 8.82, 3.62, 16.88, 4.3, 10.95, 0.0, 9.49, 2.84, 2.08, 3.52, 0.73, 4.39, 6.34, 1.01, 18.5, 9.22, 9.22, 4.98, 12.27, 9.0, 2.43, 7.43, 5.98, 6.24, 9.48, 11.11, 3.47, 8.0, 2.77, 13.7, 1.34, 5.35, 8.53, 4.23, 7.55, 9.6, 1.04, 4.18, 10.45, 10.35, 2.27, 5.66, 8.81, 1.03, 13.36, 1.81, 3.36, 2.87, 1.51, 1.38, 5.6, 9.4, 2.25, 7.78, 3.23, 1.45, 11.39, 10.39, 22.01], [2.29, 7.31, 7.85, 9.67, 2.0, 3.66, 6.04, 6.55, 2.54, 0.88, 6.24, 4.23, 10.64, 10.62, 5.92, 17.92, 5.5, 5.34, 1.92, 1.72, 5.74, 3.41, 0.0, 13.71, 10.68, 0.2, 11.87, 15.55, 12.28, 18.51, 2.12, 12.39, 9.65, 13.2, 1.99, 10.47, 3.69, 1.35, 10.26, 7.09, 6.27, 2.5, 2.66, 7.58, 4.7, 10.74, 7.99, 2.33, 2.31, 2.24, 5.65, 1.77, 8.6, 2.79, 7.29, 0.98, 13.63, 1.99, 7.42, 12.18, 5.75, 14.68, 2.87, 17.83, 6.37, 8.74, 4.27, 7.75, 3.43, 0.81, 8.28, 5.71, 1.8, 4.0, 0.76], [1.88, 10.58, 8.97, 3.16, 1.22, 10.82, 3.25, 4.28, 4.17, 8.58, 7.64, 6.39, 8.6, 5.19, 13.75, 3.87, 3.93, 3.86, 9.96, 9.3, 3.01, 5.86, 2.85, 0.0, 4.69, 10.71, 2.49, 15.18, 3.57, 7.75, 1.78, 1.29, 3.21, 17.88, 0.89, 2.44, 0.96, 13.55, 3.44, 4.58, 3.39, 3.29, 0.79, 9.86, 13.7, 2.69, 7.74, 4.16, 3.88, 4.51, 0.56, 3.69, 5.4, 3.4, 1.15, 3.29, 13.87, 7.96, 0.82, 9.89, 4.13, 7.46, 7.25, 1.94, 1.98, 4.08, 1.93, 10.61, 8.05, 7.47, 19.01, 4.28, 8.73, 1.51, 8.04], [16.45, 19.03, 13.1, 8.44, 7.9, 4.08, 9.64, 8.95, 5.29, 17.78, 3.63, 2.51, 11.45, 5.24, 3.42, 4.35, 6.68, 5.68, 5.06, 6.03, 6.75, 3.78, 11.62, 5.17, 0.0, 2.58, 2.51, 14.2, 2.02, 2.47, 15.13, 1.48, 2.05, 3.1, 9.33, 4.16, 0.8, 4.46, 2.19, 6.12, 2.55, 6.58, 1.06, 11.34, 5.06, 6.5, 9.32, 13.0, 8.69, 4.28, 3.47, 6.96, 4.56, 11.79, 2.82, 8.51, 4.51, 14.2, 2.93, 1.58, 1.6, 15.68, 1.89, 0.44, 3.46, 7.09, 6.88, 11.62, 13.66, 6.34, 17.72, 2.98, 16.97, 15.13, 16.27], [1.21, 11.5, 5.7, 6.37, 6.78, 15.75, 9.38, 2.4, 16.52, 3.2, 9.33, 1.34, 1.79, 9.53, 2.61, 4.33, 8.47, 5.62, 2.54, 0.58, 12.98, 18.99, 0.46, 13.84, 12.64, 0.0, 9.23, 9.64, 13.08, 3.15, 4.05, 13.43, 13.16, 6.56, 3.84, 9.23, 2.54, 1.18, 13.6, 4.47, 6.56, 0.92, 8.13, 8.92, 12.68, 11.25, 3.07, 3.94, 1.48, 3.57, 5.29, 5.78, 1.32, 5.77, 2.87, 0.39, 17.46, 2.73, 8.02, 7.77, 16.77, 13.24, 1.66, 6.85, 13.39, 3.54, 1.77, 5.48, 1.05, 5.15, 10.96, 4.34, 0.63, 1.53, 2.15], [11.71, 9.57, 2.71, 4.82, 0.5, 1.27, 4.78, 7.82, 5.25, 7.88, 4.07, 7.61, 3.9, 3.77, 2.48, 4.48, 3.58, 5.55, 10.63, 10.24, 11.97, 1.17, 10.2, 7.86, 4.17, 15.66, 0.0, 9.3, 7.73, 1.35, 16.79, 10.79, 1.92, 11.98, 1.76, 3.65, 1.81, 3.15, 1.11, 1.36, 9.55, 14.13, 3.33, 7.18, 2.17, 6.92, 2.68, 2.7, 9.59, 0.95, 3.28, 7.85, 1.7, 2.46, 4.55, 3.36, 1.45, 3.72, 5.6, 6.93, 9.91, 13.19, 2.79, 3.08, 0.19, 7.88, 5.64, 2.4, 13.93, 7.58, 15.64, 1.08, 15.45, 14.08, 5.74], [4.93, 3.79, 3.26, 2.49, 8.03, 6.79, 5.43, 1.04, 16.84, 16.81, 10.98, 4.09, 6.65, 1.41, 3.98, 0.57, 4.05, 2.53, 10.45, 4.54, 16.33, 1.8, 10.56, 9.36, 5.23, 4.28, 6.0, 0.0, 13.85, 9.8, 6.52, 5.11, 7.54, 0.34, 6.12, 1.87, 7.6, 2.65, 2.05, 3.25, 0.99, 7.46, 10.75, 2.38, 3.31, 13.16, 0.49, 2.54, 2.28, 11.32, 2.94, 2.69, 3.68, 1.89, 10.89, 10.74, 0.75, 2.68, 11.28, 3.08, 14.83, 0.31, 1.09, 3.11, 2.66, 7.42, 3.55, 3.49, 9.65, 2.53, 5.81, 10.22, 2.94, 11.18, 6.13], [6.44, 8.36, 4.46, 17.15, 9.3, 11.56, 3.08, 2.69, 3.81, 8.13, 15.1, 8.29, 19.4, 7.86, 13.8, 8.04, 3.73, 9.75, 10.97, 7.23, 0.59, 12.54, 7.16, 2.9, 7.06, 13.22, 8.23, 19.2, 0.0, 16.81, 1.92, 1.8, 6.06, 20.47, 4.52, 13.38, 2.95, 4.49, 5.21, 7.06, 3.23, 4.5, 3.38, 11.35, 11.04, 0.97, 7.5, 2.92, 4.52, 6.34, 0.81, 3.29, 10.55, 5.08, 3.78, 5.7, 14.35, 10.4, 5.03, 18.64, 4.17, 7.91, 10.69, 7.36, 2.38, 3.94, 1.68, 13.43, 8.33, 8.79, 17.4, 4.3, 8.28, 5.22, 5.24], [6.18, 9.74, 10.25, 7.5, 0.63, 0.25, 1.92, 12.65, 8.73, 19.53, 2.07, 9.92, 16.94, 5.83, 10.75, 0.89, 13.66, 3.5, 5.46, 16.76, 10.22, 1.98, 10.23, 6.28, 4.32, 19.76, 0.7, 5.43, 8.92, 0.0, 14.44, 3.29, 6.9, 8.96, 7.03, 1.21, 4.33, 15.94, 2.04, 10.78, 3.64, 4.9, 2.95, 7.31, 2.85, 8.0, 12.56, 4.35, 10.16, 7.0, 13.3, 13.03, 5.76, 4.97, 3.37, 8.32, 3.13, 10.51, 3.4, 5.64, 2.69, 12.22, 1.58, 3.81, 2.81, 5.38, 2.98, 6.86, 7.7, 2.5, 14.3, 0.21, 11.16, 11.41, 9.49], [1.28, 8.28, 8.45, 10.66, 2.31, 16.11, 2.33, 6.14, 8.32, 3.33, 14.08, 5.91, 10.13, 2.74, 8.76, 16.9, 2.73, 1.59, 0.59, 3.34, 6.64, 11.25, 3.34, 8.71, 5.74, 4.22, 8.48, 7.31, 2.06, 5.36, 0.0, 10.49, 8.52, 11.66, 2.7, 12.12, 14.26, 0.75, 4.07, 4.69, 10.0, 4.06, 3.94, 5.43, 11.57, 4.81, 10.9, 4.28, 0.46, 11.37, 8.58, 1.91, 3.71, 6.24, 7.72, 1.42, 8.76, 8.7, 11.98, 11.3, 13.11, 4.07, 9.5, 5.14, 3.91, 4.41, 6.26, 6.27, 5.91, 3.14, 11.31, 15.4, 0.65, 2.43, 4.79], [1.95, 20.07, 7.8, 7.58, 4.38, 5.81, 5.27, 11.48, 0.65, 13.15, 15.97, 5.84, 6.47, 10.08, 15.13, 17.34, 1.52, 3.38, 9.34, 12.48, 1.92, 11.59, 17.28, 2.79, 3.49, 17.16, 8.13, 12.58, 4.7, 5.51, 2.2, 0.0, 0.51, 14.79, 5.53, 8.04, 1.28, 5.0, 3.34, 7.8, 12.06, 11.5, 5.51, 15.62, 14.52, 1.92, 14.28, 11.35, 4.38, 4.81, 4.69, 7.17, 5.11, 6.26, 0.52, 9.67, 5.96, 13.88, 2.15, 11.85, 1.71, 6.78, 10.66, 4.62, 8.59, 11.12, 4.57, 16.37, 9.76, 5.31, 11.53, 9.05, 11.96, 2.16, 12.66], [12.82, 7.54, 5.34, 6.68, 9.08, 5.82, 5.7, 7.79, 1.13, 8.79, 12.66, 1.6, 7.93, 2.58, 9.14, 7.69, 4.55, 6.29, 13.33, 3.8, 4.31, 2.07, 3.17, 1.29, 2.99, 14.78, 4.25, 15.22, 1.66, 8.39, 6.88, 0.72, 0.0, 16.71, 6.47, 14.41, 2.74, 11.77, 2.44, 5.21, 8.57, 13.25, 0.75, 13.29, 3.1, 4.46, 16.4, 5.15, 6.63, 3.77, 0.93, 9.92, 1.99, 9.56, 3.34, 6.26, 12.38, 17.45, 0.52, 2.11, 3.85, 13.45, 10.68, 2.24, 2.24, 3.93, 3.2, 9.38, 8.72, 10.4, 16.33, 10.53, 13.03, 2.27, 18.07], [6.2, 4.11, 3.6, 2.67, 3.67, 3.45, 4.13, 1.39, 10.55, 15.95, 3.38, 3.06, 7.35, 4.44, 5.89, 1.61, 1.71, 2.69, 6.39, 9.19, 11.51, 9.82, 15.3, 14.5, 5.08, 11.29, 8.55, 1.01, 8.21, 9.57, 5.88, 8.77, 13.1, 0.0, 14.57, 5.27, 13.17, 10.7, 4.04, 13.64, 3.68, 13.43, 9.31, 2.36, 5.89, 11.25, 2.55, 0.45, 15.4, 12.05, 13.07, 3.29, 1.83, 2.39, 12.79, 4.12, 2.62, 2.72, 13.61, 1.04, 5.04, 0.61, 2.81, 6.87, 5.83, 6.45, 7.16, 0.89, 4.63, 9.42, 6.47, 11.57, 2.28, 7.92, 12.62], [4.67, 2.7, 6.09, 9.96, 6.66, 3.64, 2.72, 1.97, 6.37, 4.36, 14.23, 1.37, 4.51, 4.33, 3.18, 6.6, 0.31, 6.48, 5.47, 4.61, 0.79, 11.26, 2.18, 1.2, 2.91, 5.95, 2.58, 8.14, 1.32, 12.45, 2.69, 6.84, 1.4, 9.69, 0.0, 2.74, 7.3, 3.67, 3.45, 1.34, 6.61, 2.62, 7.5, 9.02, 10.32, 1.05, 9.63, 10.32, 0.45, 2.03, 3.96, 1.81, 7.04, 5.58, 4.01, 6.12, 13.17, 11.38, 2.27, 3.97, 1.49, 7.41, 7.91, 7.11, 4.66, 3.09, 2.86, 11.26, 2.16, 0.45, 13.73, 7.82, 1.73, 3.9, 6.5], [4.11, 6.69, 2.51, 0.77, 7.19, 7.43, 2.06, 3.85, 7.86, 4.08, 2.27, 3.19, 5.4, 2.41, 0.51, 5.61, 9.45, 0.63, 6.21, 3.37, 15.0, 6.84, 10.05, 9.9, 2.59, 11.25, 6.27, 2.96, 2.96, 10.44, 3.76, 8.61, 10.53, 1.22, 3.75, 0.0, 6.41, 3.31, 6.25, 3.44, 1.45, 5.31, 7.83, 1.81, 2.09, 13.95, 2.79, 1.23, 3.45, 4.93, 6.53, 12.81, 1.07, 0.78, 4.11, 5.31, 4.05, 4.78, 3.87, 5.55, 14.8, 1.48, 2.15, 9.52, 7.34, 0.78, 3.39, 4.93, 5.36, 6.62, 1.5, 9.45, 1.02, 2.5, 13.26], [13.11, 11.08, 5.58, 14.25, 1.27, 0.68, 3.03, 7.41, 7.24, 5.39, 9.29, 2.06, 8.08, 6.99, 2.69, 1.6, 5.18, 8.73, 12.05, 8.59, 4.03, 5.4, 5.39, 1.04, 0.74, 13.65, 3.59, 12.99, 8.51, 3.13, 5.08, 4.07, 0.77, 1.87, 2.01, 4.43, 0.0, 7.05, 1.25, 3.45, 10.97, 15.02, 2.74, 3.06, 2.06, 10.21, 11.87, 7.1, 3.76, 1.16, 1.89, 6.74, 2.33, 1.09, 3.15, 11.21, 6.06, 16.47, 1.3, 2.33, 7.45, 12.23, 2.59, 0.85, 1.7, 1.86, 0.75, 2.89, 10.62, 5.8, 6.27, 6.86, 1.89, 7.5, 11.31], [0.86, 2.61, 5.69, 6.15, 3.78, 15.07, 7.63, 3.2, 8.65, 2.86, 12.12, 9.41, 3.33, 7.43, 5.38, 5.24, 9.86, 8.43, 0.73, 0.57, 9.79, 17.36, 2.93, 2.29, 9.23, 2.95, 2.99, 2.57, 4.1, 3.84, 3.89, 11.71, 14.58, 13.92, 8.88, 3.69, 16.49, 0.0, 4.13, 4.74, 8.39, 2.73, 6.88, 6.6, 2.57, 5.26, 8.17, 6.13, 3.69, 12.58, 2.13, 5.41, 9.89, 13.91, 2.05, 0.57, 13.09, 3.4, 13.45, 8.75, 17.24, 8.99, 9.6, 14.09, 4.61, 1.7, 6.19, 8.1, 1.52, 4.24, 4.63, 11.29, 1.25, 0.38, 4.29], [12.77, 16.38, 3.41, 4.99, 3.25, 4.82, 1.16, 3.42, 6.2, 16.91, 7.8, 1.08, 15.17, 4.6, 3.59, 7.06, 5.91, 2.69, 3.34, 5.15, 5.37, 5.97, 11.36, 2.97, 1.04, 12.98, 4.51, 12.05, 2.02, 3.57, 11.75, 3.0, 1.43, 4.6, 2.5, 3.25, 1.17, 12.08, 0.0, 1.27, 4.31, 5.47, 0.95, 5.48, 1.8, 1.94, 10.76, 6.51, 6.45, 0.27, 3.13, 8.31, 6.95, 7.73, 3.04, 12.16, 5.25, 3.85, 0.67, 8.22, 3.11, 8.66, 2.63, 1.34, 1.74, 3.94, 4.37, 13.39, 5.44, 5.23, 10.29, 8.04, 10.74, 8.5, 17.76], [6.55, 7.84, 7.2, 4.25, 6.14, 8.81, 1.27, 4.1, 3.89, 9.66, 2.27, 1.27, 6.73, 3.25, 4.25, 8.56, 1.37, 2.98, 7.89, 2.99, 0.95, 4.87, 7.18, 4.63, 7.91, 2.55, 4.23, 9.1, 5.0, 11.66, 7.96, 2.43, 0.84, 9.7, 0.75, 5.25, 5.52, 6.13, 4.41, 0.0, 9.14, 3.14, 1.07, 4.31, 1.26, 7.24, 6.78, 4.62, 3.46, 1.95, 4.15, 4.72, 2.2, 3.46, 1.76, 2.71, 4.78, 7.61, 1.9, 6.71, 8.67, 11.31, 5.45, 1.54, 8.43, 2.02, 2.44, 5.17, 3.01, 1.78, 8.56, 4.47, 3.46, 3.85, 11.55], [3.42, 2.33, 2.12, 1.64, 2.83, 2.33, 2.77, 5.43, 18.15, 8.92, 8.55, 6.28, 1.45, 2.94, 3.01, 1.59, 2.01, 0.85, 14.12, 9.2, 16.55, 4.56, 9.02, 6.96, 14.01, 3.83, 2.25, 1.22, 4.27, 5.39, 9.3, 6.18, 4.83, 3.72, 7.35, 0.57, 7.16, 4.3, 7.31, 6.02, 0.0, 2.63, 9.93, 1.99, 4.17, 13.93, 0.84, 2.01, 12.44, 6.99, 4.89, 3.21, 1.22, 4.15, 3.42, 9.25, 4.43, 2.82, 11.88, 3.89, 2.56, 2.71, 0.76, 9.84, 7.21, 1.05, 5.56, 4.02, 6.32, 5.91, 5.2, 3.56, 6.22, 7.07, 14.16], [0.53, 7.91, 2.17, 1.66, 4.24, 8.68, 2.83, 2.37, 13.26, 4.59, 9.46, 4.31, 8.66, 2.62, 3.98, 12.38, 5.51, 2.63, 2.91, 1.41, 4.14, 15.06, 2.64, 6.21, 9.59, 0.36, 9.92, 10.19, 9.72, 2.37, 4.26, 10.23, 6.22, 13.98, 5.98, 8.74, 12.38, 2.52, 8.38, 1.52, 2.16, 0.0, 7.48, 6.95, 16.54, 3.52, 2.36, 3.31, 4.72, 11.13, 6.93, 6.15, 8.71, 8.54, 10.94, 2.0, 6.99, 8.67, 9.71, 6.85, 11.44, 10.71, 5.33, 8.34, 7.55, 5.42, 9.17, 10.92, 1.83, 3.05, 2.78, 15.72, 0.15, 1.98, 0.83], [7.8, 9.23, 2.68, 1.61, 1.42, 1.81, 3.97, 3.6, 4.02, 13.37, 8.77, 4.09, 2.62, 1.47, 3.23, 6.67, 4.46, 2.51, 7.36, 5.98, 4.39, 1.84, 6.76, 2.46, 4.12, 15.91, 3.44, 4.1, 9.19, 3.95, 2.94, 2.86, 4.89, 6.62, 4.47, 7.78, 1.86, 1.91, 0.85, 2.27, 2.57, 2.69, 0.0, 13.46, 5.52, 8.6, 10.86, 2.52, 1.83, 0.78, 3.55, 10.28, 3.74, 1.18, 1.49, 13.02, 1.95, 12.0, 1.02, 7.78, 1.47, 8.02, 5.33, 1.33, 0.69, 1.46, 2.2, 6.33, 11.61, 6.0, 10.44, 2.97, 2.74, 7.18, 4.79], [7.09, 0.79, 3.77, 1.7, 2.87, 11.63, 10.28, 1.89, 8.27, 12.45, 15.83, 11.01, 1.38, 2.23, 0.14, 8.07, 6.83, 7.45, 7.06, 5.43, 16.49, 11.51, 6.91, 17.33, 2.68, 9.61, 13.19, 4.43, 13.0, 2.25, 6.26, 12.63, 7.86, 3.45, 7.07, 0.98, 16.57, 7.01, 6.24, 10.29, 3.19, 2.98, 6.48, 0.0, 9.4, 17.06, 0.64, 5.72, 9.02, 12.1, 4.05, 10.19, 4.22, 0.98, 2.74, 7.18, 9.48, 0.0, 12.48, 3.8, 19.04, 3.95, 9.66, 8.28, 14.7, 4.87, 3.12, 2.07, 3.82, 4.79, 1.38, 11.17, 5.88, 3.53, 7.27], [11.29, 1.25, 2.47, 8.39, 3.61, 3.38, 3.06, 8.25, 6.47, 14.43, 4.99, 4.91, 12.76, 4.26, 7.01, 1.37, 2.06, 0.87, 18.45, 9.64, 14.41, 2.89, 7.8, 10.9, 7.05, 8.65, 6.34, 4.52, 8.72, 4.27, 2.36, 5.62, 8.52, 3.08, 9.96, 3.24, 2.01, 5.94, 6.91, 7.47, 4.9, 15.44, 1.79, 4.72, 0.0, 7.63, 4.87, 0.97, 5.67, 6.56, 8.59, 3.99, 2.54, 1.45, 14.18, 5.89, 0.52, 6.15, 7.86, 0.7, 5.49, 4.66, 3.13, 9.57, 3.68, 7.2, 4.58, 6.63, 5.09, 4.83, 10.64, 2.15, 11.47, 2.07, 21.32], [7.56, 12.49, 14.27, 7.61, 16.2, 10.36, 2.77, 4.61, 0.97, 3.69, 17.05, 8.65, 14.33, 10.95, 12.11, 12.26, 4.17, 16.09, 7.58, 1.81, 1.48, 10.75, 2.06, 2.2, 9.89, 12.16, 2.25, 11.19, 0.76, 15.51, 6.94, 1.27, 4.01, 20.63, 2.39, 11.11, 4.16, 2.45, 2.71, 3.5, 15.43, 11.17, 1.33, 11.12, 14.17, 0.0, 15.57, 3.65, 5.21, 3.04, 3.47, 2.52, 12.7, 9.01, 0.7, 7.16, 5.44, 7.85, 4.99, 13.61, 4.8, 14.95, 11.4, 1.75, 11.56, 2.74, 6.63, 18.46, 5.66, 8.17, 3.73, 10.87, 8.69, 9.98, 7.55], [2.57, 2.79, 2.66, 2.21, 4.21, 3.01, 4.82, 3.42, 5.04, 1.68, 6.0, 7.38, 4.6, 4.21, 0.62, 0.73, 7.21, 2.66, 6.23, 6.75, 3.59, 10.7, 1.6, 15.82, 14.58, 10.3, 4.79, 2.15, 11.38, 12.4, 7.4, 9.83, 2.06, 3.5, 2.54, 1.91, 10.15, 1.13, 3.14, 6.7, 0.47, 3.28, 4.09, 2.35, 3.98, 16.47, 0.0, 3.54, 12.38, 7.72, 6.57, 14.6, 3.55, 3.13, 2.01, 7.82, 6.78, 2.96, 2.62, 2.58, 18.01, 2.52, 3.77, 4.63, 11.33, 2.19, 4.09, 1.33, 4.16, 5.56, 0.61, 6.23, 6.58, 0.93, 1.73], [11.99, 6.65, 1.74, 5.18, 3.05, 5.78, 3.57, 6.26, 11.1, 18.57, 4.37, 7.74, 9.12, 5.22, 4.74, 0.25, 5.03, 1.3, 16.62, 1.52, 3.39, 6.5, 11.77, 7.54, 3.54, 7.31, 6.62, 0.5, 8.57, 4.0, 16.33, 7.81, 5.18, 2.05, 4.66, 3.01, 8.97, 9.84, 6.44, 9.81, 1.89, 3.05, 3.88, 5.57, 0.95, 13.14, 3.0, 0.0, 9.96, 3.06, 8.86, 5.64, 1.96, 0.61, 1.36, 11.41, 1.28, 1.38, 12.99, 2.13, 5.49, 5.34, 3.41, 4.31, 5.88, 1.55, 6.08, 3.17, 6.5, 1.83, 7.68, 6.02, 11.49, 4.97, 12.51], [2.17, 11.64, 3.31, 9.53, 8.32, 2.53, 4.74, 4.41, 8.83, 2.22, 4.87, 4.88, 11.05, 4.97, 5.84, 5.23, 2.38, 3.81, 2.83, 3.25, 3.43, 5.31, 4.84, 7.98, 11.72, 3.81, 2.99, 9.2, 3.36, 13.94, 1.04, 5.74, 10.14, 8.38, 0.81, 5.92, 9.5, 7.22, 6.01, 1.98, 10.13, 5.2, 3.55, 8.0, 2.25, 4.26, 10.85, 3.55, 0.0, 9.02, 5.55, 0.75, 8.75, 9.92, 5.92, 7.39, 15.41, 8.18, 5.38, 8.35, 10.3, 12.62, 7.36, 2.62, 2.07, 5.43, 2.52, 2.98, 2.07, 1.82, 12.77, 14.21, 4.38, 2.26, 1.39], [6.56, 13.47, 7.02, 4.23, 2.09, 1.57, 3.56, 7.5, 4.18, 9.6, 4.18, 2.16, 11.93, 2.01, 7.6, 6.02, 3.57, 2.64, 2.45, 7.16, 8.13, 3.59, 6.57, 1.53, 3.77, 12.87, 4.55, 4.93, 6.29, 6.99, 2.99, 1.15, 3.01, 7.82, 4.09, 1.43, 3.1, 9.35, 0.71, 3.51, 8.98, 6.47, 0.45, 8.75, 8.9, 3.6, 5.31, 4.18, 3.72, 0.0, 5.19, 10.78, 3.84, 5.46, 1.86, 5.51, 5.59, 9.06, 3.79, 9.43, 6.54, 12.42, 3.15, 2.79, 3.52, 4.86, 2.32, 14.93, 1.38, 4.1, 4.48, 7.75, 11.78, 9.26, 17.67], [2.95, 3.36, 3.15, 5.49, 3.18, 8.45, 2.04, 8.51, 1.59, 10.54, 3.95, 3.78, 8.11, 3.4, 9.52, 3.54, 1.46, 11.52, 10.35, 4.94, 0.88, 6.56, 8.92, 0.65, 3.31, 10.13, 2.84, 11.73, 1.1, 10.84, 4.37, 1.04, 2.08, 5.08, 0.81, 7.22, 6.88, 11.22, 1.41, 1.46, 3.16, 7.77, 4.87, 15.75, 7.48, 1.72, 9.76, 8.97, 5.39, 6.02, 0.0, 0.79, 3.71, 4.32, 1.36, 9.24, 5.46, 4.16, 2.36, 8.61, 4.55, 4.39, 2.29, 2.03, 6.66, 2.32, 4.75, 14.24, 8.26, 4.93, 16.19, 11.78, 4.95, 10.07, 2.94], [4.88, 9.09, 6.1, 4.32, 8.18, 3.99, 2.01, 6.43, 6.15, 3.17, 18.57, 1.42, 9.33, 3.85, 4.28, 7.8, 1.47, 5.96, 2.16, 5.18, 4.05, 13.48, 5.61, 7.85, 6.78, 3.94, 16.61, 3.19, 5.62, 16.69, 2.28, 5.14, 7.86, 4.66, 1.7, 7.96, 1.86, 3.24, 5.03, 3.26, 5.45, 5.72, 10.41, 10.27, 17.16, 3.29, 5.86, 13.31, 0.97, 5.2, 5.82, 0.0, 4.38, 12.65, 7.77, 1.09, 5.93, 6.84, 3.04, 12.57, 4.66, 5.39, 11.73, 13.99, 7.43, 2.47, 8.96, 9.13, 3.79, 5.48, 12.71, 8.71, 3.24, 5.93, 7.92], [5.81, 2.82, 3.38, 1.95, 6.41, 7.19, 2.39, 2.07, 10.36, 10.33, 2.75, 3.31, 5.16, 1.92, 5.28, 1.91, 2.01, 0.91, 10.89, 3.02, 2.39, 5.37, 11.1, 8.33, 2.19, 4.15, 6.52, 1.9, 10.01, 5.23, 1.6, 2.98, 1.6, 5.94, 7.07, 1.71, 9.87, 2.52, 2.72, 1.03, 1.39, 6.95, 2.04, 4.53, 5.35, 8.49, 2.46, 2.31, 4.43, 3.56, 3.02, 12.7, 0.0, 1.22, 1.25, 3.38, 2.69, 2.01, 8.38, 4.92, 10.6, 1.87, 0.46, 2.27, 4.27, 2.63, 4.19, 1.62, 1.63, 4.05, 6.3, 8.87, 8.71, 6.5, 7.24], [2.16, 7.3, 5.98, 6.57, 1.52, 2.9, 3.36, 7.88, 4.13, 19.2, 3.74, 5.93, 1.21, 3.39, 3.62, 0.37, 2.19, 0.57, 3.12, 9.51, 3.18, 2.6, 8.29, 8.15, 8.28, 1.88, 6.3, 1.21, 12.34, 3.4, 14.94, 7.25, 4.6, 5.54, 11.43, 2.98, 8.69, 13.27, 7.5, 3.22, 4.92, 7.44, 5.65, 7.48, 1.42, 6.77, 0.97, 0.94, 7.75, 3.26, 12.54, 8.45, 2.49, 0.0, 4.17, 10.95, 0.61, 5.14, 5.73, 1.31, 8.79, 5.88, 1.49, 6.2, 5.49, 2.85, 2.29, 5.7, 6.02, 5.04, 2.3, 2.44, 13.24, 9.54, 8.1], [2.44, 17.28, 2.05, 13.76, 6.16, 10.33, 4.25, 6.9, 5.17, 2.35, 10.4, 3.2, 15.52, 5.22, 14.56, 10.56, 1.66, 10.78, 2.96, 3.8, 2.32, 1.57, 3.76, 0.86, 4.89, 11.18, 1.12, 14.27, 1.67, 2.36, 7.07, 3.96, 0.99, 16.01, 4.6, 5.62, 4.89, 13.66, 2.31, 0.6, 12.09, 1.9, 3.07, 16.21, 8.06, 1.54, 3.04, 11.87, 3.88, 3.83, 1.41, 3.23, 8.33, 4.12, 0.0, 8.92, 10.25, 7.63, 0.45, 14.4, 1.56, 8.31, 6.92, 4.59, 7.21, 1.5, 6.53, 18.26, 9.06, 1.01, 6.83, 7.63, 11.5, 5.98, 13.59], [0.88, 2.14, 2.39, 1.66, 2.67, 5.92, 7.98, 4.81, 10.23, 5.22, 20.05, 7.33, 4.31, 1.85, 2.14, 10.15, 6.88, 4.46, 3.61, 0.61, 2.88, 10.81, 1.27, 3.21, 10.14, 1.37, 15.53, 5.45, 10.56, 4.62, 0.8, 10.6, 15.64, 3.4, 1.77, 2.86, 7.84, 0.19, 7.21, 6.36, 1.43, 0.96, 6.19, 7.58, 3.17, 8.72, 8.41, 10.24, 6.77, 9.54, 7.17, 4.93, 6.36, 4.11, 10.1, 0.0, 14.45, 2.74, 2.19, 13.59, 9.25, 12.71, 6.48, 16.08, 9.3, 5.45, 8.27, 11.48, 0.82, 2.41, 4.86, 11.52, 1.65, 1.36, 1.97], [13.9, 2.26, 5.5, 9.97, 3.54, 1.92, 7.76, 2.99, 2.42, 17.56, 2.33, 1.81, 10.11, 2.19, 9.77, 1.04, 4.85, 3.71, 9.63, 4.2, 9.3, 1.67, 14.89, 2.31, 3.65, 14.63, 2.54, 5.12, 15.77, 4.4, 8.18, 9.94, 3.38, 5.13, 10.37, 2.17, 5.84, 11.01, 1.92, 11.37, 5.24, 9.81, 6.04, 6.12, 0.42, 2.34, 2.55, 4.31, 6.45, 8.22, 14.3, 1.88, 2.5, 1.6, 3.05, 14.66, 0.0, 7.38, 9.95, 1.42, 4.34, 0.94, 0.53, 3.62, 5.37, 10.73, 2.67, 5.42, 12.58, 7.63, 1.8, 4.37, 11.47, 3.49, 21.23], [2.9, 1.19, 1.08, 1.2, 10.06, 3.06, 3.45, 7.26, 8.6, 12.93, 3.89, 8.01, 1.04, 6.76, 0.57, 3.33, 8.94, 6.14, 8.39, 2.66, 6.24, 5.12, 6.1, 9.21, 7.16, 10.92, 6.68, 1.45, 12.53, 4.63, 1.79, 4.37, 16.61, 2.42, 10.16, 1.68, 2.69, 6.51, 14.25, 3.58, 3.49, 3.45, 4.12, 0.0, 10.23, 12.87, 2.76, 3.12, 11.22, 13.59, 13.35, 1.88, 2.45, 8.1, 8.09, 6.15, 7.93, 0.0, 14.84, 6.14, 10.45, 1.73, 2.07, 8.13, 10.24, 7.56, 2.49, 0.34, 2.64, 7.28, 0.83, 4.71, 1.38, 7.14, 7.11], [13.07, 4.05, 8.56, 1.46, 2.95, 8.17, 2.7, 9.1, 2.65, 7.21, 11.09, 0.82, 16.4, 1.95, 13.14, 8.83, 2.63, 8.59, 10.45, 10.64, 2.71, 8.45, 9.17, 0.6, 0.82, 2.71, 8.03, 5.29, 5.63, 6.59, 8.12, 2.57, 2.26, 7.46, 1.03, 6.0, 1.97, 4.67, 1.12, 3.13, 2.62, 10.01, 1.32, 8.75, 3.58, 5.97, 5.79, 7.16, 3.93, 3.97, 0.33, 9.11, 4.09, 2.92, 0.48, 7.3, 8.26, 10.62, 0.0, 6.02, 4.17, 14.94, 9.05, 1.17, 1.92, 2.29, 2.8, 8.01, 5.04, 4.02, 16.06, 3.84, 1.64, 1.83, 8.31], [9.6, 8.38, 3.79, 4.4, 6.24, 5.3, 2.03, 4.38, 5.34, 13.61, 7.67, 9.73, 1.4, 4.61, 6.98, 0.0, 8.31, 1.48, 14.41, 10.66, 4.68, 1.86, 9.45, 16.11, 6.24, 12.17, 3.49, 3.5, 5.83, 2.49, 8.37, 3.39, 14.97, 3.07, 9.7, 3.37, 1.37, 9.75, 10.45, 8.63, 3.47, 13.34, 5.53, 1.31, 1.95, 10.9, 2.55, 1.22, 8.39, 6.6, 8.68, 4.31, 4.22, 0.28, 4.21, 1.7, 2.43, 4.69, 10.01, 0.0, 4.68, 2.9, 2.08, 8.56, 1.37, 1.3, 3.36, 6.6, 11.61, 5.8, 9.1, 0.96, 9.39, 13.75, 14.42], [4.53, 6.26, 7.31, 7.85, 14.51, 11.76, 3.31, 2.53, 1.02, 8.42, 6.87, 4.11, 4.49, 5.88, 9.18, 16.49, 1.65, 2.21, 12.42, 15.24, 0.97, 6.93, 17.83, 1.38, 6.96, 5.82, 5.99, 8.17, 1.62, 7.63, 4.17, 1.98, 2.46, 11.82, 2.26, 4.76, 8.91, 4.05, 5.33, 2.47, 16.67, 9.18, 6.12, 4.82, 19.23, 0.98, 16.77, 4.56, 7.13, 8.32, 2.18, 3.72, 3.07, 3.03, 0.62, 5.85, 2.04, 2.76, 1.92, 3.89, 0.0, 12.39, 6.37, 1.48, 12.13, 1.73, 6.48, 20.53, 5.69, 5.81, 3.37, 8.99, 6.95, 12.75, 17.76], [3.26, 0.64, 4.6, 3.02, 6.88, 8.75, 6.85, 3.22, 14.93, 9.12, 7.03, 12.65, 6.2, 10.33, 2.04, 3.38, 2.31, 2.15, 6.37, 7.7, 11.74, 9.24, 13.59, 2.41, 3.43, 8.08, 10.42, 0.93, 16.79, 5.24, 15.94, 17.31, 8.75, 1.14, 8.56, 4.72, 5.84, 1.9, 8.23, 3.02, 2.73, 4.52, 3.57, 1.22, 6.72, 9.99, 2.97, 2.02, 6.38, 3.44, 14.28, 8.03, 2.33, 2.23, 10.37, 8.45, 3.47, 4.16, 8.36, 1.09, 19.56, 0.0, 3.66, 15.52, 5.54, 9.85, 9.96, 1.5, 4.01, 10.5, 5.49, 12.96, 1.55, 5.09, 10.77], [2.78, 5.68, 1.35, 7.89, 2.93, 2.96, 0.74, 6.05, 8.18, 5.72, 6.4, 3.97, 6.48, 2.06, 8.18, 1.87, 3.21, 0.6, 3.92, 7.29, 12.65, 1.11, 13.97, 1.32, 3.58, 2.3, 4.24, 1.05, 13.33, 0.8, 3.2, 10.76, 3.66, 0.95, 5.28, 4.44, 3.59, 8.51, 1.93, 4.44, 1.21, 2.16, 1.01, 2.39, 2.93, 11.43, 1.07, 3.55, 10.69, 1.79, 2.96, 10.36, 2.46, 1.94, 5.86, 8.12, 3.67, 5.25, 2.67, 2.71, 1.61, 3.01, 0.0, 4.39, 1.03, 1.61, 0.84, 4.94, 9.87, 7.67, 3.69, 2.89, 6.46, 2.18, 6.91], [14.22, 2.17, 12.36, 7.49, 2.7, 0.61, 2.4, 8.96, 4.16, 9.99, 6.74, 3.38, 7.1, 2.26, 6.73, 2.68, 4.72, 1.45, 17.13, 9.65, 9.87, 5.02, 14.1, 3.44, 2.46, 12.05, 1.75, 12.34, 1.58, 3.03, 5.17, 6.36, 1.07, 2.17, 9.77, 9.45, 0.82, 5.73, 0.48, 3.46, 5.37, 10.92, 1.16, 12.96, 7.61, 11.28, 1.82, 9.73, 2.7, 1.67, 7.57, 2.17, 3.99, 1.35, 3.22, 5.63, 1.9, 1.79, 4.1, 9.47, 7.49, 8.92, 6.21, 0.0, 1.63, 6.55, 5.46, 14.79, 4.61, 8.64, 15.96, 5.21, 2.32, 13.98, 2.12], [15.27, 14.8, 6.11, 4.35, 1.16, 1.11, 8.14, 2.77, 7.57, 4.64, 2.21, 4.82, 2.33, 1.5, 5.13, 6.4, 9.03, 2.93, 4.18, 1.86, 2.21, 0.86, 2.22, 1.09, 1.7, 7.43, 0.94, 1.93, 9.76, 0.35, 9.87, 2.63, 2.87, 9.92, 5.63, 5.72, 3.48, 6.37, 0.71, 3.55, 4.3, 10.9, 3.36, 6.76, 5.7, 3.95, 1.79, 8.29, 13.68, 3.84, 4.21, 3.72, 2.56, 4.1, 8.6, 17.32, 3.11, 4.8, 3.46, 4.89, 3.9, 6.24, 4.13, 0.47, 0.0, 6.24, 1.79, 7.62, 10.78, 6.4, 10.67, 2.7, 7.19, 10.03, 14.17], [1.58, 5.23, 1.74, 2.87, 6.42, 2.41, 0.76, 1.03, 6.45, 10.34, 11.66, 1.09, 3.37, 2.62, 7.93, 5.84, 4.19, 4.59, 8.99, 1.42, 4.26, 7.39, 6.01, 6.05, 8.01, 6.04, 7.88, 7.93, 7.93, 5.33, 3.04, 6.16, 2.9, 4.67, 3.68, 5.22, 9.79, 8.18, 5.88, 0.76, 5.65, 1.28, 2.77, 5.29, 4.39, 5.97, 2.41, 7.32, 2.38, 1.31, 6.08, 4.36, 3.26, 3.29, 1.93, 2.03, 6.7, 0.93, 2.05, 9.88, 12.72, 5.51, 3.32, 7.28, 1.07, 0.0, 2.2, 6.66, 2.38, 0.69, 2.59, 9.14, 5.59, 4.33, 4.46], [9.64, 9.79, 2.03, 2.41, 2.83, 2.87, 2.28, 1.81, 4.44, 12.07, 2.78, 0.92, 10.44, 0.97, 4.98, 6.16, 1.36, 2.13, 11.89, 8.26, 2.49, 6.22, 5.79, 6.66, 2.12, 2.14, 5.01, 1.57, 2.31, 4.06, 7.34, 7.43, 8.24, 1.4, 3.26, 0.64, 3.99, 9.63, 3.35, 2.59, 5.61, 2.57, 4.11, 3.85, 3.8, 6.35, 7.39, 5.53, 3.13, 1.87, 4.57, 1.39, 1.67, 2.59, 1.41, 7.93, 1.58, 5.48, 2.41, 2.75, 2.59, 2.94, 2.88, 0.8, 5.53, 1.86, 0.0, 4.5, 1.97, 3.75, 5.88, 3.3, 5.9, 2.25, 4.37], [5.97, 0.41, 3.89, 4.4, 4.09, 12.6, 7.81, 5.54, 11.57, 14.47, 15.34, 12.56, 4.32, 3.17, 3.08, 6.87, 13.57, 3.03, 5.21, 9.83, 7.8, 3.67, 10.14, 12.46, 7.01, 9.87, 13.46, 1.09, 18.43, 10.14, 7.78, 2.24, 9.63, 0.9, 3.39, 5.09, 5.19, 10.69, 3.24, 10.13, 3.23, 7.59, 2.17, 0.78, 3.55, 13.51, 2.0, 6.96, 5.81, 4.22, 4.93, 12.71, 6.34, 7.11, 11.09, 3.89, 8.03, 2.05, 9.1, 7.67, 9.23, 1.11, 6.69, 12.07, 14.04, 8.56, 11.63, 0.0, 8.38, 3.84, 1.44, 13.9, 3.96, 1.94, 5.94], [1.96, 8.47, 4.09, 3.64, 12.98, 8.2, 1.72, 1.12, 3.0, 2.66, 3.95, 4.8, 7.2, 2.36, 1.53, 11.62, 1.87, 6.07, 2.8, 0.95, 5.8, 14.4, 2.37, 7.96, 2.32, 0.74, 14.24, 6.13, 12.4, 3.59, 3.5, 3.02, 4.47, 6.68, 2.49, 3.25, 7.14, 1.01, 1.42, 0.99, 2.8, 1.1, 1.33, 4.0, 7.57, 1.86, 5.33, 7.91, 0.79, 8.02, 2.1, 8.0, 1.06, 9.52, 6.4, 2.96, 7.09, 2.7, 6.01, 6.7, 1.83, 4.8, 3.62, 9.41, 13.89, 4.87, 2.9, 5.28, 0.0, 1.36, 7.72, 10.38, 0.54, 0.71, 3.94], [3.12, 4.23, 4.64, 3.28, 5.2, 4.93, 0.53, 0.42, 5.85, 7.6, 8.63, 1.49, 5.28, 2.34, 7.58, 4.49, 3.2, 3.97, 1.18, 4.79, 7.66, 5.53, 1.05, 6.18, 2.53, 3.03, 11.5, 5.22, 3.54, 6.19, 4.04, 10.17, 1.89, 10.29, 1.06, 1.8, 11.39, 1.02, 2.27, 2.29, 5.14, 1.48, 3.18, 6.89, 3.67, 2.43, 1.8, 4.13, 1.58, 3.28, 2.16, 1.63, 4.02, 4.39, 0.79, 5.3, 2.9, 9.7, 6.8, 1.47, 3.34, 9.56, 3.97, 10.25, 7.84, 0.93, 3.96, 6.68, 1.33, 0.0, 7.58, 3.66, 2.3, 4.5, 6.93], [6.59, 1.01, 3.9, 0.44, 15.19, 3.0, 5.12, 2.29, 10.64, 8.14, 2.88, 11.85, 0.47, 8.4, 1.18, 7.09, 6.57, 9.61, 13.85, 5.85, 17.25, 8.58, 1.5, 7.51, 2.2, 10.74, 4.44, 1.09, 10.77, 8.25, 11.16, 5.56, 13.68, 2.48, 7.69, 1.57, 3.31, 3.83, 16.77, 1.8, 2.26, 9.22, 15.89, 1.24, 8.86, 15.63, 4.55, 6.07, 10.33, 3.6, 2.56, 7.92, 6.02, 10.89, 15.85, 2.88, 1.77, 1.09, 7.41, 6.75, 3.85, 3.68, 8.9, 6.45, 10.88, 3.73, 6.38, 1.33, 0.83, 4.74, 0.0, 11.39, 1.55, 2.57, 4.28], [11.18, 14.99, 3.55, 9.43, 1.93, 2.74, 2.46, 9.67, 8.43, 2.48, 1.88, 5.68, 15.48, 6.93, 6.3, 9.04, 3.71, 5.68, 21.37, 14.98, 6.98, 1.96, 9.76, 11.67, 7.48, 16.02, 2.34, 5.56, 3.77, 0.83, 12.37, 10.21, 3.18, 3.91, 14.86, 2.49, 5.9, 2.84, 4.83, 11.16, 4.73, 8.39, 3.81, 13.4, 6.1, 5.05, 11.25, 4.25, 5.49, 3.74, 8.35, 18.07, 9.64, 6.61, 12.25, 8.18, 4.16, 5.66, 5.56, 4.41, 9.75, 7.84, 6.0, 3.21, 2.6, 10.29, 2.92, 11.64, 14.56, 2.31, 10.39, 0.0, 18.6, 14.01, 19.47], [0.31, 7.12, 6.32, 1.76, 4.87, 6.33, 4.16, 2.26, 8.43, 4.39, 10.88, 3.57, 5.65, 3.12, 6.95, 8.66, 7.1, 11.27, 1.35, 0.35, 10.25, 8.63, 2.16, 10.49, 10.76, 1.14, 14.67, 4.85, 8.78, 6.18, 0.79, 3.35, 5.67, 7.98, 4.73, 1.63, 6.57, 1.32, 4.42, 2.29, 6.18, 0.5, 9.18, 7.11, 5.69, 9.47, 6.43, 8.29, 1.86, 2.37, 6.1, 4.24, 9.74, 9.76, 3.45, 0.96, 3.81, 3.38, 2.86, 10.89, 16.65, 3.74, 9.45, 3.66, 4.92, 2.47, 3.58, 9.27, 1.86, 5.07, 5.89, 12.31, 0.0, 0.12, 5.22], [0.92, 4.99, 2.99, 2.86, 10.28, 15.09, 3.95, 3.78, 17.28, 3.72, 12.53, 2.2, 5.68, 5.62, 4.67, 2.33, 3.21, 8.12, 5.84, 0.34, 2.46, 15.1, 2.54, 10.17, 2.52, 2.09, 6.11, 4.36, 6.22, 14.46, 2.75, 13.62, 9.55, 12.97, 4.9, 1.59, 14.28, 0.74, 10.85, 2.31, 3.34, 1.77, 13.18, 5.0, 3.33, 10.19, 3.09, 5.99, 3.44, 9.23, 9.25, 2.12, 1.19, 8.26, 4.25, 1.4, 11.32, 5.58, 3.07, 13.8, 11.46, 2.56, 9.75, 9.8, 6.47, 6.29, 7.38, 4.95, 0.72, 4.27, 1.1, 7.16, 0.9, 0.0, 3.12], [2.14, 9.68, 5.1, 4.97, 9.43, 5.57, 12.42, 9.28, 11.16, 0.95, 20.63, 5.7, 4.26, 5.53, 10.87, 3.52, 2.67, 10.1, 1.22, 3.33, 2.04, 16.14, 0.7, 14.76, 12.1, 1.39, 11.84, 14.79, 12.39, 11.15, 3.92, 11.46, 8.12, 3.65, 2.38, 8.71, 21.13, 4.59, 5.45, 7.9, 11.94, 3.07, 5.9, 11.6, 6.2, 10.48, 13.73, 12.81, 5.77, 9.69, 12.81, 4.53, 13.39, 8.49, 2.3, 4.87, 3.3, 4.25, 7.38, 3.17, 3.16, 12.68, 7.89, 5.14, 6.58, 8.36, 6.38, 5.09, 6.34, 6.87, 7.08, 12.04, 5.76, 5.65, 0.0]]
vans = [10, 10, 9, 5]

