J = [0, 1, 2, 3]
K = [4, 5]
L = [6, 7, 8]
I = [0, 1, 2, 3, 4, 5, 6, 7, 8]
N = [0, 1, 2, 3, 4, 5, 6, 7, 8, 9, 10, 11, 12, 13, 14, 15, 16, 17, 18, 19, 20, 21, 22, 23, 24, 25, 26, 27, 28, 29, 30, 31, 32, 33, 34, 35, 36, 37, 38, 39, 40, 41, 42, 43, 44, 45, 46, 47, 48, 49, 50, 51, 52, 53, 54, 55, 56, 57, 58, 59, 60, 61, 62, 63, 64, 65, 66, 67, 68, 69, 70, 71, 72, 73, 74]
demand = [987, 446, 1128, 729, 756, 724, 414, 804, 1161, 753, 1192, 715, 914, 850, 1159, 400, 894, 933, 419, 411, 783, 787, 869, 798, 676, 465, 487, 1084, 772, 740, 656, 523, 998, 505, 556, 738, 995, 523, 1032, 618, 431, 466, 596, 677, 1194, 1141, 1048, 674, 913, 733, 982, 759, 741, 719, 678, 478, 794, 590, 915, 1028, 632, 675, 697, 1097, 781, 885, 770, 825, 1199, 560, 908, 603, 892, 566, 1033]
hub = [1, 3, 3, 3, 3, 1, 2, 2, 0, 0, 1, 1, 1, 2, 0, 1, 3, 3, 2, 3, 2, 0, 0, 0, 1, 0, 0, 1, 3, 0, 2, 1, 0, 3, 0, 2, 1, 1, 3, 1, 2, 1, 3, 1, 2, 0, 3, 0, 0, 2, 1, 3, 2, 0, 2, 1, 3, 3, 2, 2, 3, 0, 0, 3, 0, 1, 0, 3, 1, 2, 1, 2, 0, 0, 1]
release = [1, 0, 20, 13, 10, 40, 31, 18, 39, 30, 19, 38, 31, 47, 38, 28, 12, 40, 12, 0, 3, 40, 35, 15, 35, 39, 23, 26, 18, 36, 43, 17, 13, 22, 7, 18, 4, 8, 13, 48, 7, 8, 35, 32, 16, 23, 20, 21, 45, 4, 10, 16, 7, 0, 27, 9, 43, 11, 38, 11, 1, 8, 37, 44, 15, 14, 40, 35, 13, 28, 45, 4, 19, 5, 12]
Nj = [[8, 9, 14, 21, 22, 23, 25, 26, 29, 32, 34, 45, 47, 48, 53, 61, 62, 64, 66, 72, 73], [0, 5, 10, 11, 12, 15, 24, 27, 31, 36, 37, 39, 41, 43, 50, 55, 65, 68, 70, 74], [6, 7, 13, 18, 20, 30, 35, 40, 44, 49, 52, 54, 58, 59, 69, 71], [1, 2, 3, 4, 16, 17, 19, 28, 33, 38, 42, 46, 51, 56, 57, 60, 63, 67]]
Gj = [[0, 1, 2, 3, 4, 5, 6, 7, 8, 9, 10, 11, 12, 13, 14, 15, 16, 17, 18, 19, 20], [21, 22, 23, 24, 25, 26, 27, 28, 29, 30, 31, 32, 33, 34, 35, 36, 37, 38, 39, 40], [41, 42, 43, 44, 45, 46, 47, 48, 49, 50, 51, 52, 53, 54, 55, 56], [57, 58, 59, 60, 61, 62, 63, 64, 65, 66, 67, 68, 69, 70, 71, 72, 73, 74]]
G = [0, 1, 2, 3, 4, 5, 6, 7, 8, 9, 10, 11, 12, 13, 14, 15, 16, 17, 18, 19, 20, 21, 22, 23, 24, 25, 26, 27, 28, 29, 30, 31, 32, 33, 34, 35, 36, 37, 38, 39, 40, 41, 42, 43, 44, 45, 46, 47, 48, 49, 50, 51, 52, 53, 54, 55, 56, 57, 58, 59, 60, 61, 62, 63, 64, 65, 66, 67, 68, 69, 70, 71, 72, 73, 74]
deadline = [216, 216, 240, 192, 240, 216, 192, 216, 168, 192, 240, 168, 192, 192, 192, 240, 240, 240, 216, 216, 192, 168, 192, 240, 240, 192, 216, 192, 240, 240, 192, 168, 240, 240, 240, 240, 192, 192, 192, 240, 240, 168, 192, 216, 192, 168, 240, 168, 240, 216, 240, 240, 192, 192, 216, 192, 168, 168, 240, 168, 240, 216, 192, 192, 240, 168, 240, 192, 240, 216, 168, 168, 216, 168, 168]
weight = [80, 50, 60, 10, 80, 20, 10, 40, 20, 70, 60, 20, 20, 50, 60, 20, 50, 100, 100, 70, 60, 80, 50, 90, 90, 90, 80, 40, 100, 10, 40, 100, 30, 80, 30, 30, 30, 10, 100, 100, 10, 70, 80, 40, 30, 30, 100, 20, 70, 90, 40, 100, 60, 40, 50, 60, 50, 10, 30, 30, 80, 100, 70, 50, 50, 60, 10, 20, 30, 20, 30, 70, 90, 10, 10]
q = 2000
M = [0, 1, 2]
M_description = ['Road', 'Rail', 'Ship']
accessibility = [[1, 1, 1], [1, 0, 1], [1, 1, 0], [1, 0, 1], [1, 1, 1], [1, 1, 1], [1, 1, 0], [1, 1, 0], [1, 0, 0]]
S = [0, 1, 2, 3, 4, 5, 6, 7, 8, 9, 10, 11, 12, 13, 14, 15, 16, 17, 18, 19, 20, 21, 22, 23, 24, 25, 26, 27, 28, 29, 30, 31, 32, 33, 34, 35, 36, 37, 38, 39, 40, 41, 42, 43, 44, 45, 46, 47, 48, 49, 50, 51, 52, 53, 54, 55, 56, 57, 58, 59, 60, 61, 62, 63, 64, 65, 66, 67, 68, 69, 70, 71, 72, 73, 74, 75, 76, 77, 78, 79, 80, 81, 82, 83, 84, 85, 86, 87, 88, 89, 90, 91, 92, 93, 94, 95, 96, 97, 98, 99, 100, 101, 102, 103, 104, 105, 106, 107, 108, 109, 110, 111, 112, 113, 114, 115, 116, 117, 118, 119, 120, 121, 122, 123, 124, 125, 126, 127, 128, 129, 130, 131, 132, 133, 134, 135, 136, 137, 138, 139, 140, 141, 142, 143, 144, 145, 146, 147, 148, 149, 150, 151, 152, 153, 154, 155, 156, 157, 158, 159, 160, 161, 162, 163, 164, 165, 166, 167, 168, 169, 170, 171, 172, 173, 174, 175, 176, 177, 178, 179, 180, 181, 182, 183, 184, 185, 186, 187, 188, 189, 190, 191, 192, 193, 194, 195, 196, 197, 198, 199, 200, 201, 202, 203, 204, 205, 206, 207, 208, 209, 210, 211, 212, 213, 214, 215, 216, 217, 218, 219, 220, 221, 222, 223, 224, 225, 226, 227, 228, 229, 230, 231, 232, 233, 234, 235, 236, 237, 238, 239, 240, 241, 242, 243, 244, 245, 246, 247, 248, 249, 250, 251, 252, 253, 254, 255, 256, 257, 258, 259, 260, 261, 262, 263, 264, 265, 266, 267, 268, 269, 270, 271, 272, 273, 274, 275, 276, 277, 278, 279, 280, 281, 282, 283, 284, 285, 286, 287, 288, 289, 290, 291, 292, 293, 294, 295, 296, 297, 298, 299, 300, 301, 302, 303, 304, 305, 306, 307, 308, 309, 310, 311]
origin = [0, 0, 0, 0, 0, 0, 0, 0, 0, 0, 0, 0, 0, 0, 0, 0, 0, 0, 0, 0, 0, 0, 0, 0, 0, 0, 0, 0, 0, 0, 0, 0, 1, 1, 1, 1, 1, 1, 1, 1, 1, 1, 1, 1, 1, 1, 1, 1, 1, 1, 1, 1, 1, 1, 1, 1, 1, 1, 1, 1, 1, 1, 1, 1, 2, 2, 2, 2, 2, 2, 2, 2, 2, 2, 2, 2, 2, 2, 2, 2, 2, 2, 2, 2, 2, 2, 2, 2, 2, 2, 2, 2, 2, 2, 2, 2, 3, 3, 3, 3, 3, 3, 3, 3, 3, 3, 3, 3, 3, 3, 3, 3, 3, 3, 3, 3, 3, 3, 3, 3, 3, 3, 3, 3, 3, 3, 3, 3, 4, 4, 4, 4, 4, 4, 4, 4, 4, 4, 4, 4, 4, 4, 4, 4, 4, 4, 4, 4, 4, 4, 4, 4, 4, 4, 4, 4, 4, 4, 4, 4, 5, 5, 5, 5, 5, 5, 5, 5, 5, 5, 5, 5, 5, 5, 5, 5, 5, 5, 5, 5, 5, 5, 5, 5, 5, 5, 5, 5, 5, 5, 5, 5, 0, 0, 0, 0, 0, 0, 0, 0, 0, 0, 0, 0, 0, 0, 0, 2, 2, 2, 2, 2, 2, 2, 2, 2, 2, 2, 2, 2, 2, 2, 4, 4, 4, 4, 4, 4, 4, 4, 4, 4, 4, 4, 4, 4, 4, 5, 5, 5, 5, 5, 5, 5, 5, 5, 5, 5, 5, 5, 5, 5, 0, 0, 0, 0, 0, 0, 0, 0, 0, 0, 0, 0, 1, 1, 1, 1, 1, 1, 1, 1, 1, 1, 1, 1, 3, 3, 3, 3, 3, 3, 3, 3, 3, 3, 3, 3, 4, 4, 4, 4, 4, 4, 4, 4, 4, 4, 4, 4, 5, 5, 5, 5, 5, 5, 5, 5, 5, 5, 5, 5]
destination = [1, 1, 1, 1, 2, 2, 2, 2, 3, 3, 3, 3, 4, 4, 4, 4, 5, 5, 5, 5, 6, 6, 6, 6, 7, 7, 7, 7, 8, 8, 8, 8, 0, 0, 0, 0, 2, 2, 2, 2, 3, 3, 3, 3, 4, 4, 4, 4, 5, 5, 5, 5, 6, 6, 6, 6, 7, 7, 7, 7, 8, 8, 8, 8, 0, 0, 0, 0, 1, 1, 1, 1, 3, 3, 3, 3, 4, 4, 4, 4, 5, 5, 5, 5, 6, 6, 6, 6, 7, 7, 7, 7, 8, 8, 8, 8, 0, 0, 0, 0, 1, 1, 1, 1, 2, 2, 2, 2, 4, 4, 4, 4, 5, 5, 5, 5, 6, 6, 6, 6, 7, 7, 7, 7, 8, 8, 8, 8, 0, 0, 0, 0, 1, 1, 1, 1, 2, 2, 2, 2, 3, 3, 3, 3, 5, 5, 5, 5, 6, 6, 6, 6, 7, 7, 7, 7, 8, 8, 8, 8, 0, 0, 0, 0, 1, 1, 1, 1, 2, 2, 2, 2, 3, 3, 3, 3, 4, 4, 4, 4, 6, 6, 6, 6, 7, 7, 7, 7, 8, 8, 8, 8, 2, 2, 2, 4, 4, 4, 5, 5, 5, 6, 6, 6, 7, 7, 7, 0, 0, 0, 4, 4, 4, 5, 5, 5, 6, 6, 6, 7, 7, 7, 0, 0, 0, 2, 2, 2, 5, 5, 5, 6, 6, 6, 7, 7, 7, 0, 0, 0, 2, 2, 2, 4, 4, 4, 6, 6, 6, 7, 7, 7, 1, 1, 1, 3, 3, 3, 4, 4, 4, 5, 5, 5, 0, 0, 0, 3, 3, 3, 4, 4, 4, 5, 5, 5, 0, 0, 0, 1, 1, 1, 4, 4, 4, 5, 5, 5, 0, 0, 0, 1, 1, 1, 3, 3, 3, 5, 5, 5, 0, 0, 0, 1, 1, 1, 3, 3, 3, 4, 4, 4]
departure = [8, 56, 104, 152, 8, 56, 104, 152, 8, 56, 104, 152, 8, 56, 104, 152, 8, 56, 104, 152, 8, 56, 104, 152, 8, 56, 104, 152, 8, 56, 104, 152, 8, 56, 104, 152, 8, 56, 104, 152, 8, 56, 104, 152, 8, 56, 104, 152, 8, 56, 104, 152, 8, 56, 104, 152, 8, 56, 104, 152, 8, 56, 104, 152, 8, 56, 104, 152, 8, 56, 104, 152, 8, 56, 104, 152, 8, 56, 104, 152, 8, 56, 104, 152, 8, 56, 104, 152, 8, 56, 104, 152, 8, 56, 104, 152, 8, 56, 104, 152, 8, 56, 104, 152, 8, 56, 104, 152, 8, 56, 104, 152, 8, 56, 104, 152, 8, 56, 104, 152, 8, 56, 104, 152, 8, 56, 104, 152, 12, 60, 108, 156, 12, 60, 108, 156, 12, 60, 108, 156, 12, 60, 108, 156, 12, 60, 108, 156, 12, 60, 108, 156, 12, 60, 108, 156, 12, 60, 108, 156, 12, 60, 108, 156, 12, 60, 108, 156, 12, 60, 108, 156, 12, 60, 108, 156, 12, 60, 108, 156, 12, 60, 108, 156, 12, 60, 108, 156, 12, 60, 108, 156, 33, 81, 129, 33, 81, 129, 33, 81, 129, 33, 81, 129, 33, 81, 129, 33, 81, 129, 33, 81, 129, 33, 81, 129, 33, 81, 129, 33, 81, 129, 37, 85, 133, 37, 85, 133, 37, 85, 133, 37, 85, 133, 37, 85, 133, 37, 85, 133, 37, 85, 133, 37, 85, 133, 37, 85, 133, 37, 85, 133, 10, 58, 106, 10, 58, 106, 10, 58, 106, 10, 58, 106, 10, 58, 106, 10, 58, 106, 10, 58, 106, 10, 58, 106, 10, 58, 106, 10, 58, 106, 10, 58, 106, 10, 58, 106, 13, 61, 109, 13, 61, 109, 13, 61, 109, 13, 61, 109, 13, 61, 109, 13, 61, 109, 13, 61, 109, 13, 61, 109]
arrival = [100, 76, 172, 196, 100, 124, 172, 220, 28, 100, 196, 196, 60, 108, 204, 204, 108, 156, 204, 252, 160, 136, 208, 232, 88, 208, 232, 280, 160, 208, 184, 256, 28, 100, 124, 220, 100, 124, 124, 196, 52, 100, 196, 244, 84, 132, 180, 228, 108, 132, 156, 252, 160, 136, 184, 304, 136, 136, 232, 256, 136, 208, 184, 256, 52, 148, 124, 196, 100, 124, 196, 220, 100, 76, 124, 220, 60, 156, 204, 252, 84, 132, 156, 228, 136, 136, 232, 304, 88, 136, 184, 232, 160, 184, 232, 304, 52, 148, 148, 172, 100, 100, 196, 244, 28, 100, 196, 244, 60, 132, 204, 252, 84, 156, 180, 228, 112, 160, 256, 304, 88, 208, 256, 256, 160, 208, 256, 256, 32, 152, 152, 200, 56, 104, 152, 224, 32, 128, 176, 176, 56, 104, 128, 176, 88, 112, 184, 208, 92, 164, 188, 308, 92, 188, 212, 284, 116, 212, 188, 236, 56, 104, 200, 200, 32, 128, 200, 200, 56, 80, 176, 176, 104, 152, 128, 248, 112, 112, 208, 208, 164, 212, 260, 284, 116, 164, 236, 308, 164, 164, 260, 236, 54, 150, 222, 110, 134, 182, 110, 182, 230, 138, 234, 234, 114, 162, 282, 78, 174, 198, 110, 158, 182, 86, 182, 206, 138, 234, 282, 162, 186, 210, 106, 178, 226, 130, 106, 178, 90, 186, 234, 118, 214, 214, 118, 166, 214, 106, 106, 226, 106, 106, 154, 138, 186, 210, 166, 238, 286, 190, 238, 238, 80, 104, 176, 104, 128, 200, 64, 136, 208, 88, 112, 160, 80, 152, 176, 80, 104, 200, 88, 136, 184, 88, 136, 184, 80, 104, 200, 32, 104, 200, 88, 112, 184, 64, 112, 208, 34, 82, 178, 82, 154, 178, 82, 106, 178, 66, 138, 210, 106, 82, 202, 34, 154, 202, 34, 154, 130, 114, 114, 186]
Q = [4, 4, 4, 4, 2, 4, 2, 2, 4, 2, 4, 4, 2, 2, 2, 2, 2, 2, 4, 4, 4, 4, 2, 4, 4, 4, 4, 4, 4, 2, 4, 4, 4, 2, 2, 2, 4, 4, 2, 2, 4, 4, 2, 4, 4, 2, 2, 2, 2, 2, 2, 4, 4, 2, 2, 2, 2, 2, 4, 2, 4, 4, 4, 2, 4, 2, 2, 2, 4, 4, 2, 2, 2, 2, 4, 2, 2, 2, 4, 4, 4, 2, 2, 4, 2, 4, 4, 4, 2, 4, 2, 2, 2, 2, 2, 2, 4, 2, 4, 4, 2, 2, 2, 4, 2, 4, 2, 2, 2, 4, 2, 4, 2, 2, 2, 2, 2, 2, 2, 4, 2, 4, 4, 4, 2, 4, 2, 4, 2, 2, 2, 4, 2, 2, 2, 4, 2, 2, 2, 4, 2, 4, 4, 2, 4, 4, 4, 4, 2, 4, 2, 2, 4, 2, 2, 2, 2, 4, 4, 2, 4, 4, 4, 2, 4, 4, 4, 4, 4, 4, 4, 2, 2, 2, 2, 2, 2, 4, 4, 4, 4, 2, 4, 4, 2, 4, 4, 2, 4, 2, 2, 2, 6, 3, 3, 6, 3, 6, 3, 6, 3, 6, 6, 3, 6, 6, 3, 3, 6, 3, 6, 6, 3, 6, 6, 3, 3, 3, 6, 6, 6, 6, 3, 6, 6, 3, 6, 3, 3, 6, 6, 6, 6, 3, 3, 3, 3, 6, 6, 6, 3, 3, 3, 6, 3, 3, 6, 6, 6, 3, 6, 3, 10, 10, 10, 5, 5, 10, 10, 10, 5, 10, 5, 10, 10, 10, 5, 10, 10, 10, 5, 10, 10, 5, 10, 10, 5, 10, 10, 10, 10, 10, 5, 5, 5, 5, 10, 5, 5, 5, 5, 5, 10, 5, 5, 5, 10, 10, 10, 5, 5, 10, 10, 10, 10, 5, 5, 5, 5, 10, 5, 10]
cfixed = [227, 237, 281, 258, 204, 220, 288, 229, 228, 212, 210, 252, 265, 282, 279, 246, 288, 282, 233, 201, 292, 269, 207, 277, 212, 239, 230, 239, 223, 288, 275, 211, 264, 282, 251, 234, 243, 247, 269, 268, 205, 263, 232, 279, 218, 292, 267, 261, 215, 201, 280, 268, 247, 262, 224, 242, 235, 231, 218, 259, 213, 271, 207, 233, 207, 217, 215, 232, 224, 274, 287, 288, 299, 241, 251, 286, 205, 259, 229, 201, 222, 247, 241, 294, 277, 233, 211, 281, 238, 286, 261, 225, 249, 282, 285, 280, 271, 258, 281, 212, 287, 257, 271, 256, 213, 266, 266, 300, 290, 298, 243, 281, 222, 273, 218, 258, 291, 233, 236, 226, 295, 217, 222, 283, 219, 226, 210, 238, 300, 218, 281, 263, 298, 289, 251, 271, 293, 254, 247, 288, 231, 236, 262, 272, 213, 260, 263, 258, 296, 251, 291, 298, 213, 261, 210, 205, 218, 214, 257, 264, 256, 253, 245, 222, 277, 219, 223, 263, 238, 202, 207, 269, 243, 260, 284, 292, 241, 228, 230, 284, 283, 213, 263, 287, 254, 240, 201, 225, 273, 247, 257, 231, 310, 496, 455, 476, 486, 323, 303, 334, 467, 313, 322, 407, 326, 414, 359, 436, 413, 373, 326, 347, 313, 443, 400, 370, 422, 343, 408, 493, 423, 346, 369, 382, 406, 313, 447, 375, 356, 481, 341, 418, 496, 306, 400, 415, 372, 425, 333, 426, 335, 322, 342, 319, 425, 430, 456, 482, 425, 397, 367, 480, 504, 623, 693, 532, 560, 676, 700, 618, 676, 560, 682, 545, 610, 603, 504, 605, 551, 606, 501, 589, 595, 693, 633, 511, 557, 691, 673, 516, 522, 624, 696, 686, 695, 565, 606, 614, 656, 553, 566, 681, 614, 604, 619, 651, 586, 564, 690, 663, 584, 501, 699, 559, 624, 585, 661, 542, 511, 589, 525, 521]
ctravel = [92, 20, 68, 44, 92, 68, 68, 68, 20, 44, 92, 44, 52, 52, 100, 52, 100, 100, 100, 100, 152, 80, 104, 80, 80, 152, 128, 128, 152, 152, 80, 104, 20, 44, 20, 68, 92, 68, 20, 44, 44, 44, 92, 92, 76, 76, 76, 76, 100, 76, 52, 100, 152, 80, 80, 152, 128, 80, 128, 104, 128, 152, 80, 104, 44, 92, 20, 44, 92, 68, 92, 68, 92, 20, 20, 68, 52, 100, 100, 100, 76, 76, 52, 76, 128, 80, 128, 152, 80, 80, 80, 80, 152, 128, 128, 152, 44, 92, 44, 20, 92, 44, 92, 92, 20, 44, 92, 92, 52, 76, 100, 100, 76, 100, 76, 76, 104, 104, 152, 152, 80, 152, 152, 104, 152, 152, 152, 104, 20, 92, 44, 44, 44, 44, 44, 68, 20, 68, 68, 20, 44, 44, 20, 20, 76, 52, 76, 52, 80, 104, 80, 152, 80, 128, 104, 128, 104, 152, 80, 80, 44, 44, 92, 44, 20, 68, 92, 44, 44, 20, 68, 20, 92, 92, 20, 92, 100, 52, 100, 52, 152, 152, 152, 128, 104, 104, 128, 152, 152, 104, 152, 80, 16.8, 55.2, 74.4, 61.6, 42.400000000000006, 42.400000000000006, 61.6, 80.80000000000001, 80.80000000000001, 84.0, 122.4, 84.0, 64.8, 64.8, 122.4, 36.0, 74.4, 55.2, 61.6, 61.6, 42.400000000000006, 42.400000000000006, 80.80000000000001, 61.6, 84.0, 122.4, 122.4, 103.2, 84.0, 64.8, 55.2, 74.4, 74.4, 74.4, 16.8, 36.0, 42.400000000000006, 80.80000000000001, 80.80000000000001, 64.8, 103.2, 64.8, 64.8, 64.8, 64.8, 55.2, 16.8, 74.4, 55.2, 16.8, 16.8, 80.80000000000001, 80.80000000000001, 61.6, 103.2, 122.4, 122.4, 122.4, 122.4, 84.0, 42.0, 27.599999999999998, 42.0, 56.4, 42.0, 56.4, 32.4, 46.8, 61.199999999999996, 46.8, 32.4, 32.4, 42.0, 56.4, 42.0, 42.0, 27.599999999999998, 56.4, 46.8, 46.8, 46.8, 46.8, 46.8, 46.8, 42.0, 27.599999999999998, 56.4, 13.2, 27.599999999999998, 56.4, 46.8, 32.4, 46.8, 32.4, 32.4, 61.199999999999996, 12.6, 12.6, 41.4, 41.4, 55.8, 41.4, 41.4, 27.0, 41.4, 31.799999999999997, 46.199999999999996, 60.599999999999994, 55.8, 12.6, 55.8, 12.6, 55.8, 55.8, 12.6, 55.8, 12.6, 60.599999999999994, 31.799999999999997, 46.199999999999996]
mode = [0, 0, 0, 0, 0, 0, 0, 0, 0, 0, 0, 0, 0, 0, 0, 0, 0, 0, 0, 0, 0, 0, 0, 0, 0, 0, 0, 0, 0, 0, 0, 0, 0, 0, 0, 0, 0, 0, 0, 0, 0, 0, 0, 0, 0, 0, 0, 0, 0, 0, 0, 0, 0, 0, 0, 0, 0, 0, 0, 0, 0, 0, 0, 0, 0, 0, 0, 0, 0, 0, 0, 0, 0, 0, 0, 0, 0, 0, 0, 0, 0, 0, 0, 0, 0, 0, 0, 0, 0, 0, 0, 0, 0, 0, 0, 0, 0, 0, 0, 0, 0, 0, 0, 0, 0, 0, 0, 0, 0, 0, 0, 0, 0, 0, 0, 0, 0, 0, 0, 0, 0, 0, 0, 0, 0, 0, 0, 0, 0, 0, 0, 0, 0, 0, 0, 0, 0, 0, 0, 0, 0, 0, 0, 0, 0, 0, 0, 0, 0, 0, 0, 0, 0, 0, 0, 0, 0, 0, 0, 0, 0, 0, 0, 0, 0, 0, 0, 0, 0, 0, 0, 0, 0, 0, 0, 0, 0, 0, 0, 0, 0, 0, 0, 0, 0, 0, 0, 0, 0, 0, 0, 0, 1, 1, 1, 1, 1, 1, 1, 1, 1, 1, 1, 1, 1, 1, 1, 1, 1, 1, 1, 1, 1, 1, 1, 1, 1, 1, 1, 1, 1, 1, 1, 1, 1, 1, 1, 1, 1, 1, 1, 1, 1, 1, 1, 1, 1, 1, 1, 1, 1, 1, 1, 1, 1, 1, 1, 1, 1, 1, 1, 1, 2, 2, 2, 2, 2, 2, 2, 2, 2, 2, 2, 2, 2, 2, 2, 2, 2, 2, 2, 2, 2, 2, 2, 2, 2, 2, 2, 2, 2, 2, 2, 2, 2, 2, 2, 2, 2, 2, 2, 2, 2, 2, 2, 2, 2, 2, 2, 2, 2, 2, 2, 2, 2, 2, 2, 2, 2, 2, 2, 2]
delivery_process = ['Cross-Docking', 'Direct-Shipment', 'Cross-Docking']
distance_ln = [[6.45, 4.78, 2.01, 1.53, 7.39, 2.56, 6.78, 5.73, 5.62, 3.89, 6.35, 0.33, 4.85, 2.13, 7.37, 11.24, 10.58, 8.2, 2.4, 3.73, 9.64, 0.55, 4.46, 10.78, 3.38, 2.86, 7.28, 1.82, 9.06, 2.49, 1.92, 10.29, 11.32, 2.45, 6.8, 1.49, 4.75, 5.62, 4.44, 1.22, 1.27, 5.52, 3.79, 6.87, 5.51, 5.41, 1.62, 13.34, 7.24, 8.8, 19.24, 2.24, 5.13, 8.57, 5.19, 5.08, 6.62, 4.18, 14.83, 13.96, 1.73, 5.03, 9.61, 2.13, 7.43, 4.85, 3.09, 11.32, 14.92, 1.76, 7.2, 3.98, 9.36, 2.59, 1.57], [3.15, 12.73, 6.39, 4.42, 10.93, 4.11, 2.28, 12.05, 4.14, 2.77, 2.1, 2.02, 4.65, 0.88, 16.66, 10.36, 4.57, 14.56, 13.03, 5.82, 8.99, 0.53, 5.16, 15.61, 8.41, 2.05, 9.58, 1.74, 4.26, 4.29, 1.9, 14.54, 11.76, 0.17, 4.51, 0.33, 7.27, 7.39, 6.72, 3.18, 0.97, 10.9, 2.02, 11.95, 8.76, 5.59, 2.29, 4.15, 1.8, 12.61, 21.93, 5.11, 12.56, 11.94, 8.97, 6.55, 14.16, 10.02, 3.81, 7.89, 12.01, 8.62, 8.85, 2.74, 6.3, 2.15, 2.63, 14.43, 15.3, 2.21, 8.48, 3.64, 12.27, 1.84, 6.62], [2.06, 11.23, 4.22, 7.76, 4.35, 6.5, 6.6, 3.98, 2.42, 1.28, 4.03, 2.09, 6.67, 4.15, 7.61, 3.47, 6.15, 5.12, 5.67, 1.62, 6.21, 1.83, 1.33, 7.29, 7.63, 6.7, 3.98, 4.38, 2.16, 4.88, 1.47, 5.1, 10.88, 2.43, 9.94, 3.64, 13.46, 3.46, 3.32, 6.15, 4.14, 4.48, 5.92, 2.65, 2.65, 4.88, 3.09, 5.52, 2.11, 6.84, 2.41, 0.43, 1.98, 1.5, 0.78, 5.7, 4.17, 7.76, 1.78, 7.91, 8.58, 1.38, 1.67, 4.69, 3.93, 2.85, 1.23, 7.34, 3.49, 1.64, 2.48, 4.84, 3.97, 1.15, 1.91]]
distance_nn = [[0.0, 6.91, 3.86, 3.49, 2.47, 12.31, 13.13, 10.68, 3.48, 13.25, 7.14, 8.61, 8.5, 0.63, 9.18, 16.13, 13.05, 3.36, 7.58, 7.63, 13.98, 2.69, 9.26, 6.27, 11.69, 6.98, 24.66, 1.95, 6.08, 3.02, 3.72, 11.85, 6.21, 3.11, 15.67, 2.55, 17.99, 8.49, 6.76, 1.68, 5.71, 10.76, 19.07, 15.01, 2.15, 14.84, 2.69, 15.32, 4.58, 5.22, 17.82, 1.34, 12.85, 4.96, 11.01, 11.4, 20.6, 10.47, 7.67, 5.12, 14.81, 11.25, 4.04, 5.38, 11.92, 5.1, 8.22, 3.9, 14.29, 7.47, 2.3, 4.92, 9.0, 0.24, 8.19], [5.68, 0.0, 2.83, 1.48, 11.51, 2.4, 4.59, 8.74, 1.17, 15.7, 8.03, 2.09, 4.15, 1.73, 2.47, 4.37, 1.79, 3.73, 6.95, 5.51, 6.24, 2.16, 12.21, 13.51, 2.56, 3.7, 14.91, 10.39, 11.6, 2.07, 8.12, 2.86, 4.82, 7.37, 1.38, 5.27, 16.94, 13.49, 3.31, 2.25, 7.2, 15.53, 2.57, 3.11, 3.46, 3.37, 11.45, 2.03, 0.66, 9.01, 15.66, 5.6, 5.07, 2.78, 6.15, 4.63, 3.72, 7.7, 11.62, 9.11, 1.34, 2.47, 10.41, 2.75, 6.1, 11.65, 0.98, 6.53, 16.02, 8.63, 3.43, 2.44, 16.92, 4.19, 5.26], [8.25, 7.89, 0.0, 1.23, 4.17, 3.63, 3.58, 3.93, 12.74, 2.21, 3.54, 0.89, 2.4, 12.23, 1.1, 1.87, 3.29, 2.75, 9.45, 3.59, 3.89, 2.14, 5.69, 6.84, 5.97, 6.45, 2.04, 7.1, 5.27, 1.74, 2.41, 0.42, 6.55, 10.37, 1.75, 9.48, 7.6, 3.71, 11.36, 10.56, 9.13, 4.3, 7.62, 1.34, 3.73, 13.25, 5.26, 3.02, 6.32, 1.23, 7.97, 0.87, 1.23, 1.56, 2.23, 2.54, 2.48, 2.5, 7.16, 4.58, 5.01, 4.76, 0.72, 1.37, 1.76, 4.93, 2.4, 2.78, 1.05, 1.76, 1.41, 10.39, 2.04, 8.98, 9.25], [5.66, 3.34, 2.9, 0.0, 11.44, 3.28, 10.59, 2.35, 1.82, 3.73, 12.99, 0.99, 8.34, 4.02, 2.74, 3.52, 11.69, 11.62, 15.61, 5.19, 1.83, 4.0, 5.43, 8.36, 8.39, 0.29, 13.51, 6.89, 8.43, 0.33, 10.13, 12.2, 4.33, 2.59, 1.91, 5.32, 18.89, 8.29, 1.0, 2.7, 3.68, 10.33, 12.14, 2.18, 11.32, 9.47, 6.62, 5.13, 9.76, 10.79, 15.82, 4.98, 11.87, 9.29, 3.16, 8.52, 4.88, 9.73, 11.32, 12.75, 9.35, 3.64, 13.1, 0.89, 4.72, 6.4, 1.57, 18.31, 11.63, 4.58, 6.44, 10.47, 9.66, 5.18, 1.08], [7.81, 11.58, 5.39, 16.89, 0.0, 9.69, 1.82, 2.76, 6.52, 2.11, 2.43, 2.43, 7.32, 11.09, 1.92, 2.1, 1.75, 8.43, 6.08, 8.71, 11.71, 7.56, 3.22, 3.37, 14.78, 2.7, 5.91, 10.65, 0.95, 16.28, 6.98, 3.36, 10.13, 13.05, 2.19, 8.94, 3.88, 0.97, 8.7, 13.78, 4.13, 2.6, 11.56, 13.59, 2.83, 11.69, 1.77, 5.52, 3.53, 1.8, 12.97, 9.11, 1.72, 2.23, 4.65, 3.05, 5.25, 3.79, 4.98, 9.04, 11.49, 16.84, 0.56, 16.14, 0.51, 8.12, 15.94, 3.97, 9.42, 7.44, 0.9, 3.13, 0.0, 14.66, 12.96], [7.57, 1.73, 6.81, 3.25, 12.21, 0.0, 8.64, 17.13, 0.83, 11.79, 11.13, 1.58, 4.44, 6.64, 5.99, 5.25, 2.87, 3.37, 14.5, 1.17, 1.31, 5.2, 5.98, 7.7, 5.78, 2.01, 14.06, 6.43, 6.56, 2.27, 7.46, 3.57, 5.95, 2.68, 0.89, 4.53, 6.56, 2.26, 1.64, 2.57, 8.06, 5.51, 8.01, 1.22, 12.51, 3.14, 3.23, 9.34, 5.07, 8.35, 6.99, 2.68, 4.78, 4.89, 6.59, 1.56, 6.25, 11.69, 11.75, 8.94, 4.06, 2.83, 6.37, 0.97, 7.09, 9.33, 3.7, 6.35, 5.71, 7.84, 6.36, 7.22, 15.54, 8.3, 4.22], [10.57, 9.42, 5.6, 3.14, 1.26, 1.87, 0.0, 0.63, 9.19, 0.63, 0.6, 3.93, 6.61, 15.8, 1.23, 2.52, 3.89, 11.01, 2.31, 8.84, 12.7, 14.17, 4.44, 1.97, 10.14, 14.01, 10.53, 3.28, 0.0, 2.68, 3.04, 4.79, 15.48, 6.24, 17.63, 4.69, 7.27, 1.7, 7.69, 11.57, 1.74, 1.16, 10.51, 17.81, 2.67, 11.62, 2.74, 3.77, 5.17, 2.52, 11.59, 1.06, 6.08, 8.68, 2.95, 4.96, 11.98, 10.11, 3.31, 5.2, 8.78, 16.01, 1.62, 6.02, 1.41, 2.79, 16.38, 4.29, 3.78, 7.94, 4.02, 7.47, 0.85, 10.48, 15.38], [4.08, 11.29, 10.1, 15.67, 1.9, 4.83, 0.87, 0.0, 17.26, 4.6, 0.54, 10.93, 8.76, 13.74, 5.38, 8.33, 16.47, 13.29, 1.56, 9.73, 7.5, 9.16, 2.25, 1.98, 16.37, 18.03, 7.72, 4.43, 2.22, 13.22, 2.35, 1.35, 8.76, 7.12, 22.35, 8.88, 18.75, 2.7, 11.72, 16.7, 11.37, 3.72, 14.51, 21.81, 4.03, 10.96, 8.42, 8.55, 5.26, 3.66, 9.6, 9.84, 1.82, 15.39, 4.84, 15.58, 18.85, 2.78, 0.0, 7.73, 4.97, 19.93, 1.13, 18.16, 2.12, 3.8, 20.97, 0.84, 5.92, 3.34, 4.38, 8.94, 3.66, 7.04, 12.15], [2.59, 1.03, 7.54, 0.82, 8.14, 6.18, 11.83, 5.6, 0.0, 13.84, 8.52, 3.58, 7.84, 0.58, 7.09, 5.08, 10.29, 12.39, 8.7, 4.33, 3.61, 2.58, 8.59, 3.52, 7.9, 0.24, 4.83, 3.04, 16.25, 1.62, 13.0, 16.66, 3.06, 1.56, 1.8, 3.54, 6.79, 12.11, 1.27, 1.7, 4.86, 16.54, 7.86, 3.9, 7.43, 9.88, 1.71, 1.93, 6.53, 8.28, 8.24, 7.48, 6.99, 12.18, 6.46, 5.44, 14.39, 14.6, 15.06, 10.26, 11.79, 1.2, 6.91, 5.83, 2.75, 6.01, 3.95, 5.5, 21.7, 9.2, 10.38, 3.69, 17.67, 3.17, 2.43], [6.46, 16.1, 2.03, 7.59, 3.51, 10.74, 0.42, 0.69, 10.11, 0.0, 2.37, 7.18, 6.34, 3.25, 4.19, 4.16, 10.92, 7.09, 1.73, 1.13, 13.81, 6.24, 3.36, 0.53, 3.26, 4.28, 12.06, 7.69, 0.89, 12.98, 3.48, 2.45, 17.18, 6.3, 7.81, 1.73, 13.84, 0.0, 15.14, 6.6, 8.1, 0.95, 5.78, 3.56, 3.94, 14.41, 3.5, 6.38, 7.77, 5.12, 9.32, 3.54, 6.7, 7.08, 1.5, 9.68, 12.57, 1.2, 1.15, 4.89, 11.67, 5.25, 2.16, 1.37, 0.7, 4.48, 15.44, 2.75, 2.76, 2.82, 2.83, 3.54, 4.41, 12.41, 13.69], [3.9, 10.04, 3.77, 13.64, 1.1, 11.56, 0.66, 1.89, 13.79, 0.91, 0.0, 2.88, 6.41, 11.32, 8.43, 9.61, 12.77, 8.03, 0.21, 2.59, 5.98, 9.74, 0.91, 3.95, 6.92, 10.67, 13.81, 8.95, 2.77, 13.84, 0.85, 7.69, 16.47, 3.63, 16.91, 9.54, 12.18, 2.44, 2.35, 3.2, 2.48, 1.26, 6.69, 7.94, 0.45, 16.81, 8.9, 11.08, 7.84, 5.83, 13.03, 2.99, 1.69, 4.56, 2.3, 2.41, 15.98, 12.88, 3.16, 2.87, 11.59, 15.2, 2.37, 4.98, 1.06, 3.6, 3.44, 0.74, 10.57, 1.43, 3.69, 1.48, 6.4, 11.48, 8.29], [1.43, 5.52, 2.36, 2.59, 10.4, 1.47, 5.32, 7.01, 6.0, 4.7, 9.61, 0.0, 0.98, 1.65, 9.44, 2.92, 4.14, 4.82, 6.12, 2.95, 1.81, 2.47, 1.1, 6.98, 1.98, 0.58, 9.45, 2.78, 3.81, 2.14, 6.84, 1.64, 2.43, 3.48, 2.2, 7.02, 17.14, 1.89, 3.93, 4.96, 4.11, 6.19, 9.89, 8.6, 6.34, 2.86, 4.31, 1.57, 5.92, 1.47, 12.15, 5.07, 7.89, 5.2, 1.81, 5.53, 1.49, 9.27, 10.09, 8.22, 1.09, 3.55, 8.96, 4.12, 5.48, 3.55, 4.78, 15.86, 5.14, 7.79, 2.38, 5.97, 13.77, 2.06, 3.06], [12.18, 6.35, 2.35, 8.27, 5.12, 3.09, 5.37, 5.96, 5.76, 1.6, 5.48, 3.56, 0.0, 10.71, 2.17, 3.8, 0.43, 1.78, 11.99, 3.13, 0.66, 6.63, 6.81, 2.85, 3.27, 4.86, 6.75, 10.44, 7.81, 8.02, 10.25, 3.34, 1.64, 11.03, 8.47, 11.39, 9.16, 5.16, 8.49, 4.41, 6.05, 3.73, 3.78, 1.58, 6.35, 5.73, 4.08, 2.15, 0.44, 3.2, 6.17, 6.96, 3.08, 0.0, 2.46, 1.39, 0.91, 2.64, 7.49, 1.45, 1.55, 7.83, 2.36, 0.65, 8.37, 2.34, 5.84, 1.85, 6.41, 3.05, 1.87, 6.95, 4.8, 10.51, 3.45], [1.56, 1.49, 3.91, 2.78, 15.03, 1.74, 15.47, 13.04, 1.9, 14.28, 2.22, 7.72, 13.51, 0.0, 3.39, 6.92, 6.93, 7.58, 5.12, 4.1, 5.06, 1.41, 2.43, 5.19, 10.74, 4.99, 19.42, 3.71, 13.18, 1.44, 7.87, 9.28, 3.33, 1.14, 12.33, 0.75, 2.63, 5.35, 3.65, 6.02, 1.42, 6.32, 3.54, 15.13, 2.08, 9.87, 1.58, 2.79, 15.28, 18.09, 7.14, 4.87, 10.38, 7.12, 5.46, 1.97, 6.48, 13.82, 11.33, 17.23, 9.54, 3.65, 4.31, 4.69, 12.7, 5.01, 10.0, 17.74, 8.47, 0.98, 11.16, 3.25, 4.66, 0.0, 4.33], [11.92, 14.88, 4.86, 3.23, 6.08, 10.94, 1.28, 9.37, 8.07, 6.81, 4.81, 8.63, 6.94, 7.41, 0.0, 1.38, 3.76, 1.98, 1.39, 8.55, 4.49, 4.28, 3.41, 1.35, 10.37, 6.27, 3.66, 14.24, 4.59, 14.17, 1.21, 1.93, 11.13, 4.5, 7.06, 16.7, 2.74, 3.42, 16.76, 8.44, 8.1, 4.24, 14.59, 2.49, 2.02, 2.49, 2.21, 0.34, 4.01, 2.08, 5.9, 4.84, 0.4, 2.32, 1.5, 5.55, 5.12, 3.59, 4.18, 2.18, 6.85, 10.6, 2.32, 3.67, 5.43, 12.24, 14.03, 12.69, 2.11, 11.22, 3.17, 5.04, 6.18, 6.28, 5.15], [3.97, 11.88, 1.42, 9.41, 5.6, 4.0, 3.87, 9.02, 12.79, 2.35, 8.41, 10.04, 1.43, 17.58, 0.67, 0.0, 4.01, 0.79, 10.8, 4.25, 6.28, 10.41, 9.68, 3.33, 2.49, 8.27, 2.82, 13.18, 5.75, 10.2, 9.73, 0.61, 13.34, 7.29, 8.81, 13.79, 5.72, 6.93, 16.0, 12.63, 7.63, 1.56, 15.33, 11.81, 2.76, 7.77, 11.78, 0.93, 7.85, 2.42, 2.43, 8.07, 1.92, 4.06, 9.45, 6.52, 2.6, 1.85, 12.06, 1.1, 6.3, 4.81, 3.98, 8.42, 3.26, 1.62, 8.81, 11.1, 3.4, 2.46, 3.0, 2.85, 6.49, 6.73, 6.67], [6.99, 5.37, 3.02, 8.54, 1.82, 4.62, 8.28, 12.13, 8.18, 8.57, 3.21, 5.46, 1.02, 9.29, 5.91, 2.18, 0.0, 0.96, 9.25, 3.38, 1.37, 5.71, 3.22, 5.13, 2.51, 2.3, 6.1, 12.85, 6.36, 2.72, 7.02, 3.37, 2.72, 4.9, 1.39, 6.65, 6.13, 12.88, 6.61, 5.59, 15.56, 4.33, 7.49, 6.92, 4.86, 2.56, 13.02, 4.83, 1.17, 2.7, 4.8, 6.34, 5.17, 2.5, 7.35, 0.54, 0.66, 3.05, 12.95, 1.76, 0.87, 3.95, 5.47, 1.74, 10.47, 2.06, 4.37, 3.6, 6.61, 5.34, 7.59, 7.71, 12.35, 15.27, 10.96], [3.51, 1.01, 2.1, 12.04, 4.92, 4.73, 11.56, 10.34, 13.94, 7.33, 8.96, 1.91, 1.51, 4.33, 2.53, 5.09, 0.57, 0.0, 2.33, 2.38, 0.6, 13.52, 13.01, 11.49, 3.26, 3.02, 4.92, 8.84, 7.84, 3.75, 14.04, 5.13, 7.79, 3.28, 8.74, 5.06, 7.73, 2.3, 10.94, 1.75, 4.58, 1.35, 4.84, 3.13, 9.63, 2.04, 14.14, 2.88, 1.94, 6.22, 2.55, 10.03, 4.59, 1.94, 7.56, 1.27, 1.88, 0.68, 13.23, 0.6, 1.42, 1.67, 6.87, 6.14, 11.22, 8.49, 3.24, 4.42, 2.54, 3.96, 8.84, 14.6, 2.04, 6.52, 10.14], [11.35, 8.55, 9.92, 12.39, 4.0, 14.93, 4.51, 1.26, 12.53, 3.86, 0.83, 8.17, 5.55, 8.89, 11.04, 6.45, 11.65, 8.74, 0.0, 9.51, 12.48, 10.95, 0.51, 1.52, 2.5, 13.76, 14.81, 5.14, 1.77, 5.62, 1.89, 9.86, 4.84, 3.04, 15.67, 4.14, 3.58, 2.02, 14.74, 7.14, 7.63, 0.44, 11.47, 16.33, 0.93, 6.69, 5.67, 11.59, 6.64, 2.15, 15.8, 3.95, 10.53, 1.69, 4.4, 4.86, 11.26, 8.83, 2.12, 3.78, 7.44, 9.69, 3.49, 4.29, 0.84, 1.15, 16.75, 2.49, 15.88, 5.84, 2.44, 3.57, 5.57, 2.76, 15.54], [1.97, 5.5, 2.32, 1.23, 4.82, 3.75, 7.1, 7.34, 4.09, 3.76, 1.21, 2.51, 1.03, 10.12, 3.42, 5.45, 4.43, 2.45, 8.36, 0.0, 7.52, 4.62, 7.77, 4.98, 6.18, 3.59, 8.68, 3.16, 2.72, 1.39, 1.4, 6.95, 4.91, 6.5, 3.03, 2.36, 1.97, 6.0, 5.6, 7.89, 1.61, 7.72, 4.51, 6.93, 4.69, 2.56, 5.71, 1.81, 5.36, 4.5, 4.15, 0.76, 6.18, 3.04, 6.1, 2.26, 9.52, 8.37, 3.8, 3.05, 2.14, 1.46, 4.21, 3.83, 5.09, 4.63, 4.71, 6.06, 11.21, 4.99, 5.34, 8.54, 4.35, 3.23, 2.41], [19.31, 6.4, 4.3, 3.19, 6.31, 0.95, 12.77, 3.64, 5.52, 11.99, 8.19, 7.31, 3.77, 12.14, 5.27, 4.39, 1.97, 0.7, 15.81, 2.97, 0.0, 12.27, 8.5, 3.45, 1.48, 11.93, 5.2, 13.78, 13.51, 5.91, 6.74, 3.88, 2.24, 2.54, 1.5, 3.52, 2.31, 10.62, 11.28, 4.84, 16.22, 11.34, 3.16, 4.56, 5.22, 8.25, 12.7, 4.07, 1.24, 1.56, 2.84, 6.91, 6.03, 1.64, 9.99, 0.95, 1.45, 3.0, 3.25, 4.01, 2.15, 4.77, 1.41, 5.01, 6.14, 4.27, 8.87, 14.71, 2.01, 9.2, 9.02, 7.5, 5.23, 8.88, 1.99], [2.54, 6.91, 7.19, 1.9, 13.71, 5.87, 8.5, 11.09, 0.84, 3.65, 7.71, 1.05, 6.58, 0.8, 15.56, 6.63, 5.13, 9.04, 1.55, 4.23, 15.71, 0.0, 2.84, 12.38, 1.75, 1.32, 6.19, 3.3, 7.56, 2.12, 3.25, 9.57, 4.36, 0.43, 13.93, 1.04, 23.17, 2.63, 4.33, 7.41, 1.38, 8.68, 9.92, 5.71, 4.01, 13.8, 3.62, 2.2, 13.2, 13.8, 12.04, 6.54, 4.69, 3.86, 1.81, 5.72, 9.46, 15.16, 8.13, 16.95, 10.48, 7.46, 2.65, 8.52, 9.49, 1.48, 4.33, 5.74, 7.15, 4.55, 5.64, 5.72, 8.69, 0.34, 3.45], [10.61, 6.38, 6.61, 9.75, 2.79, 5.54, 3.54, 1.1, 2.57, 3.12, 1.99, 7.82, 11.27, 9.24, 1.69, 8.5, 9.2, 4.34, 2.64, 2.65, 10.52, 6.58, 0.0, 5.52, 3.66, 4.22, 10.8, 5.19, 1.32, 11.1, 0.0, 6.79, 8.9, 9.84, 18.21, 1.48, 7.32, 0.6, 4.61, 1.97, 3.81, 0.83, 9.33, 4.15, 1.2, 12.96, 6.25, 11.14, 14.0, 6.28, 17.54, 3.36, 3.64, 10.22, 0.42, 2.81, 11.24, 9.96, 4.9, 5.02, 12.95, 14.28, 3.85, 12.22, 3.64, 2.3, 9.23, 2.56, 7.84, 1.73, 5.14, 2.08, 5.42, 8.26, 2.92], [2.76, 19.32, 4.69, 11.73, 0.54, 1.91, 2.35, 1.33, 8.58, 1.18, 1.59, 4.26, 10.42, 7.93, 6.37, 6.79, 9.77, 4.05, 3.03, 9.59, 9.52, 14.77, 4.59, 0.0, 2.16, 7.39, 1.72, 1.76, 2.53, 12.02, 3.73, 3.25, 23.48, 12.61, 8.05, 6.09, 16.68, 1.86, 6.05, 11.65, 10.3, 2.78, 11.6, 16.29, 1.69, 23.91, 12.59, 7.28, 4.31, 4.34, 13.3, 6.93, 9.9, 12.68, 4.86, 7.65, 3.57, 9.15, 0.24, 10.3, 13.33, 8.86, 1.82, 7.24, 2.13, 8.58, 6.08, 1.01, 3.76, 8.76, 7.7, 3.0, 1.51, 12.3, 4.98], [4.38, 3.86, 1.48, 8.57, 6.34, 5.9, 15.66, 12.89, 4.45, 11.46, 12.92, 2.61, 4.07, 5.89, 9.16, 1.74, 3.23, 4.87, 7.34, 3.22, 0.93, 2.66, 4.45, 8.4, 0.0, 3.56, 2.14, 12.1, 4.91, 7.59, 9.56, 10.66, 0.99, 2.43, 0.78, 13.08, 4.09, 15.68, 5.15, 1.3, 1.88, 4.33, 3.87, 1.77, 12.54, 4.49, 9.79, 4.91, 0.97, 8.68, 2.83, 3.79, 1.47, 1.97, 4.31, 1.82, 4.19, 5.92, 7.47, 4.65, 2.78, 5.58, 6.32, 2.08, 9.11, 10.0, 4.84, 19.26, 3.35, 12.07, 4.27, 3.2, 11.32, 9.1, 1.17], [3.59, 2.66, 11.27, 0.82, 3.86, 2.4, 10.85, 15.78, 1.35, 1.42, 12.27, 2.23, 1.85, 2.27, 7.0, 4.75, 1.74, 11.94, 4.16, 4.05, 3.2, 3.54, 3.7, 8.82, 3.87, 0.0, 15.24, 3.68, 11.45, 0.69, 7.41, 14.74, 6.75, 1.88, 6.92, 3.6, 15.76, 6.48, 2.0, 1.09, 4.01, 10.09, 2.97, 2.81, 8.47, 9.08, 6.86, 3.14, 2.75, 8.79, 14.47, 9.17, 10.6, 2.71, 1.98, 6.43, 2.4, 15.12, 6.52, 12.57, 10.17, 0.94, 13.44, 2.91, 4.33, 4.89, 4.19, 11.66, 15.08, 7.16, 9.46, 6.77, 2.72, 3.71, 1.52], [8.09, 4.88, 5.68, 5.76, 6.74, 6.58, 4.88, 9.66, 18.06, 3.26, 13.04, 10.57, 2.95, 4.01, 0.64, 1.15, 2.44, 5.1, 12.51, 8.17, 4.63, 18.52, 13.0, 11.19, 6.87, 18.6, 0.0, 14.36, 3.97, 9.97, 6.95, 0.98, 3.22, 20.06, 6.05, 13.56, 1.28, 8.45, 15.41, 13.59, 18.29, 8.28, 9.2, 13.48, 13.98, 12.04, 18.89, 1.9, 3.52, 5.51, 2.32, 11.95, 2.63, 3.82, 1.7, 4.35, 4.76, 2.7, 3.84, 1.52, 2.36, 10.58, 8.22, 5.6, 7.26, 14.92, 4.36, 10.75, 0.38, 9.99, 4.73, 8.22, 8.16, 5.05, 15.56], [4.28, 13.27, 9.89, 4.49, 13.79, 2.42, 7.95, 8.42, 4.18, 8.61, 1.07, 7.5, 8.43, 2.0, 3.85, 3.64, 14.21, 6.17, 1.83, 5.14, 6.83, 2.84, 7.5, 8.24, 4.35, 3.17, 14.64, 0.0, 11.49, 2.4, 1.71, 8.7, 4.12, 2.81, 13.56, 0.21, 11.25, 6.27, 7.39, 6.72, 0.42, 6.25, 7.1, 15.56, 1.52, 14.97, 1.15, 13.78, 4.96, 3.34, 22.74, 2.82, 3.07, 12.34, 1.23, 10.45, 14.78, 14.63, 2.05, 3.31, 13.21, 7.26, 11.68, 8.83, 6.8, 0.74, 4.99, 10.51, 15.08, 4.02, 2.32, 0.78, 4.85, 1.6, 6.49], [11.11, 13.53, 2.9, 11.83, 0.68, 6.63, 0.0, 2.04, 4.41, 0.88, 2.39, 11.28, 10.61, 16.44, 1.22, 4.07, 12.32, 9.35, 4.02, 3.21, 12.42, 6.48, 4.07, 0.86, 4.61, 3.83, 9.71, 1.83, 0.0, 9.38, 3.81, 2.82, 13.02, 5.06, 14.95, 10.05, 5.92, 0.86, 6.79, 11.71, 4.52, 0.77, 21.39, 13.46, 3.76, 12.94, 9.95, 3.68, 3.25, 4.6, 10.89, 5.1, 4.53, 2.26, 3.52, 9.92, 12.57, 9.62, 0.77, 10.79, 10.18, 13.94, 4.22, 6.65, 1.29, 4.86, 9.41, 1.61, 4.23, 2.81, 3.19, 2.85, 1.1, 15.41, 16.13], [6.42, 1.9, 5.48, 0.15, 5.66, 4.41, 4.31, 11.24, 1.49, 3.79, 7.3, 1.86, 7.49, 2.25, 9.67, 7.84, 12.25, 3.4, 5.4, 5.85, 1.88, 1.7, 2.34, 12.57, 3.47, 0.46, 14.08, 6.63, 5.78, 0.0, 6.58, 9.18, 3.79, 0.52, 1.8, 3.27, 7.33, 11.59, 3.12, 3.93, 3.96, 11.98, 7.61, 9.43, 2.23, 2.33, 6.27, 5.24, 5.13, 5.59, 13.69, 4.23, 6.54, 5.2, 6.05, 7.6, 8.38, 2.7, 6.86, 6.26, 4.61, 0.72, 8.21, 1.79, 6.3, 2.86, 4.89, 12.1, 16.45, 5.38, 6.81, 5.42, 8.79, 0.96, 0.46], [7.81, 14.36, 8.24, 5.06, 2.93, 2.05, 5.26, 2.38, 8.15, 2.85, 1.0, 2.02, 7.67, 2.1, 2.4, 2.44, 15.23, 2.18, 1.72, 4.13, 15.55, 1.12, 0.0, 0.83, 8.59, 9.48, 6.96, 1.95, 0.6, 10.76, 0.0, 4.0, 9.7, 2.35, 17.64, 4.74, 7.27, 3.59, 8.27, 3.2, 3.66, 3.44, 11.19, 6.53, 0.24, 14.33, 2.12, 7.06, 12.71, 9.01, 15.99, 4.03, 6.92, 2.35, 2.27, 3.84, 7.59, 13.82, 5.5, 6.52, 14.52, 15.5, 5.79, 5.46, 1.75, 2.92, 14.95, 4.39, 13.75, 1.3, 2.18, 1.98, 3.48, 4.78, 11.73], [18.31, 3.58, 1.97, 5.65, 4.59, 6.39, 3.14, 7.33, 13.25, 6.25, 3.33, 4.68, 2.92, 10.47, 0.25, 1.21, 3.62, 1.99, 6.42, 1.9, 4.23, 1.92, 10.14, 5.29, 6.36, 4.04, 3.8, 4.69, 5.1, 11.14, 5.24, 0.0, 13.03, 9.93, 2.08, 10.13, 6.02, 3.99, 12.98, 2.91, 12.49, 6.28, 5.52, 10.11, 8.96, 7.09, 4.33, 2.95, 3.35, 2.01, 5.59, 8.09, 0.27, 2.54, 6.35, 2.26, 1.65, 3.42, 9.85, 0.67, 6.07, 10.15, 0.4, 2.1, 5.81, 4.33, 13.32, 5.24, 1.96, 7.66, 3.58, 4.73, 4.34, 2.37, 3.31], [9.21, 3.08, 11.62, 9.51, 18.09, 3.3, 17.01, 11.48, 4.78, 10.99, 19.95, 4.92, 6.76, 3.98, 3.31, 11.1, 6.38, 9.35, 18.7, 7.48, 4.45, 16.58, 21.17, 14.07, 2.16, 9.1, 1.88, 15.13, 15.57, 2.4, 3.74, 13.75, 0.0, 6.1, 2.92, 18.01, 14.29, 9.28, 8.74, 4.23, 16.85, 12.83, 0.38, 1.91, 12.12, 0.76, 17.23, 6.38, 0.9, 15.5, 3.47, 13.64, 9.85, 1.28, 14.79, 7.74, 10.71, 10.62, 19.22, 6.84, 2.87, 4.75, 8.32, 3.96, 16.85, 13.15, 4.95, 10.47, 13.39, 13.67, 9.03, 10.1, 12.9, 17.96, 2.07], [1.02, 7.77, 9.79, 3.93, 7.88, 6.18, 10.38, 6.79, 4.91, 7.6, 7.74, 3.8, 12.55, 2.05, 4.64, 2.62, 13.16, 14.09, 6.31, 4.3, 2.46, 0.21, 2.73, 5.51, 13.75, 4.37, 16.47, 2.03, 12.55, 1.09, 8.82, 3.37, 2.35, 0.0, 5.14, 1.03, 19.44, 5.04, 5.8, 8.13, 3.55, 2.14, 14.26, 5.16, 4.2, 11.55, 2.65, 5.76, 14.32, 2.15, 2.73, 7.16, 6.8, 4.82, 4.02, 1.38, 6.1, 6.24, 11.72, 12.99, 12.33, 7.31, 10.9, 2.0, 12.12, 1.63, 7.45, 9.51, 8.2, 5.96, 6.42, 2.4, 5.17, 0.97, 6.01], [6.1, 0.39, 10.82, 2.12, 10.17, 4.27, 16.71, 6.73, 6.06, 16.51, 8.23, 2.39, 3.31, 10.29, 7.77, 4.56, 4.48, 3.15, 15.81, 2.41, 2.47, 12.56, 15.94, 8.89, 1.58, 5.88, 2.7, 9.95, 17.13, 8.66, 4.56, 8.05, 2.26, 7.26, 0.0, 12.19, 16.39, 16.85, 4.1, 1.87, 7.67, 7.02, 1.69, 1.3, 14.66, 1.95, 8.69, 2.77, 2.46, 4.24, 10.43, 7.98, 4.47, 4.92, 2.12, 7.83, 5.36, 5.32, 10.1, 5.58, 2.0, 0.75, 10.48, 2.23, 11.57, 9.79, 4.92, 18.76, 7.75, 15.47, 4.7, 12.45, 14.29, 10.19, 3.13], [4.06, 1.54, 7.0, 4.16, 5.94, 6.54, 9.66, 5.69, 3.2, 7.89, 2.8, 5.86, 3.13, 1.73, 12.31, 6.46, 2.21, 12.88, 10.84, 5.27, 4.71, 0.46, 2.67, 8.14, 12.38, 1.46, 10.9, 0.4, 12.89, 1.4, 8.77, 9.66, 10.74, 0.79, 5.99, 0.0, 13.49, 3.54, 1.42, 2.78, 1.17, 7.56, 12.33, 16.01, 6.41, 10.41, 1.53, 10.72, 8.7, 10.73, 15.9, 2.67, 11.97, 1.89, 4.92, 3.6, 18.61, 3.79, 5.22, 17.8, 9.75, 9.54, 3.5, 9.65, 6.78, 1.55, 1.7, 14.47, 15.77, 2.54, 2.55, 4.07, 4.46, 1.2, 5.43], [25.1, 8.4, 7.33, 17.44, 10.16, 10.56, 13.98, 6.64, 5.25, 5.28, 9.3, 10.82, 3.74, 23.19, 6.85, 1.72, 5.08, 7.77, 12.15, 4.2, 2.35, 21.11, 11.78, 16.25, 2.13, 5.12, 1.32, 13.38, 9.57, 12.61, 3.04, 6.44, 6.69, 18.81, 10.48, 8.48, 0.0, 5.43, 11.21, 10.4, 16.96, 5.36, 16.08, 7.1, 19.44, 5.09, 18.53, 5.14, 8.31, 2.53, 0.0, 2.52, 1.62, 10.23, 9.36, 9.58, 5.62, 1.88, 4.32, 5.44, 10.59, 7.23, 3.26, 13.0, 9.89, 14.48, 7.8, 7.32, 1.69, 10.64, 7.65, 4.36, 8.95, 13.47, 11.83], [2.96, 4.92, 2.34, 8.34, 1.65, 7.87, 1.88, 3.85, 6.37, 0.0, 1.56, 4.26, 4.08, 9.79, 2.61, 4.03, 10.37, 12.45, 2.53, 8.35, 3.94, 9.11, 2.45, 3.7, 12.7, 3.86, 4.32, 10.49, 1.98, 9.89, 1.73, 2.0, 10.98, 5.01, 8.89, 6.6, 14.3, 0.0, 12.13, 13.1, 8.66, 0.1, 15.32, 17.44, 3.27, 19.07, 6.28, 1.28, 3.31, 6.2, 6.15, 4.85, 4.76, 2.5, 1.1, 3.29, 7.19, 3.06, 5.19, 1.76, 4.19, 6.14, 1.71, 11.96, 0.51, 2.2, 10.08, 1.8, 7.76, 5.72, 1.61, 4.19, 3.82, 4.98, 4.01], [9.93, 2.87, 2.79, 2.43, 5.5, 3.81, 13.54, 10.46, 1.88, 11.3, 9.76, 3.46, 1.19, 1.94, 16.36, 8.69, 3.66, 12.53, 15.38, 3.95, 2.91, 3.22, 2.43, 18.84, 8.65, 1.93, 2.97, 6.13, 14.01, 3.14, 7.68, 1.9, 5.81, 5.54, 2.34, 6.05, 4.27, 12.41, 0.0, 0.31, 7.92, 14.12, 3.93, 6.14, 12.47, 6.9, 1.76, 7.39, 5.78, 9.89, 16.8, 5.14, 1.9, 6.7, 1.75, 4.22, 1.75, 9.25, 5.06, 13.4, 3.96, 1.63, 4.97, 2.64, 3.72, 6.76, 1.95, 14.01, 12.23, 11.16, 5.33, 7.3, 14.46, 7.32, 0.62], [3.2, 3.15, 2.51, 2.64, 18.98, 0.83, 9.79, 3.87, 2.67, 15.63, 16.56, 1.73, 5.35, 4.4, 15.23, 5.73, 11.06, 6.58, 10.97, 5.34, 3.23, 6.84, 8.04, 11.56, 1.84, 2.09, 12.05, 9.23, 17.34, 1.87, 10.22, 4.73, 5.8, 1.14, 1.78, 1.58, 15.84, 15.71, 0.63, 0.0, 2.56, 5.57, 3.76, 1.01, 2.24, 0.82, 1.83, 3.44, 4.82, 14.24, 6.65, 6.46, 5.98, 9.21, 2.57, 5.83, 9.51, 6.65, 11.6, 12.9, 4.85, 0.16, 8.73, 3.78, 9.47, 6.58, 0.73, 6.08, 11.98, 2.5, 3.81, 11.5, 3.66, 3.71, 0.92], [5.95, 12.6, 10.54, 5.9, 14.26, 6.79, 3.39, 12.32, 2.42, 7.95, 8.3, 5.64, 5.24, 4.86, 14.43, 16.0, 15.88, 4.4, 8.39, 7.55, 12.81, 3.35, 4.93, 12.53, 7.89, 1.2, 13.88, 0.74, 5.77, 5.68, 5.56, 5.71, 8.57, 0.54, 9.76, 1.05, 6.18, 2.88, 3.94, 11.01, 0.0, 7.03, 9.49, 13.54, 6.51, 7.39, 0.62, 5.23, 11.32, 10.75, 3.52, 4.21, 7.88, 1.78, 6.56, 9.19, 9.09, 2.49, 6.02, 1.93, 1.96, 7.04, 2.52, 2.2, 5.37, 2.88, 9.77, 3.95, 18.25, 1.73, 9.06, 2.74, 3.29, 0.97, 1.39], [11.65, 13.14, 4.83, 3.82, 2.8, 11.15, 0.19, 1.76, 2.74, 0.34, 1.08, 2.76, 8.52, 12.92, 5.29, 8.08, 2.55, 11.34, 2.74, 9.28, 13.74, 4.67, 3.46, 0.39, 8.58, 8.76, 4.44, 5.44, 1.3, 7.35, 2.55, 2.9, 12.15, 5.39, 5.09, 11.27, 6.72, 0.47, 13.4, 3.34, 7.59, 0.0, 9.35, 7.26, 0.96, 10.88, 9.58, 5.39, 4.73, 5.19, 3.47, 4.94, 1.87, 5.52, 0.82, 6.61, 13.41, 5.03, 1.36, 3.04, 4.9, 8.29, 3.19, 5.44, 0.0, 4.92, 2.11, 1.78, 13.26, 1.15, 4.0, 1.61, 0.67, 10.43, 4.39], [17.65, 4.04, 7.7, 2.1, 22.95, 2.09, 5.82, 17.61, 4.03, 8.07, 14.62, 9.93, 9.92, 15.62, 1.85, 3.34, 7.92, 10.89, 14.77, 10.96, 1.58, 12.11, 13.1, 25.12, 1.3, 5.92, 14.54, 12.67, 4.59, 5.31, 12.71, 6.15, 0.49, 16.21, 2.6, 13.11, 8.56, 11.84, 3.63, 6.88, 3.43, 2.27, 0.0, 2.87, 18.37, 3.07, 2.28, 9.38, 5.92, 2.75, 7.04, 2.18, 15.45, 6.22, 15.06, 6.24, 2.6, 11.82, 12.82, 3.14, 6.56, 4.45, 3.6, 6.47, 11.64, 18.8, 5.49, 27.03, 11.85, 16.23, 15.23, 21.07, 21.83, 12.03, 7.07], [1.85, 1.2, 1.73, 7.69, 10.27, 5.5, 3.3, 13.87, 9.33, 12.76, 9.89, 4.52, 1.31, 3.24, 13.7, 11.92, 0.97, 3.42, 17.55, 8.91, 4.6, 13.33, 7.59, 11.92, 1.96, 3.87, 2.97, 12.0, 9.82, 2.37, 7.05, 7.7, 2.44, 10.45, 0.42, 2.35, 9.11, 9.4, 5.62, 1.12, 6.84, 7.91, 0.8, 0.0, 5.93, 1.72, 7.4, 9.83, 3.71, 8.92, 14.32, 9.11, 4.68, 3.93, 13.06, 2.61, 1.31, 7.42, 9.78, 5.61, 5.85, 1.5, 5.91, 0.67, 8.03, 10.95, 4.18, 12.95, 11.15, 7.35, 14.02, 11.59, 8.03, 13.56, 3.13], [4.18, 7.79, 8.11, 10.72, 4.76, 2.7, 5.02, 4.9, 7.03, 1.08, 0.73, 11.88, 4.26, 10.33, 4.61, 9.84, 3.85, 8.36, 0.35, 3.58, 3.45, 5.52, 1.38, 1.29, 8.36, 5.37, 4.92, 7.01, 4.91, 5.61, 0.32, 7.82, 22.56, 1.96, 4.75, 3.6, 5.18, 2.46, 14.0, 13.83, 5.21, 2.11, 7.59, 7.84, 0.0, 12.1, 5.68, 10.76, 15.83, 7.65, 12.35, 1.59, 8.0, 9.87, 0.93, 9.37, 3.01, 8.09, 4.63, 14.09, 6.49, 10.5, 7.0, 6.36, 0.79, 2.31, 9.88, 4.28, 17.49, 1.67, 6.31, 3.05, 5.63, 7.32, 6.11], [11.88, 0.87, 10.52, 7.46, 14.06, 6.05, 19.41, 9.06, 9.29, 14.57, 11.48, 4.27, 2.53, 2.16, 7.87, 15.58, 8.3, 5.77, 21.12, 9.64, 1.9, 5.9, 7.29, 2.71, 5.43, 4.06, 11.57, 2.04, 3.31, 8.52, 4.45, 2.9, 3.6, 3.75, 0.49, 13.65, 11.13, 3.08, 2.2, 2.16, 11.31, 8.19, 1.0, 2.1, 9.33, 0.0, 8.19, 1.72, 4.45, 19.81, 17.15, 12.2, 3.1, 1.62, 12.54, 7.33, 7.32, 15.61, 4.17, 12.9, 6.62, 3.52, 11.15, 4.54, 2.21, 9.53, 2.0, 2.79, 6.19, 11.56, 10.48, 16.19, 7.38, 6.28, 7.42], [0.84, 13.59, 8.22, 2.04, 13.54, 1.46, 4.21, 10.76, 3.5, 1.31, 5.22, 4.13, 2.63, 2.04, 8.18, 1.69, 13.34, 13.91, 2.72, 3.43, 2.09, 0.77, 5.06, 5.77, 9.28, 1.64, 5.68, 0.16, 4.32, 1.79, 6.31, 4.77, 14.82, 2.01, 8.47, 1.96, 3.48, 6.73, 9.52, 4.96, 0.66, 7.99, 4.28, 12.18, 5.47, 15.86, 0.0, 2.27, 6.59, 8.31, 4.31, 3.2, 4.39, 10.67, 5.9, 7.37, 17.19, 11.02, 6.03, 2.1, 11.51, 1.43, 8.44, 10.24, 3.3, 0.59, 3.31, 12.74, 16.12, 3.17, 2.49, 1.33, 8.77, 4.49, 5.32], [8.82, 7.99, 4.02, 6.3, 5.51, 6.16, 2.67, 11.55, 14.27, 7.14, 7.46, 9.23, 4.27, 10.5, 0.65, 0.48, 5.21, 1.76, 6.91, 3.35, 6.22, 8.73, 7.48, 8.8, 1.74, 8.96, 1.53, 12.58, 1.75, 3.7, 5.67, 2.82, 5.33, 14.73, 12.99, 13.76, 5.13, 6.19, 7.3, 13.84, 15.75, 2.59, 14.93, 11.47, 12.15, 9.08, 11.37, 0.0, 0.99, 2.38, 2.94, 10.4, 2.26, 3.68, 7.1, 2.18, 1.39, 0.9, 3.65, 0.32, 0.69, 13.27, 2.55, 1.51, 4.06, 11.72, 14.18, 4.57, 1.75, 1.69, 1.0, 3.38, 1.19, 3.29, 5.42], [2.07, 3.31, 1.64, 6.34, 10.83, 2.56, 6.88, 17.31, 3.62, 2.65, 3.36, 3.17, 1.64, 3.96, 2.4, 7.83, 1.78, 2.02, 17.49, 5.32, 0.45, 12.69, 14.59, 17.55, 1.07, 7.35, 6.67, 5.17, 12.85, 8.47, 13.69, 5.83, 1.62, 11.14, 3.39, 10.81, 11.52, 9.32, 4.07, 1.99, 7.3, 3.83, 2.05, 0.77, 12.62, 6.08, 7.56, 8.01, 0.0, 6.85, 2.56, 1.86, 8.23, 0.75, 9.9, 2.76, 2.9, 7.65, 7.92, 5.91, 0.96, 3.45, 10.11, 2.79, 13.41, 10.23, 8.37, 16.58, 7.31, 14.93, 9.13, 11.96, 12.6, 8.54, 4.17], [3.16, 13.77, 2.49, 8.8, 3.92, 10.09, 0.74, 7.85, 11.53, 6.38, 3.12, 2.87, 6.08, 12.33, 0.84, 2.84, 7.64, 2.46, 6.57, 4.49, 6.79, 6.41, 4.83, 1.17, 10.77, 14.29, 3.71, 3.66, 0.58, 3.68, 3.76, 1.61, 18.68, 15.2, 7.56, 8.19, 1.44, 2.34, 17.86, 7.19, 3.71, 5.62, 8.73, 11.96, 2.8, 4.55, 5.58, 4.08, 4.53, 0.0, 8.29, 6.35, 3.77, 5.75, 2.98, 3.72, 6.24, 4.97, 5.39, 2.51, 3.02, 14.46, 1.0, 9.09, 4.03, 2.47, 16.99, 7.74, 0.83, 1.36, 4.48, 5.29, 1.65, 18.25, 2.23], [25.51, 13.2, 3.18, 14.83, 12.84, 5.45, 7.49, 17.48, 3.68, 11.14, 11.27, 15.28, 1.72, 21.05, 3.83, 1.08, 4.57, 1.88, 11.33, 2.0, 8.84, 11.88, 2.2, 1.95, 12.42, 9.55, 2.72, 6.75, 2.19, 3.12, 16.88, 8.03, 10.17, 7.14, 13.42, 19.93, 0.0, 10.18, 15.22, 13.42, 18.42, 5.8, 14.89, 11.28, 10.24, 11.68, 13.05, 5.22, 2.76, 8.32, 0.0, 7.34, 4.77, 8.77, 10.87, 4.71, 5.59, 1.26, 8.76, 5.11, 9.47, 12.45, 9.16, 6.71, 11.32, 7.74, 19.48, 9.07, 0.52, 17.78, 11.54, 21.6, 8.27, 15.33, 13.52], [3.47, 5.78, 3.96, 3.23, 5.96, 3.83, 6.5, 4.85, 4.9, 1.62, 4.72, 3.73, 7.25, 3.48, 1.22, 10.28, 1.69, 9.3, 3.25, 1.03, 8.57, 1.63, 1.68, 5.55, 2.27, 6.44, 13.15, 4.42, 3.35, 1.59, 3.24, 7.67, 15.47, 3.2, 3.16, 0.81, 15.07, 0.51, 10.35, 8.58, 1.33, 2.9, 8.78, 6.41, 4.0, 13.51, 4.62, 7.03, 2.37, 4.9, 13.69, 0.0, 7.48, 8.14, 1.29, 5.05, 6.21, 4.02, 1.37, 11.01, 1.36, 3.34, 2.98, 9.03, 4.92, 0.35, 10.19, 5.47, 4.31, 0.91, 0.88, 1.98, 3.19, 9.16, 6.94], [18.25, 9.74, 1.91, 1.51, 5.17, 6.81, 3.2, 8.55, 12.75, 4.34, 6.66, 9.24, 4.06, 8.69, 1.53, 0.52, 6.27, 3.14, 10.37, 4.43, 4.8, 6.87, 6.96, 6.51, 2.06, 8.69, 5.03, 13.56, 1.6, 1.8, 9.89, 0.49, 8.6, 1.85, 4.24, 5.77, 6.62, 6.87, 10.87, 7.28, 6.68, 4.89, 3.95, 3.66, 4.41, 9.07, 11.08, 2.61, 4.93, 3.02, 4.31, 4.63, 0.0, 3.79, 1.07, 2.16, 1.0, 3.8, 1.59, 2.32, 1.41, 11.39, 0.83, 5.65, 5.59, 9.97, 9.31, 12.06, 5.17, 2.14, 3.23, 1.96, 6.49, 2.23, 13.22], [7.15, 5.87, 0.99, 2.15, 2.57, 2.04, 5.15, 8.19, 2.5, 1.42, 11.11, 5.63, 0.0, 14.59, 4.06, 2.87, 0.53, 2.7, 6.21, 3.1, 4.25, 7.68, 2.9, 12.31, 4.1, 7.39, 2.27, 6.71, 9.68, 4.45, 7.98, 2.24, 8.14, 4.7, 6.7, 5.76, 3.17, 2.12, 6.94, 5.12, 10.27, 4.95, 8.74, 8.02, 12.74, 7.66, 10.76, 2.7, 4.03, 5.22, 2.38, 7.3, 2.43, 0.0, 5.32, 0.29, 3.54, 3.28, 4.98, 2.46, 1.89, 4.54, 5.6, 0.74, 2.58, 8.06, 7.91, 6.71, 3.13, 2.29, 2.67, 10.58, 10.35, 10.97, 2.81], [7.18, 2.17, 5.78, 3.32, 2.6, 4.07, 1.35, 1.46, 1.43, 0.99, 3.6, 1.74, 8.1, 3.94, 3.99, 8.27, 5.95, 11.61, 3.66, 2.11, 13.54, 4.78, 0.75, 1.32, 3.82, 9.42, 13.59, 7.09, 2.68, 2.03, 1.02, 0.85, 6.07, 2.78, 14.95, 4.16, 13.91, 1.15, 5.95, 7.71, 3.06, 1.3, 7.63, 4.91, 3.66, 5.17, 4.69, 10.42, 2.63, 8.13, 15.66, 1.87, 2.54, 1.66, 0.0, 1.9, 3.14, 10.29, 4.04, 6.52, 8.71, 4.52, 2.38, 6.11, 1.91, 2.69, 5.67, 4.97, 14.76, 2.16, 2.17, 1.0, 0.97, 5.12, 5.91], [8.32, 1.1, 3.44, 7.55, 11.09, 0.62, 5.66, 15.32, 9.07, 4.81, 9.87, 2.67, 0.93, 13.37, 2.76, 3.26, 1.79, 3.36, 9.42, 1.36, 3.71, 7.06, 8.18, 9.32, 4.58, 3.69, 6.56, 10.02, 2.58, 3.86, 8.87, 4.34, 6.32, 8.04, 6.83, 1.24, 6.53, 6.29, 8.88, 5.96, 6.85, 2.86, 7.62, 1.42, 4.79, 7.24, 3.4, 4.35, 2.66, 2.79, 7.28, 7.49, 0.54, 1.04, 3.3, 0.0, 3.14, 3.99, 9.11, 3.06, 0.98, 3.45, 4.84, 2.73, 5.3, 1.16, 4.44, 10.85, 10.11, 7.84, 2.55, 5.21, 6.35, 2.79, 2.13], [9.56, 5.94, 6.14, 5.89, 13.76, 9.05, 5.51, 2.6, 16.87, 3.8, 11.92, 6.64, 5.11, 4.96, 4.64, 0.88, 2.19, 1.79, 17.84, 6.07, 3.1, 9.55, 7.76, 12.45, 3.76, 12.43, 3.16, 2.46, 3.64, 3.17, 15.95, 2.3, 9.41, 8.31, 6.38, 3.02, 6.39, 7.8, 11.93, 8.72, 13.63, 13.89, 4.89, 5.96, 11.19, 3.52, 5.83, 2.97, 0.8, 4.08, 6.86, 1.82, 2.67, 1.49, 13.33, 3.57, 0.0, 2.57, 15.69, 1.83, 0.51, 2.03, 8.39, 3.0, 2.75, 3.11, 2.85, 8.34, 5.82, 4.75, 8.04, 8.81, 8.21, 13.63, 12.74], [14.18, 3.49, 4.22, 8.06, 6.04, 4.87, 6.01, 4.82, 9.78, 6.61, 11.4, 9.43, 3.0, 16.39, 1.81, 2.13, 1.21, 0.91, 5.34, 4.01, 2.28, 18.09, 3.13, 13.08, 2.47, 2.2, 0.51, 13.09, 5.67, 9.78, 9.38, 1.09, 10.42, 8.17, 4.12, 10.96, 3.31, 8.7, 3.81, 13.86, 4.97, 4.63, 9.08, 9.39, 14.79, 3.97, 6.71, 0.99, 4.24, 2.26, 2.98, 4.38, 0.46, 4.27, 3.3, 1.73, 2.44, 0.0, 2.55, 0.45, 1.35, 5.51, 1.63, 10.31, 7.97, 10.74, 4.94, 11.37, 0.72, 2.7, 4.99, 3.15, 1.07, 6.49, 10.06], [3.15, 18.46, 2.09, 7.12, 4.23, 4.97, 5.36, 0.0, 16.34, 4.18, 0.46, 15.79, 11.75, 15.94, 2.21, 12.32, 7.31, 14.51, 2.51, 9.14, 9.83, 8.1, 3.86, 0.23, 9.55, 2.44, 9.33, 12.52, 1.72, 17.48, 3.62, 1.86, 5.0, 3.27, 7.57, 8.86, 7.92, 2.84, 12.89, 15.12, 4.38, 2.21, 24.56, 13.46, 2.65, 18.31, 3.18, 6.5, 13.27, 1.06, 6.87, 3.94, 11.81, 14.31, 7.08, 12.82, 8.74, 13.62, 0.0, 1.91, 3.7, 7.62, 5.84, 18.06, 1.49, 1.54, 14.19, 0.32, 12.03, 2.16, 7.31, 3.9, 2.32, 11.92, 17.17], [21.09, 2.66, 1.16, 5.47, 10.2, 4.52, 2.4, 1.79, 14.49, 10.06, 12.62, 8.25, 0.54, 5.48, 1.22, 2.98, 1.64, 0.65, 14.69, 6.99, 1.78, 12.94, 13.42, 1.98, 3.16, 7.38, 2.81, 14.33, 6.64, 9.5, 4.68, 0.75, 10.12, 3.94, 8.11, 1.9, 3.16, 4.14, 7.28, 7.15, 16.71, 4.3, 4.32, 8.02, 12.43, 2.59, 15.52, 0.69, 6.64, 3.97, 4.3, 11.83, 0.83, 3.14, 10.29, 5.3, 2.21, 0.81, 11.62, 0.0, 3.44, 11.15, 2.76, 6.43, 10.2, 3.34, 3.69, 7.74, 2.97, 6.62, 3.66, 4.31, 3.9, 7.77, 12.13], [5.43, 5.01, 3.23, 3.28, 9.93, 4.79, 4.9, 6.8, 2.88, 6.23, 9.38, 5.45, 0.65, 7.73, 2.28, 0.79, 0.76, 0.76, 9.23, 3.97, 0.97, 4.3, 9.92, 8.43, 1.46, 10.95, 5.1, 8.76, 5.07, 6.57, 4.67, 0.85, 7.96, 5.63, 1.88, 7.13, 6.15, 11.77, 10.4, 3.36, 4.43, 11.73, 1.77, 1.04, 15.28, 5.13, 10.13, 1.98, 0.44, 4.12, 5.27, 7.52, 1.62, 0.54, 8.84, 1.67, 0.71, 5.24, 17.33, 5.06, 0.0, 7.51, 5.76, 2.9, 12.99, 6.39, 9.12, 8.04, 6.77, 4.66, 6.31, 9.33, 6.84, 3.93, 1.9], [5.3, 1.89, 4.46, 1.13, 17.34, 1.16, 16.86, 3.85, 4.22, 6.3, 9.09, 0.74, 8.2, 9.09, 3.26, 5.36, 5.59, 2.06, 13.0, 5.17, 2.72, 1.81, 15.4, 12.94, 5.96, 3.98, 6.8, 7.26, 3.05, 4.46, 6.37, 9.5, 2.5, 2.95, 1.33, 3.82, 11.82, 9.24, 1.3, 1.24, 3.35, 7.69, 5.38, 5.86, 5.37, 3.13, 8.54, 4.72, 2.17, 3.88, 5.42, 6.82, 8.24, 6.74, 6.54, 2.14, 4.35, 6.09, 12.27, 11.07, 3.9, 0.0, 4.4, 1.1, 4.52, 7.77, 0.56, 13.57, 8.91, 5.64, 10.07, 1.95, 15.73, 7.3, 1.22], [7.49, 1.47, 1.41, 11.53, 2.22, 4.8, 3.44, 3.37, 6.92, 2.48, 1.22, 4.28, 1.41, 2.82, 2.97, 1.9, 4.64, 1.04, 1.37, 2.2, 8.45, 14.41, 5.58, 2.22, 9.59, 1.64, 6.45, 8.53, 4.09, 6.9, 4.2, 1.46, 9.64, 9.36, 9.63, 3.21, 2.52, 0.67, 6.97, 6.06, 8.81, 5.08, 14.07, 14.18, 3.47, 16.1, 9.09, 4.76, 6.68, 1.1, 7.22, 2.62, 2.01, 1.47, 4.85, 6.48, 3.21, 5.16, 1.06, 4.32, 3.55, 6.24, 0.0, 11.23, 3.26, 5.1, 3.77, 8.75, 7.66, 9.06, 1.33, 4.87, 2.5, 10.38, 10.01], [7.31, 1.36, 5.82, 0.64, 2.59, 0.11, 8.54, 11.67, 4.16, 8.88, 9.72, 3.96, 2.95, 3.44, 10.75, 7.09, 3.61, 2.19, 2.04, 4.91, 2.4, 6.97, 9.05, 2.27, 1.83, 3.45, 12.25, 11.43, 12.66, 3.61, 12.87, 8.31, 6.86, 2.84, 0.79, 10.77, 8.42, 8.5, 2.75, 2.09, 7.53, 10.75, 3.77, 2.83, 2.06, 3.63, 1.54, 4.17, 4.81, 6.17, 2.98, 5.92, 7.29, 5.85, 2.91, 3.13, 5.64, 7.33, 3.42, 6.72, 2.1, 2.54, 6.95, 0.0, 1.72, 2.22, 1.69, 11.04, 14.69, 11.63, 3.37, 7.87, 8.92, 7.51, 1.74], [10.2, 15.0, 4.66, 12.42, 2.21, 3.12, 0.6, 2.93, 8.69, 0.72, 1.5, 7.22, 9.73, 7.35, 6.73, 3.62, 6.94, 1.85, 3.44, 8.87, 12.64, 12.3, 3.49, 1.32, 6.95, 13.73, 5.46, 2.91, 0.97, 6.64, 3.89, 3.94, 5.36, 3.47, 8.29, 6.98, 6.11, 0.7, 11.62, 2.2, 9.07, 0.0, 9.7, 17.6, 2.68, 15.78, 3.66, 10.01, 6.41, 2.74, 6.54, 4.21, 1.63, 8.45, 3.21, 6.25, 11.54, 8.07, 3.82, 5.78, 10.77, 4.18, 2.91, 8.12, 0.0, 3.57, 14.13, 1.59, 6.01, 5.14, 3.96, 1.79, 1.6, 11.31, 3.8], [1.83, 12.75, 1.31, 8.21, 6.0, 7.96, 3.62, 3.13, 4.62, 1.35, 5.03, 2.07, 5.56, 5.62, 12.19, 3.28, 11.27, 10.74, 3.23, 6.5, 7.56, 3.79, 2.04, 3.42, 2.46, 3.98, 5.86, 4.15, 3.49, 7.69, 3.77, 8.51, 2.66, 2.24, 2.4, 1.67, 9.75, 4.93, 11.39, 7.14, 2.32, 2.28, 7.24, 14.01, 2.09, 7.77, 0.39, 9.25, 10.54, 1.52, 14.23, 2.16, 1.35, 8.34, 0.53, 8.86, 2.6, 6.18, 3.16, 7.65, 11.7, 10.1, 2.1, 4.7, 0.89, 0.0, 6.99, 6.6, 12.31, 1.18, 1.1, 3.09, 3.34, 2.17, 1.03], [5.55, 1.55, 8.63, 0.71, 13.2, 1.25, 9.99, 8.65, 4.25, 7.39, 16.38, 4.78, 1.16, 4.07, 16.21, 5.34, 6.17, 9.86, 18.83, 6.6, 4.32, 8.02, 9.74, 12.87, 3.08, 3.66, 2.97, 1.23, 12.15, 1.42, 2.13, 2.05, 0.9, 3.59, 2.41, 1.87, 15.72, 3.87, 1.34, 0.71, 11.34, 15.05, 2.06, 0.87, 15.84, 1.76, 8.74, 10.32, 4.07, 2.51, 3.49, 3.45, 12.57, 8.7, 2.02, 1.36, 3.13, 15.5, 3.16, 3.24, 6.68, 0.71, 8.93, 1.87, 2.71, 6.49, 0.0, 6.8, 9.72, 5.17, 3.48, 9.3, 6.2, 4.74, 0.47], [11.55, 8.74, 8.58, 17.79, 1.58, 2.8, 5.93, 0.18, 20.89, 2.49, 3.49, 13.9, 2.72, 12.54, 12.9, 12.46, 13.59, 7.31, 0.89, 4.62, 18.14, 9.98, 1.26, 2.31, 13.4, 3.6, 5.16, 4.45, 3.3, 7.29, 1.67, 8.44, 6.66, 16.24, 4.26, 11.64, 14.73, 1.52, 11.42, 9.02, 3.3, 2.04, 18.15, 18.96, 4.6, 14.8, 12.05, 4.45, 14.72, 8.63, 16.27, 3.18, 5.98, 16.15, 3.54, 10.02, 12.24, 14.79, 0.34, 11.21, 7.48, 17.48, 6.55, 6.75, 2.79, 1.21, 18.41, 0.0, 9.86, 4.29, 1.91, 7.35, 6.25, 2.5, 7.84], [21.38, 5.99, 4.88, 4.59, 6.39, 13.27, 8.82, 16.55, 10.5, 13.04, 13.73, 13.85, 1.91, 21.98, 0.75, 0.9, 1.03, 7.73, 12.26, 2.92, 9.72, 19.25, 16.01, 2.47, 6.29, 17.12, 0.99, 21.7, 10.9, 4.87, 16.87, 3.78, 12.27, 7.35, 8.85, 7.41, 0.73, 12.1, 8.35, 12.63, 9.43, 7.21, 18.18, 9.89, 8.61, 8.82, 20.4, 2.22, 11.65, 2.23, 0.33, 12.87, 4.22, 7.91, 2.36, 8.93, 6.65, 4.32, 4.63, 1.65, 9.5, 12.36, 5.44, 12.05, 12.83, 1.97, 11.16, 5.62, 0.0, 9.35, 11.38, 19.88, 4.0, 20.23, 2.98], [4.79, 11.79, 3.58, 6.91, 2.76, 6.06, 7.47, 8.61, 1.84, 2.11, 3.78, 6.15, 8.7, 3.31, 11.07, 3.04, 7.04, 6.32, 2.82, 5.81, 4.52, 0.97, 2.33, 1.7, 7.98, 6.66, 10.25, 1.48, 6.41, 9.13, 1.78, 6.12, 11.8, 3.86, 2.45, 5.89, 9.49, 1.6, 7.9, 7.51, 1.6, 3.08, 13.86, 5.23, 3.96, 3.34, 3.21, 8.05, 8.37, 4.51, 7.21, 2.42, 9.48, 11.58, 1.35, 5.64, 8.59, 2.25, 7.6, 2.01, 1.75, 7.18, 4.98, 8.73, 0.92, 1.31, 11.68, 5.21, 3.83, 0.0, 2.67, 1.49, 2.81, 4.18, 8.31], [2.99, 10.71, 1.89, 5.57, 2.84, 1.97, 2.36, 1.52, 11.62, 0.66, 6.08, 0.89, 2.16, 3.73, 3.36, 1.0, 3.61, 5.75, 1.63, 1.08, 9.93, 3.61, 1.39, 7.06, 10.65, 4.06, 2.78, 9.67, 3.37, 5.4, 1.41, 2.93, 5.82, 9.46, 6.44, 1.77, 3.17, 1.72, 6.78, 2.82, 1.75, 3.03, 8.59, 5.54, 1.24, 12.3, 8.71, 6.33, 1.68, 3.17, 1.4, 0.93, 2.61, 5.39, 3.11, 4.45, 3.91, 2.86, 1.97, 6.86, 5.31, 11.58, 2.81, 6.44, 1.67, 2.99, 2.8, 5.71, 11.3, 2.96, 0.0, 1.34, 4.65, 3.16, 10.03], [4.79, 2.5, 7.09, 1.14, 6.14, 5.48, 5.95, 2.53, 4.6, 4.81, 3.1, 4.91, 13.55, 6.14, 1.77, 7.53, 4.65, 12.85, 1.86, 8.67, 9.57, 1.49, 1.06, 1.18, 5.72, 8.59, 10.08, 2.63, 7.62, 6.7, 3.11, 6.8, 11.43, 1.11, 6.81, 1.81, 3.81, 5.33, 9.04, 5.74, 3.27, 6.9, 13.4, 9.68, 3.52, 5.75, 3.56, 10.78, 3.14, 10.83, 7.13, 1.08, 6.2, 6.65, 0.98, 6.43, 9.24, 14.3, 7.97, 17.16, 9.21, 6.81, 2.14, 8.27, 2.5, 1.33, 2.22, 5.33, 10.28, 0.37, 6.6, 0.0, 6.58, 4.19, 5.3], [13.04, 10.82, 6.12, 3.1, 0.0, 14.81, 1.07, 3.98, 9.25, 1.84, 6.1, 12.66, 3.76, 6.64, 4.86, 1.76, 11.12, 12.75, 3.68, 11.01, 2.91, 4.97, 3.91, 2.8, 2.27, 3.88, 6.0, 5.8, 0.24, 4.92, 1.2, 1.87, 4.25, 3.44, 18.78, 11.61, 6.29, 4.06, 6.34, 13.0, 11.69, 2.24, 7.41, 8.82, 6.87, 5.43, 1.69, 6.37, 2.25, 1.17, 5.61, 4.65, 3.8, 5.18, 3.0, 5.44, 8.72, 9.63, 0.61, 5.65, 3.55, 9.09, 2.74, 3.81, 0.9, 3.27, 6.36, 6.54, 3.36, 3.06, 4.54, 3.79, 0.0, 9.85, 14.35], [0.4, 3.54, 4.37, 2.29, 2.43, 7.94, 15.04, 15.78, 0.57, 5.74, 10.7, 3.42, 5.02, 0.0, 3.23, 9.94, 12.65, 10.38, 11.45, 9.4, 10.09, 0.34, 10.53, 6.46, 8.56, 4.22, 22.24, 2.16, 14.59, 4.26, 9.54, 4.36, 3.25, 1.01, 12.11, 2.58, 4.31, 3.78, 2.76, 7.9, 1.89, 10.55, 11.31, 11.96, 5.9, 10.61, 2.28, 15.27, 7.41, 13.77, 22.93, 5.19, 14.34, 6.16, 5.67, 13.17, 4.53, 19.15, 13.2, 3.14, 4.7, 6.21, 7.44, 2.19, 8.91, 2.72, 6.68, 17.85, 23.35, 1.3, 5.13, 9.03, 14.85, 0.0, 3.11], [8.67, 0.89, 7.75, 0.64, 11.82, 2.7, 2.67, 11.72, 0.95, 10.04, 10.61, 1.16, 8.05, 6.91, 8.36, 3.99, 6.63, 10.79, 15.08, 0.81, 6.6, 3.6, 2.72, 16.02, 1.2, 0.39, 9.98, 7.94, 4.55, 1.88, 10.86, 13.85, 5.01, 4.96, 8.06, 4.52, 2.51, 6.78, 1.32, 1.49, 3.53, 3.01, 9.35, 6.65, 12.46, 1.88, 6.18, 3.28, 9.17, 13.58, 13.87, 7.75, 6.72, 1.62, 11.25, 7.64, 12.59, 4.3, 14.37, 10.07, 5.97, 2.68, 9.9, 3.99, 6.18, 3.73, 2.36, 14.66, 3.68, 4.95, 9.64, 1.97, 13.16, 3.61, 0.0]]
vans = [9, 10, 7]

