J = [0, 1, 2, 3]
K = [4, 5]
L = [6, 7, 8, 9]
I = [0, 1, 2, 3, 4, 5, 6, 7, 8, 9]
N = [0, 1, 2, 3, 4, 5, 6, 7, 8, 9, 10, 11, 12, 13, 14, 15, 16, 17, 18, 19, 20, 21, 22, 23, 24, 25, 26, 27, 28, 29, 30, 31, 32, 33, 34, 35, 36, 37, 38, 39, 40, 41, 42, 43, 44, 45, 46, 47, 48, 49, 50, 51, 52, 53, 54, 55, 56, 57, 58, 59, 60, 61, 62, 63, 64, 65, 66, 67, 68, 69, 70, 71, 72, 73, 74, 75, 76, 77, 78, 79, 80, 81, 82, 83, 84, 85, 86, 87, 88, 89, 90, 91, 92, 93, 94, 95, 96, 97, 98, 99]
demand = [1108, 846, 745, 724, 1162, 749, 954, 406, 886, 409, 873, 1024, 581, 704, 872, 1132, 1110, 1027, 743, 1124, 592, 931, 1129, 990, 837, 1101, 1161, 1069, 1196, 775, 584, 426, 856, 1096, 523, 1006, 663, 998, 1032, 1037, 560, 890, 1164, 736, 626, 1084, 597, 726, 726, 651, 1146, 998, 991, 676, 849, 814, 1099, 862, 471, 447, 683, 989, 983, 625, 1132, 620, 921, 1004, 604, 438, 740, 839, 1159, 507, 701, 1149, 701, 812, 940, 1073, 1112, 1196, 1018, 993, 407, 652, 1199, 768, 630, 852, 537, 845, 469, 741, 447, 984, 419, 875, 635, 674]
hub = [2, 0, 1, 2, 3, 1, 2, 2, 3, 1, 2, 1, 3, 1, 0, 0, 0, 3, 3, 3, 3, 3, 1, 0, 2, 0, 1, 3, 3, 0, 2, 2, 3, 1, 1, 0, 1, 3, 0, 2, 2, 2, 0, 1, 3, 1, 2, 1, 0, 0, 3, 2, 3, 0, 1, 3, 0, 1, 2, 2, 1, 2, 3, 1, 3, 1, 1, 3, 1, 3, 2, 0, 1, 1, 1, 1, 0, 1, 0, 0, 3, 2, 3, 3, 0, 2, 3, 0, 2, 3, 0, 3, 0, 1, 0, 3, 0, 3, 3, 1]
release = [9, 17, 39, 47, 21, 13, 37, 2, 38, 14, 8, 10, 33, 13, 8, 46, 26, 6, 5, 38, 28, 46, 39, 5, 38, 37, 29, 48, 23, 7, 20, 40, 12, 15, 33, 4, 26, 13, 36, 43, 29, 27, 17, 0, 7, 14, 39, 6, 15, 45, 48, 44, 32, 12, 37, 12, 34, 5, 6, 45, 20, 26, 24, 43, 29, 0, 17, 12, 15, 30, 19, 40, 27, 15, 6, 26, 15, 24, 10, 19, 40, 14, 45, 43, 23, 37, 28, 31, 23, 32, 47, 27, 15, 1, 40, 9, 36, 30, 14, 48]
Nj = [[1, 14, 15, 16, 23, 25, 29, 35, 38, 42, 48, 49, 53, 56, 71, 76, 78, 79, 84, 87, 90, 92, 94, 96], [2, 5, 9, 11, 13, 22, 26, 33, 34, 36, 43, 45, 47, 54, 57, 60, 63, 65, 66, 68, 72, 73, 74, 75, 77, 93, 99], [0, 3, 6, 7, 10, 24, 30, 31, 39, 40, 41, 46, 51, 58, 59, 61, 70, 81, 85, 88], [4, 8, 12, 17, 18, 19, 20, 21, 27, 28, 32, 37, 44, 50, 52, 55, 62, 64, 67, 69, 80, 82, 83, 86, 89, 91, 95, 97, 98]]
Gj = [[0, 1, 2, 3, 4, 5, 6, 7, 8, 9, 10, 11, 12, 13, 14, 15, 16, 17, 18, 19, 20, 21, 22, 23], [24, 25, 26, 27, 28, 29, 30, 31, 32, 33, 34, 35, 36, 37, 38, 39, 40, 41, 42, 43, 44, 45, 46, 47, 48, 49, 50], [51, 52, 53, 54, 55, 56, 57, 58, 59, 60, 61, 62, 63, 64, 65, 66, 67, 68, 69, 70], [71, 72, 73, 74, 75, 76, 77, 78, 79, 80, 81, 82, 83, 84, 85, 86, 87, 88, 89, 90, 91, 92, 93, 94, 95, 96, 97, 98, 99]]
G = [0, 1, 2, 3, 4, 5, 6, 7, 8, 9, 10, 11, 12, 13, 14, 15, 16, 17, 18, 19, 20, 21, 22, 23, 24, 25, 26, 27, 28, 29, 30, 31, 32, 33, 34, 35, 36, 37, 38, 39, 40, 41, 42, 43, 44, 45, 46, 47, 48, 49, 50, 51, 52, 53, 54, 55, 56, 57, 58, 59, 60, 61, 62, 63, 64, 65, 66, 67, 68, 69, 70, 71, 72, 73, 74, 75, 76, 77, 78, 79, 80, 81, 82, 83, 84, 85, 86, 87, 88, 89, 90, 91, 92, 93, 94, 95, 96, 97, 98, 99]
deadline = [192, 216, 216, 192, 168, 192, 192, 216, 240, 216, 216, 216, 168, 240, 216, 240, 168, 240, 240, 192, 192, 192, 216, 240, 192, 216, 168, 216, 216, 192, 240, 168, 192, 216, 216, 216, 216, 240, 240, 240, 216, 240, 192, 240, 168, 240, 216, 216, 240, 216, 240, 216, 240, 216, 240, 192, 168, 168, 216, 216, 168, 240, 216, 192, 216, 192, 240, 168, 240, 168, 216, 216, 240, 168, 192, 240, 168, 216, 192, 192, 240, 216, 240, 192, 192, 216, 192, 216, 192, 216, 192, 168, 216, 216, 240, 240, 168, 240, 192, 240]
weight = [90, 60, 10, 100, 20, 90, 60, 30, 70, 100, 10, 30, 70, 80, 40, 20, 30, 20, 60, 70, 50, 80, 70, 50, 30, 50, 70, 20, 100, 100, 40, 100, 90, 50, 80, 30, 30, 50, 100, 30, 60, 30, 100, 50, 20, 70, 10, 70, 50, 20, 90, 30, 30, 90, 50, 100, 100, 80, 90, 60, 40, 60, 30, 20, 100, 20, 20, 20, 20, 100, 10, 40, 70, 70, 30, 30, 90, 40, 100, 70, 10, 90, 30, 100, 10, 60, 100, 30, 20, 60, 80, 70, 60, 90, 50, 40, 70, 30, 40, 30]
q = 2000
M = [0, 1, 2]
M_description = ['Road', 'Rail', 'Ship']
accessibility = [[1, 1, 0], [1, 1, 1], [1, 0, 1], [1, 0, 0], [1, 1, 1], [1, 1, 1], [1, 1, 1], [1, 0, 1], [1, 0, 0], [1, 1, 1]]
S = [0, 1, 2, 3, 4, 5, 6, 7, 8, 9, 10, 11, 12, 13, 14, 15, 16, 17, 18, 19, 20, 21, 22, 23, 24, 25, 26, 27, 28, 29, 30, 31, 32, 33, 34, 35, 36, 37, 38, 39, 40, 41, 42, 43, 44, 45, 46, 47, 48, 49, 50, 51, 52, 53, 54, 55, 56, 57, 58, 59, 60, 61, 62, 63, 64, 65, 66, 67, 68, 69, 70, 71, 72, 73, 74, 75, 76, 77, 78, 79, 80, 81, 82, 83, 84, 85, 86, 87, 88, 89, 90, 91, 92, 93, 94, 95, 96, 97, 98, 99, 100, 101, 102, 103, 104, 105, 106, 107, 108, 109, 110, 111, 112, 113, 114, 115, 116, 117, 118, 119, 120, 121, 122, 123, 124, 125, 126, 127, 128, 129, 130, 131, 132, 133, 134, 135, 136, 137, 138, 139, 140, 141, 142, 143, 144, 145, 146, 147, 148, 149, 150, 151, 152, 153, 154, 155, 156, 157, 158, 159, 160, 161, 162, 163, 164, 165, 166, 167, 168, 169, 170, 171, 172, 173, 174, 175, 176, 177, 178, 179, 180, 181, 182, 183, 184, 185, 186, 187, 188, 189, 190, 191, 192, 193, 194, 195, 196, 197, 198, 199, 200, 201, 202, 203, 204, 205, 206, 207, 208, 209, 210, 211, 212, 213, 214, 215, 216, 217, 218, 219, 220, 221, 222, 223, 224, 225, 226, 227, 228, 229, 230, 231, 232, 233, 234, 235, 236, 237, 238, 239, 240, 241, 242, 243, 244, 245, 246, 247, 248, 249, 250, 251, 252, 253, 254, 255, 256, 257, 258, 259, 260, 261, 262, 263, 264, 265, 266, 267, 268, 269, 270, 271, 272, 273, 274, 275, 276, 277, 278, 279, 280, 281, 282, 283, 284, 285, 286, 287, 288, 289, 290, 291, 292, 293, 294, 295, 296, 297, 298, 299, 300, 301, 302, 303, 304, 305, 306, 307, 308, 309, 310, 311, 312, 313, 314, 315, 316, 317, 318, 319, 320, 321, 322, 323, 324, 325, 326, 327, 328, 329, 330, 331, 332, 333, 334, 335, 336, 337, 338, 339, 340, 341, 342, 343, 344, 345, 346, 347]
origin = [0, 0, 0, 0, 0, 0, 0, 0, 0, 0, 0, 0, 0, 0, 0, 0, 0, 0, 0, 0, 0, 0, 0, 0, 0, 0, 0, 0, 0, 0, 0, 0, 0, 0, 0, 0, 1, 1, 1, 1, 1, 1, 1, 1, 1, 1, 1, 1, 1, 1, 1, 1, 1, 1, 1, 1, 1, 1, 1, 1, 1, 1, 1, 1, 1, 1, 1, 1, 1, 1, 1, 1, 2, 2, 2, 2, 2, 2, 2, 2, 2, 2, 2, 2, 2, 2, 2, 2, 2, 2, 2, 2, 2, 2, 2, 2, 2, 2, 2, 2, 2, 2, 2, 2, 2, 2, 2, 2, 3, 3, 3, 3, 3, 3, 3, 3, 3, 3, 3, 3, 3, 3, 3, 3, 3, 3, 3, 3, 3, 3, 3, 3, 3, 3, 3, 3, 3, 3, 3, 3, 3, 3, 3, 3, 4, 4, 4, 4, 4, 4, 4, 4, 4, 4, 4, 4, 4, 4, 4, 4, 4, 4, 4, 4, 4, 4, 4, 4, 4, 4, 4, 4, 4, 4, 4, 4, 4, 4, 4, 4, 5, 5, 5, 5, 5, 5, 5, 5, 5, 5, 5, 5, 5, 5, 5, 5, 5, 5, 5, 5, 5, 5, 5, 5, 5, 5, 5, 5, 5, 5, 5, 5, 5, 5, 5, 5, 0, 0, 0, 0, 0, 0, 0, 0, 0, 0, 0, 0, 0, 0, 0, 1, 1, 1, 1, 1, 1, 1, 1, 1, 1, 1, 1, 1, 1, 1, 4, 4, 4, 4, 4, 4, 4, 4, 4, 4, 4, 4, 4, 4, 4, 5, 5, 5, 5, 5, 5, 5, 5, 5, 5, 5, 5, 5, 5, 5, 1, 1, 1, 1, 1, 1, 1, 1, 1, 1, 1, 1, 1, 1, 1, 1, 1, 1, 2, 2, 2, 2, 2, 2, 2, 2, 2, 2, 2, 2, 2, 2, 2, 2, 2, 2, 4, 4, 4, 4, 4, 4, 4, 4, 4, 4, 4, 4, 4, 4, 4, 4, 4, 4, 5, 5, 5, 5, 5, 5, 5, 5, 5, 5, 5, 5, 5, 5, 5, 5, 5, 5]
destination = [1, 1, 1, 1, 2, 2, 2, 2, 3, 3, 3, 3, 4, 4, 4, 4, 5, 5, 5, 5, 6, 6, 6, 6, 7, 7, 7, 7, 8, 8, 8, 8, 9, 9, 9, 9, 0, 0, 0, 0, 2, 2, 2, 2, 3, 3, 3, 3, 4, 4, 4, 4, 5, 5, 5, 5, 6, 6, 6, 6, 7, 7, 7, 7, 8, 8, 8, 8, 9, 9, 9, 9, 0, 0, 0, 0, 1, 1, 1, 1, 3, 3, 3, 3, 4, 4, 4, 4, 5, 5, 5, 5, 6, 6, 6, 6, 7, 7, 7, 7, 8, 8, 8, 8, 9, 9, 9, 9, 0, 0, 0, 0, 1, 1, 1, 1, 2, 2, 2, 2, 4, 4, 4, 4, 5, 5, 5, 5, 6, 6, 6, 6, 7, 7, 7, 7, 8, 8, 8, 8, 9, 9, 9, 9, 0, 0, 0, 0, 1, 1, 1, 1, 2, 2, 2, 2, 3, 3, 3, 3, 5, 5, 5, 5, 6, 6, 6, 6, 7, 7, 7, 7, 8, 8, 8, 8, 9, 9, 9, 9, 0, 0, 0, 0, 1, 1, 1, 1, 2, 2, 2, 2, 3, 3, 3, 3, 4, 4, 4, 4, 6, 6, 6, 6, 7, 7, 7, 7, 8, 8, 8, 8, 9, 9, 9, 9, 1, 1, 1, 4, 4, 4, 5, 5, 5, 6, 6, 6, 9, 9, 9, 0, 0, 0, 4, 4, 4, 5, 5, 5, 6, 6, 6, 9, 9, 9, 0, 0, 0, 1, 1, 1, 5, 5, 5, 6, 6, 6, 9, 9, 9, 0, 0, 0, 1, 1, 1, 4, 4, 4, 6, 6, 6, 9, 9, 9, 2, 2, 2, 4, 4, 4, 5, 5, 5, 6, 6, 6, 7, 7, 7, 9, 9, 9, 1, 1, 1, 4, 4, 4, 5, 5, 5, 6, 6, 6, 7, 7, 7, 9, 9, 9, 1, 1, 1, 2, 2, 2, 5, 5, 5, 6, 6, 6, 7, 7, 7, 9, 9, 9, 1, 1, 1, 2, 2, 2, 4, 4, 4, 6, 6, 6, 7, 7, 7, 9, 9, 9]
departure = [8, 56, 104, 152, 8, 56, 104, 152, 8, 56, 104, 152, 8, 56, 104, 152, 8, 56, 104, 152, 8, 56, 104, 152, 8, 56, 104, 152, 8, 56, 104, 152, 8, 56, 104, 152, 8, 56, 104, 152, 8, 56, 104, 152, 8, 56, 104, 152, 8, 56, 104, 152, 8, 56, 104, 152, 8, 56, 104, 152, 8, 56, 104, 152, 8, 56, 104, 152, 8, 56, 104, 152, 8, 56, 104, 152, 8, 56, 104, 152, 8, 56, 104, 152, 8, 56, 104, 152, 8, 56, 104, 152, 8, 56, 104, 152, 8, 56, 104, 152, 8, 56, 104, 152, 8, 56, 104, 152, 8, 56, 104, 152, 8, 56, 104, 152, 8, 56, 104, 152, 8, 56, 104, 152, 8, 56, 104, 152, 8, 56, 104, 152, 8, 56, 104, 152, 8, 56, 104, 152, 8, 56, 104, 152, 12, 60, 108, 156, 12, 60, 108, 156, 12, 60, 108, 156, 12, 60, 108, 156, 12, 60, 108, 156, 12, 60, 108, 156, 12, 60, 108, 156, 12, 60, 108, 156, 12, 60, 108, 156, 12, 60, 108, 156, 12, 60, 108, 156, 12, 60, 108, 156, 12, 60, 108, 156, 12, 60, 108, 156, 12, 60, 108, 156, 12, 60, 108, 156, 12, 60, 108, 156, 12, 60, 108, 156, 33, 81, 129, 33, 81, 129, 33, 81, 129, 33, 81, 129, 33, 81, 129, 33, 81, 129, 33, 81, 129, 33, 81, 129, 33, 81, 129, 33, 81, 129, 37, 85, 133, 37, 85, 133, 37, 85, 133, 37, 85, 133, 37, 85, 133, 37, 85, 133, 37, 85, 133, 37, 85, 133, 37, 85, 133, 37, 85, 133, 10, 58, 106, 10, 58, 106, 10, 58, 106, 10, 58, 106, 10, 58, 106, 10, 58, 106, 10, 58, 106, 10, 58, 106, 10, 58, 106, 10, 58, 106, 10, 58, 106, 10, 58, 106, 13, 61, 109, 13, 61, 109, 13, 61, 109, 13, 61, 109, 13, 61, 109, 13, 61, 109, 13, 61, 109, 13, 61, 109, 13, 61, 109, 13, 61, 109, 13, 61, 109, 13, 61, 109]
arrival = [28, 148, 172, 220, 52, 100, 148, 244, 100, 76, 124, 244, 60, 132, 156, 252, 60, 156, 204, 204, 136, 184, 208, 232, 136, 160, 232, 256, 136, 208, 184, 304, 112, 136, 208, 280, 76, 100, 148, 244, 28, 148, 196, 172, 28, 76, 148, 220, 60, 132, 204, 228, 60, 156, 156, 228, 136, 160, 208, 280, 160, 136, 232, 304, 160, 136, 232, 280, 136, 208, 208, 256, 52, 76, 148, 196, 76, 100, 172, 196, 28, 124, 148, 220, 60, 132, 204, 252, 108, 132, 204, 204, 160, 136, 256, 304, 160, 136, 256, 256, 112, 160, 256, 232, 112, 184, 232, 256, 76, 148, 124, 244, 28, 148, 148, 172, 100, 76, 124, 244, 60, 108, 180, 228, 60, 108, 204, 204, 136, 184, 208, 232, 112, 136, 256, 304, 160, 184, 256, 280, 88, 184, 208, 232, 104, 152, 128, 248, 32, 128, 176, 176, 56, 104, 152, 176, 56, 128, 176, 248, 88, 136, 184, 208, 116, 140, 236, 236, 164, 140, 236, 236, 164, 140, 212, 308, 116, 212, 260, 308, 32, 152, 200, 176, 104, 104, 128, 248, 32, 80, 152, 176, 56, 128, 176, 176, 88, 160, 160, 208, 116, 188, 236, 308, 164, 212, 188, 308, 140, 188, 212, 308, 92, 212, 236, 236, 78, 102, 222, 110, 182, 206, 86, 158, 206, 138, 210, 282, 162, 234, 234, 102, 174, 198, 110, 182, 230, 134, 182, 182, 138, 210, 258, 162, 186, 282, 106, 130, 154, 82, 178, 178, 138, 162, 186, 118, 190, 214, 118, 166, 214, 82, 178, 178, 130, 106, 178, 114, 138, 186, 166, 166, 286, 142, 214, 262, 32, 152, 128, 64, 112, 184, 112, 112, 208, 140, 164, 236, 140, 212, 212, 164, 212, 260, 32, 80, 128, 64, 112, 208, 64, 136, 208, 140, 164, 236, 92, 212, 236, 116, 188, 188, 106, 82, 130, 82, 82, 202, 114, 162, 186, 166, 166, 262, 94, 142, 262, 142, 142, 238, 34, 130, 154, 82, 154, 130, 66, 162, 162, 142, 214, 190, 94, 166, 190, 166, 166, 238]
Q = [4, 2, 2, 4, 4, 4, 2, 4, 4, 4, 4, 2, 2, 4, 2, 4, 4, 4, 4, 2, 2, 4, 4, 4, 4, 4, 2, 4, 2, 2, 4, 4, 4, 4, 4, 4, 2, 2, 4, 2, 2, 4, 2, 4, 2, 4, 2, 4, 2, 4, 2, 4, 2, 4, 2, 2, 4, 4, 4, 2, 2, 2, 4, 2, 2, 4, 2, 4, 2, 2, 2, 4, 4, 4, 4, 2, 2, 2, 4, 2, 4, 4, 2, 2, 2, 4, 2, 4, 2, 2, 4, 2, 2, 4, 2, 2, 2, 4, 4, 2, 4, 4, 4, 4, 2, 2, 4, 2, 2, 2, 4, 2, 4, 2, 2, 4, 2, 4, 4, 2, 4, 4, 4, 2, 4, 2, 2, 4, 4, 2, 4, 4, 4, 2, 2, 4, 4, 4, 2, 4, 4, 2, 4, 2, 2, 2, 4, 2, 4, 2, 4, 2, 4, 2, 2, 2, 4, 2, 2, 4, 2, 4, 4, 2, 4, 4, 2, 2, 2, 4, 2, 2, 2, 4, 4, 4, 2, 4, 4, 2, 2, 2, 4, 4, 2, 2, 4, 2, 2, 4, 2, 4, 2, 2, 2, 4, 2, 4, 4, 2, 2, 2, 2, 4, 4, 2, 2, 2, 2, 4, 4, 2, 4, 4, 4, 4, 3, 6, 3, 6, 3, 6, 6, 3, 6, 6, 3, 3, 6, 3, 6, 6, 3, 6, 6, 6, 3, 3, 3, 3, 3, 3, 3, 3, 6, 6, 6, 6, 3, 3, 3, 6, 3, 6, 3, 3, 6, 3, 3, 3, 3, 6, 3, 6, 6, 3, 6, 3, 3, 6, 3, 6, 3, 3, 3, 3, 5, 10, 10, 5, 5, 5, 5, 10, 5, 10, 5, 5, 5, 10, 10, 5, 10, 10, 10, 10, 10, 10, 10, 5, 5, 5, 5, 5, 5, 5, 5, 5, 10, 5, 5, 5, 5, 10, 5, 10, 5, 5, 5, 5, 5, 5, 5, 5, 10, 10, 5, 5, 5, 5, 10, 10, 5, 5, 10, 5, 5, 10, 10, 10, 5, 5, 5, 10, 10, 5, 5, 10]
cfixed = [253, 229, 272, 294, 295, 291, 276, 286, 295, 232, 298, 213, 245, 219, 296, 228, 206, 240, 248, 213, 284, 237, 235, 238, 231, 269, 251, 278, 257, 215, 256, 212, 247, 291, 238, 211, 284, 268, 208, 246, 274, 282, 254, 286, 292, 249, 247, 201, 235, 268, 257, 277, 283, 298, 266, 201, 295, 200, 295, 253, 250, 217, 276, 241, 272, 209, 232, 219, 285, 245, 209, 263, 263, 239, 278, 244, 248, 226, 255, 286, 283, 252, 300, 285, 243, 201, 250, 277, 264, 283, 220, 268, 240, 233, 270, 285, 249, 233, 221, 280, 215, 270, 271, 247, 249, 284, 215, 287, 242, 234, 222, 275, 244, 264, 216, 281, 231, 226, 211, 259, 224, 275, 258, 203, 249, 225, 206, 272, 231, 220, 256, 290, 238, 273, 276, 273, 275, 231, 206, 241, 223, 249, 289, 247, 257, 208, 240, 281, 229, 241, 261, 291, 200, 217, 206, 300, 282, 252, 281, 217, 288, 258, 257, 288, 254, 245, 295, 274, 245, 225, 269, 218, 214, 254, 296, 230, 246, 283, 284, 260, 250, 220, 240, 300, 215, 207, 268, 204, 233, 212, 208, 294, 240, 226, 288, 233, 242, 267, 222, 250, 246, 300, 210, 300, 243, 225, 299, 287, 201, 232, 215, 255, 289, 282, 261, 292, 313, 420, 305, 367, 338, 398, 364, 400, 390, 447, 400, 483, 331, 406, 466, 377, 338, 483, 422, 469, 316, 409, 471, 329, 455, 349, 497, 471, 351, 490, 307, 343, 487, 309, 463, 407, 356, 499, 462, 407, 423, 382, 465, 381, 496, 330, 439, 437, 456, 408, 409, 415, 453, 443, 435, 489, 360, 362, 430, 413, 569, 506, 690, 550, 599, 609, 587, 565, 614, 566, 586, 504, 581, 695, 572, 508, 561, 558, 663, 601, 501, 612, 573, 511, 532, 575, 553, 559, 514, 540, 537, 517, 534, 662, 615, 625, 612, 542, 594, 556, 529, 670, 668, 696, 537, 565, 591, 671, 643, 671, 665, 696, 587, 597, 659, 699, 548, 677, 666, 641, 619, 655, 636, 615, 647, 598, 586, 691, 505, 647, 659, 597]
ctravel = [20, 92, 68, 68, 44, 44, 44, 92, 92, 20, 20, 92, 52, 76, 52, 100, 52, 100, 100, 52, 128, 128, 104, 80, 128, 104, 128, 104, 128, 152, 80, 152, 104, 80, 104, 128, 68, 44, 44, 92, 20, 92, 92, 20, 20, 20, 44, 68, 52, 76, 100, 76, 52, 100, 52, 76, 128, 104, 104, 128, 152, 80, 128, 152, 152, 80, 128, 128, 128, 152, 104, 104, 44, 20, 44, 44, 68, 44, 68, 44, 20, 68, 44, 68, 52, 76, 100, 100, 100, 76, 100, 52, 152, 80, 152, 152, 152, 80, 152, 104, 104, 104, 152, 80, 104, 128, 128, 104, 68, 92, 20, 92, 20, 92, 44, 20, 92, 20, 20, 92, 52, 52, 76, 76, 52, 52, 100, 52, 128, 128, 104, 80, 104, 80, 152, 152, 152, 128, 152, 128, 80, 128, 104, 80, 92, 92, 20, 92, 20, 68, 68, 20, 44, 44, 44, 20, 44, 68, 68, 92, 76, 76, 76, 52, 104, 80, 128, 80, 152, 80, 128, 80, 152, 80, 104, 152, 104, 152, 152, 152, 20, 92, 92, 20, 92, 44, 20, 92, 20, 20, 44, 20, 44, 68, 68, 20, 76, 100, 52, 52, 104, 128, 128, 152, 152, 152, 80, 152, 128, 128, 104, 152, 80, 152, 128, 80, 36.0, 16.8, 74.4, 61.6, 80.80000000000001, 61.6, 42.400000000000006, 61.6, 61.6, 84.0, 103.2, 122.4, 103.2, 122.4, 84.0, 55.2, 74.4, 55.2, 61.6, 80.80000000000001, 80.80000000000001, 80.80000000000001, 80.80000000000001, 42.400000000000006, 84.0, 103.2, 103.2, 103.2, 84.0, 122.4, 55.2, 36.0, 16.8, 36.0, 74.4, 36.0, 80.80000000000001, 61.6, 42.400000000000006, 64.8, 84.0, 64.8, 64.8, 64.8, 64.8, 36.0, 74.4, 36.0, 74.4, 16.8, 36.0, 61.6, 42.400000000000006, 42.400000000000006, 103.2, 64.8, 122.4, 84.0, 103.2, 103.2, 13.2, 56.4, 13.2, 32.4, 32.4, 46.8, 61.199999999999996, 32.4, 61.199999999999996, 78.0, 63.599999999999994, 78.0, 78.0, 92.39999999999999, 63.599999999999994, 92.39999999999999, 92.39999999999999, 92.39999999999999, 13.2, 13.2, 13.2, 32.4, 32.4, 61.199999999999996, 32.4, 46.8, 61.199999999999996, 78.0, 63.599999999999994, 78.0, 49.199999999999996, 92.39999999999999, 78.0, 63.599999999999994, 78.0, 49.199999999999996, 55.8, 12.6, 12.6, 41.4, 12.6, 55.8, 60.599999999999994, 60.599999999999994, 46.199999999999996, 91.8, 63.0, 91.8, 48.6, 48.6, 91.8, 77.39999999999999, 48.6, 77.39999999999999, 12.6, 41.4, 27.0, 41.4, 55.8, 12.6, 31.799999999999997, 60.599999999999994, 31.799999999999997, 77.39999999999999, 91.8, 48.6, 48.6, 63.0, 48.6, 91.8, 63.0, 77.39999999999999]
mode = [0, 0, 0, 0, 0, 0, 0, 0, 0, 0, 0, 0, 0, 0, 0, 0, 0, 0, 0, 0, 0, 0, 0, 0, 0, 0, 0, 0, 0, 0, 0, 0, 0, 0, 0, 0, 0, 0, 0, 0, 0, 0, 0, 0, 0, 0, 0, 0, 0, 0, 0, 0, 0, 0, 0, 0, 0, 0, 0, 0, 0, 0, 0, 0, 0, 0, 0, 0, 0, 0, 0, 0, 0, 0, 0, 0, 0, 0, 0, 0, 0, 0, 0, 0, 0, 0, 0, 0, 0, 0, 0, 0, 0, 0, 0, 0, 0, 0, 0, 0, 0, 0, 0, 0, 0, 0, 0, 0, 0, 0, 0, 0, 0, 0, 0, 0, 0, 0, 0, 0, 0, 0, 0, 0, 0, 0, 0, 0, 0, 0, 0, 0, 0, 0, 0, 0, 0, 0, 0, 0, 0, 0, 0, 0, 0, 0, 0, 0, 0, 0, 0, 0, 0, 0, 0, 0, 0, 0, 0, 0, 0, 0, 0, 0, 0, 0, 0, 0, 0, 0, 0, 0, 0, 0, 0, 0, 0, 0, 0, 0, 0, 0, 0, 0, 0, 0, 0, 0, 0, 0, 0, 0, 0, 0, 0, 0, 0, 0, 0, 0, 0, 0, 0, 0, 0, 0, 0, 0, 0, 0, 0, 0, 0, 0, 0, 0, 1, 1, 1, 1, 1, 1, 1, 1, 1, 1, 1, 1, 1, 1, 1, 1, 1, 1, 1, 1, 1, 1, 1, 1, 1, 1, 1, 1, 1, 1, 1, 1, 1, 1, 1, 1, 1, 1, 1, 1, 1, 1, 1, 1, 1, 1, 1, 1, 1, 1, 1, 1, 1, 1, 1, 1, 1, 1, 1, 1, 2, 2, 2, 2, 2, 2, 2, 2, 2, 2, 2, 2, 2, 2, 2, 2, 2, 2, 2, 2, 2, 2, 2, 2, 2, 2, 2, 2, 2, 2, 2, 2, 2, 2, 2, 2, 2, 2, 2, 2, 2, 2, 2, 2, 2, 2, 2, 2, 2, 2, 2, 2, 2, 2, 2, 2, 2, 2, 2, 2, 2, 2, 2, 2, 2, 2, 2, 2, 2, 2, 2, 2]
delivery_process = ['Direct-Shipment', 'Cross-Docking', 'Cross-Docking', 'Direct-Shipment']
distance_ln = [[5.44, 1.71, 5.17, 9.89, 8.33, 7.23, 1.61, 2.25, 7.95, 0.43, 1.36, 6.77, 1.67, 8.1, 4.36, 3.31, 0.8, 1.88, 6.33, 2.51, 2.46, 11.19, 4.11, 8.36, 1.55, 0.7, 2.68, 2.93, 8.94, 1.32, 9.57, 1.98, 1.74, 3.81, 9.1, 1.55, 3.97, 13.39, 1.98, 3.17, 4.82, 5.2, 0.38, 9.07, 2.71, 4.5, 5.65, 4.7, 2.89, 4.79, 3.12, 7.72, 3.3, 5.54, 10.13, 3.22, 1.31, 3.95, 4.03, 4.23, 3.3, 2.12, 1.76, 9.86, 2.82, 3.68, 3.93, 0.11, 3.84, 3.54, 4.85, 7.31, 8.53, 3.61, 1.32, 2.88, 5.17, 3.77, 2.6, 4.51, 6.04, 6.26, 1.43, 1.15, 2.35, 9.1, 7.04, 7.14, 5.17, 5.49, 5.1, 2.24, 0.92, 8.45, 2.79, 5.88, 6.34, 0.64, 2.06, 6.49], [4.61, 3.67, 2.42, 6.8, 6.78, 6.43, 10.38, 1.0, 14.22, 4.04, 3.99, 1.94, 0.17, 9.98, 1.48, 1.08, 2.53, 5.52, 5.81, 4.82, 3.16, 13.29, 4.26, 5.84, 4.77, 1.11, 0.36, 2.59, 9.68, 4.47, 8.98, 3.62, 4.72, 9.14, 7.41, 5.17, 7.87, 3.43, 8.62, 6.42, 3.74, 13.17, 1.78, 7.44, 1.21, 3.63, 1.54, 8.17, 1.33, 9.38, 5.5, 2.67, 1.9, 0.95, 4.92, 3.22, 3.29, 1.53, 3.14, 2.23, 1.86, 5.88, 3.04, 7.82, 7.51, 2.73, 4.3, 2.86, 1.23, 5.62, 2.15, 6.69, 5.75, 2.64, 0.29, 6.73, 9.67, 5.59, 6.24, 3.02, 4.32, 5.75, 1.84, 1.29, 3.2, 10.44, 3.28, 4.03, 8.01, 1.61, 5.71, 1.61, 1.69, 6.9, 1.7, 8.68, 1.37, 2.61, 1.91, 1.67], [3.09, 4.71, 3.52, 5.16, 7.36, 2.09, 11.81, 5.87, 8.71, 2.02, 5.22, 7.02, 1.37, 11.74, 9.79, 0.72, 3.02, 4.7, 2.64, 6.64, 8.26, 15.38, 2.65, 1.98, 2.94, 1.31, 2.09, 3.62, 5.58, 4.84, 7.96, 7.53, 5.7, 10.71, 5.23, 6.77, 3.23, 6.84, 7.54, 10.04, 3.03, 8.16, 8.97, 4.91, 11.82, 6.7, 0.36, 10.2, 2.54, 4.51, 4.67, 2.22, 1.78, 7.88, 9.04, 0.66, 5.29, 2.77, 5.53, 3.32, 5.59, 5.0, 4.56, 1.35, 1.54, 2.09, 6.77, 6.59, 3.62, 6.71, 8.26, 1.21, 4.81, 2.63, 1.17, 9.91, 7.59, 3.61, 6.5, 1.35, 5.74, 7.97, 0.24, 3.49, 1.69, 8.93, 9.35, 12.4, 8.59, 5.77, 1.18, 1.97, 6.29, 3.08, 10.1, 4.12, 5.83, 4.55, 5.33, 3.57], [1.39, 8.83, 3.03, 7.31, 4.64, 16.58, 9.55, 1.07, 17.69, 1.07, 3.52, 10.05, 4.05, 7.73, 8.1, 7.42, 7.7, 4.12, 5.09, 5.17, 2.82, 2.59, 3.83, 4.27, 2.19, 1.83, 8.21, 3.15, 11.03, 8.48, 5.22, 6.72, 3.47, 2.28, 2.82, 8.04, 5.17, 14.58, 7.27, 4.79, 1.0, 15.62, 5.84, 5.71, 3.69, 2.5, 2.52, 5.11, 5.28, 3.71, 2.71, 8.93, 8.03, 2.23, 5.84, 3.15, 1.67, 11.97, 5.01, 6.18, 2.82, 9.19, 11.14, 5.61, 3.07, 3.54, 2.12, 6.56, 4.45, 15.37, 0.43, 12.67, 3.76, 3.87, 4.6, 15.07, 13.05, 0.91, 3.22, 2.24, 5.19, 2.56, 8.74, 9.16, 3.51, 16.36, 1.89, 9.59, 10.69, 8.19, 8.43, 4.42, 5.32, 6.05, 1.35, 5.25, 2.13, 1.7, 1.36, 2.7]]
distance_nn = [[0.0, 14.41, 1.63, 3.01, 4.85, 10.37, 17.03, 3.64, 12.26, 9.98, 4.64, 8.24, 1.18, 17.65, 4.54, 1.78, 1.47, 6.24, 0.66, 5.84, 10.35, 8.43, 3.49, 3.84, 0.24, 5.28, 0.95, 1.1, 3.41, 4.76, 18.77, 2.35, 1.93, 8.15, 6.11, 10.12, 4.87, 13.56, 4.83, 10.08, 8.77, 15.16, 5.96, 9.27, 1.68, 4.54, 3.3, 12.68, 13.44, 8.22, 2.12, 2.88, 1.73, 2.91, 12.86, 4.26, 1.03, 4.65, 4.15, 1.0, 3.49, 5.64, 5.1, 1.63, 4.98, 7.42, 8.87, 2.91, 15.19, 13.6, 3.26, 15.08, 17.25, 4.16, 0.64, 7.89, 11.67, 6.6, 8.62, 12.82, 12.8, 3.87, 1.2, 5.97, 2.57, 6.24, 11.09, 6.82, 9.46, 5.45, 4.25, 5.06, 7.66, 2.39, 1.94, 7.66, 4.18, 6.86, 5.19, 0.92], [5.25, 0.0, 5.55, 15.29, 20.16, 9.3, 1.51, 2.59, 10.97, 4.24, 2.11, 15.38, 11.6, 1.15, 3.36, 11.79, 1.34, 2.49, 9.0, 11.67, 1.04, 3.09, 1.86, 12.85, 14.58, 9.49, 2.51, 11.41, 13.93, 9.07, 6.35, 3.91, 4.46, 6.08, 8.18, 4.18, 2.77, 12.66, 15.01, 1.09, 1.29, 13.19, 4.16, 2.26, 0.35, 3.94, 5.86, 3.0, 6.41, 4.01, 3.48, 8.0, 10.11, 9.87, 9.41, 15.31, 6.97, 8.67, 8.08, 9.16, 7.5, 16.0, 4.64, 3.24, 8.93, 2.68, 2.42, 5.82, 0.78, 17.39, 3.81, 8.76, 3.61, 5.71, 10.62, 5.86, 6.45, 2.96, 1.76, 1.74, 12.86, 1.89, 11.74, 11.07, 3.08, 15.38, 9.21, 0.87, 9.46, 5.73, 2.32, 5.65, 4.02, 10.87, 0.48, 7.94, 2.99, 5.67, 4.32, 4.15], [1.9, 13.69, 0.0, 9.03, 11.96, 11.91, 7.32, 5.33, 15.02, 7.89, 9.05, 5.72, 2.31, 2.55, 1.82, 1.64, 5.15, 2.27, 0.62, 5.76, 1.78, 9.59, 5.35, 4.67, 0.88, 5.32, 1.7, 2.63, 4.69, 2.23, 7.37, 7.52, 4.81, 9.27, 2.1, 9.81, 5.77, 15.73, 10.34, 8.1, 3.92, 16.15, 2.69, 5.24, 11.83, 1.53, 3.35, 4.89, 5.76, 2.42, 10.55, 4.66, 0.99, 1.43, 9.19, 2.85, 0.51, 11.36, 8.24, 1.97, 4.1, 8.06, 9.01, 10.96, 13.35, 2.8, 9.49, 4.96, 6.25, 4.47, 1.63, 16.34, 2.1, 3.66, 1.54, 13.24, 3.4, 4.23, 8.45, 2.17, 4.54, 12.15, 1.36, 7.58, 5.34, 9.47, 2.39, 3.51, 11.77, 16.03, 2.82, 5.92, 3.82, 10.83, 13.75, 5.02, 2.42, 5.45, 5.63, 1.19], [8.37, 6.88, 5.98, 0.0, 0.58, 5.12, 20.38, 13.58, 8.58, 7.91, 10.32, 3.24, 7.69, 14.89, 9.27, 1.37, 4.0, 3.41, 8.72, 5.15, 5.95, 17.85, 12.87, 1.38, 7.17, 3.52, 0.93, 1.13, 8.43, 5.16, 2.21, 10.78, 5.13, 16.54, 2.03, 9.01, 0.0, 4.99, 7.24, 1.87, 12.97, 12.24, 13.24, 4.32, 9.78, 7.58, 6.48, 10.54, 11.05, 0.3, 5.64, 0.52, 2.44, 5.2, 4.34, 5.11, 2.24, 8.24, 8.87, 7.78, 11.05, 1.87, 2.64, 3.39, 9.69, 6.13, 12.56, 5.8, 4.99, 8.08, 13.69, 11.33, 6.04, 0.0, 1.5, 5.02, 7.97, 3.69, 3.97, 6.36, 6.36, 12.44, 4.12, 0.49, 3.02, 6.81, 10.69, 18.05, 2.16, 6.74, 7.97, 5.81, 9.61, 0.13, 6.97, 0.33, 12.88, 13.39, 6.44, 9.26], [10.65, 4.23, 9.26, 2.3, 0.0, 7.66, 8.34, 4.37, 10.87, 5.32, 8.18, 2.95, 6.46, 4.91, 5.95, 4.1, 7.15, 11.41, 9.8, 5.63, 7.99, 14.84, 18.77, 5.29, 11.64, 3.03, 7.52, 3.09, 7.54, 6.28, 8.82, 14.55, 6.42, 16.44, 5.35, 11.9, 1.77, 4.3, 1.26, 12.45, 9.29, 11.98, 7.77, 10.79, 7.95, 15.99, 5.22, 13.81, 7.97, 0.29, 9.3, 1.75, 7.47, 7.4, 2.32, 0.97, 8.15, 5.27, 7.13, 1.85, 2.62, 1.04, 1.49, 7.51, 9.79, 2.69, 11.75, 5.3, 13.86, 9.19, 7.49, 2.07, 17.14, 2.97, 10.54, 6.02, 10.56, 4.52, 14.32, 4.69, 6.46, 9.57, 4.69, 3.92, 2.83, 8.1, 3.36, 10.31, 1.23, 3.2, 10.29, 4.9, 5.35, 0.76, 10.85, 1.33, 9.07, 10.39, 13.37, 14.26], [6.19, 10.59, 6.01, 5.1, 7.78, 0.0, 12.06, 8.82, 7.33, 9.52, 5.18, 2.71, 4.44, 3.89, 1.31, 8.51, 8.31, 12.34, 8.75, 1.06, 18.38, 12.11, 7.66, 1.71, 8.95, 1.74, 8.07, 9.31, 2.9, 1.18, 3.34, 5.6, 9.02, 1.68, 1.89, 4.26, 5.62, 1.67, 1.51, 7.93, 2.78, 0.38, 7.52, 7.66, 10.11, 14.04, 7.69, 5.77, 1.63, 1.8, 0.77, 5.28, 1.87, 15.39, 1.85, 3.57, 15.13, 6.0, 3.78, 8.56, 12.63, 6.56, 5.31, 1.15, 7.49, 2.26, 11.54, 11.27, 8.56, 0.52, 8.59, 5.77, 11.2, 6.46, 7.35, 0.75, 6.72, 3.9, 1.52, 4.46, 3.56, 2.14, 1.4, 2.67, 9.55, 1.7, 5.57, 8.04, 4.61, 0.25, 8.6, 6.83, 3.85, 4.73, 7.48, 1.11, 4.05, 7.28, 14.22, 13.69], [16.08, 1.85, 6.06, 16.52, 9.77, 7.14, 0.0, 2.82, 13.13, 7.7, 6.95, 3.28, 9.7, 0.82, 9.11, 13.83, 3.25, 0.91, 6.83, 3.3, 0.0, 1.05, 3.42, 10.66, 3.98, 5.13, 11.47, 6.01, 4.79, 16.7, 2.89, 5.47, 3.49, 6.83, 8.37, 5.54, 6.75, 6.03, 15.3, 3.2, 8.25, 4.11, 5.62, 2.53, 2.74, 12.5, 12.42, 4.09, 9.46, 5.24, 3.48, 10.79, 3.63, 12.52, 14.84, 6.4, 16.06, 1.98, 8.12, 2.05, 12.42, 19.05, 9.38, 2.78, 6.97, 7.4, 1.36, 8.82, 2.03, 10.12, 8.53, 11.24, 0.43, 17.06, 9.11, 2.43, 2.53, 2.25, 9.89, 6.96, 5.63, 4.4, 3.12, 13.22, 7.4, 10.01, 4.43, 0.78, 6.74, 3.6, 5.92, 11.17, 8.16, 2.47, 2.79, 18.5, 1.32, 2.57, 2.05, 7.46], [5.06, 7.71, 1.7, 16.12, 12.8, 16.9, 2.45, 0.0, 5.97, 2.32, 6.91, 11.8, 3.28, 1.46, 14.44, 7.09, 6.55, 1.68, 6.96, 5.49, 6.66, 11.39, 4.04, 8.13, 2.83, 6.95, 2.93, 3.29, 10.2, 3.38, 10.42, 12.0, 5.18, 3.7, 4.3, 6.16, 2.45, 12.15, 4.35, 5.02, 0.0, 3.67, 0.68, 13.14, 3.64, 2.71, 6.42, 5.55, 12.8, 12.84, 5.11, 8.95, 6.49, 2.69, 3.68, 11.05, 4.93, 9.01, 8.6, 2.35, 0.99, 8.82, 6.69, 9.16, 11.75, 2.87, 6.4, 1.05, 6.14, 15.72, 0.96, 5.65, 3.92, 2.82, 0.99, 14.54, 10.02, 2.05, 10.45, 3.07, 2.03, 3.57, 6.76, 12.09, 1.62, 11.5, 2.36, 2.36, 13.21, 6.93, 3.46, 4.71, 4.33, 14.49, 6.56, 2.23, 11.25, 3.03, 2.85, 3.14], [13.37, 15.15, 6.01, 13.34, 16.78, 3.19, 12.38, 18.0, 0.0, 5.03, 11.1, 7.26, 5.4, 13.91, 5.76, 3.5, 3.91, 5.79, 20.89, 8.29, 7.56, 7.36, 2.43, 13.57, 8.25, 6.2, 8.18, 2.0, 1.92, 1.46, 8.41, 3.62, 10.56, 4.87, 7.45, 8.47, 9.6, 4.19, 1.71, 10.61, 2.17, 4.57, 10.14, 3.95, 3.48, 17.03, 11.19, 8.24, 3.84, 9.01, 4.0, 2.58, 6.22, 14.22, 6.89, 12.45, 10.32, 6.19, 8.46, 11.89, 15.25, 10.7, 4.4, 5.83, 3.28, 1.83, 10.79, 10.29, 14.78, 0.98, 7.76, 2.43, 4.05, 4.06, 12.32, 0.71, 4.01, 5.19, 3.76, 2.09, 3.28, 7.0, 16.23, 14.39, 2.39, 6.12, 7.75, 3.75, 5.72, 9.54, 1.65, 6.91, 13.94, 4.57, 11.77, 9.74, 2.95, 16.02, 12.97, 16.45], [6.23, 2.22, 4.67, 2.08, 2.18, 1.92, 8.37, 6.32, 3.42, 0.0, 0.99, 1.23, 0.91, 3.9, 3.82, 4.7, 1.41, 2.38, 8.62, 7.62, 3.59, 1.67, 6.29, 2.41, 3.98, 1.53, 1.36, 6.56, 4.46, 6.18, 6.04, 2.7, 1.8, 4.79, 6.2, 1.65, 8.31, 4.39, 0.85, 4.29, 5.03, 6.17, 2.01, 9.24, 6.66, 3.02, 2.85, 4.81, 3.71, 7.56, 4.39, 7.79, 1.92, 8.9, 7.49, 1.9, 4.21, 0.75, 0.67, 7.95, 6.95, 5.39, 0.83, 4.0, 1.22, 3.84, 1.54, 1.89, 3.8, 4.65, 5.37, 1.47, 1.11, 8.5, 0.44, 10.03, 7.01, 0.74, 2.94, 0.66, 3.31, 5.8, 3.03, 8.61, 6.22, 1.4, 0.63, 4.13, 10.88, 8.96, 1.76, 4.06, 1.13, 1.48, 3.33, 12.12, 3.96, 4.04, 2.02, 10.09], [2.95, 9.03, 2.94, 5.79, 5.08, 8.57, 4.13, 7.29, 9.06, 0.15, 0.0, 6.42, 3.93, 10.89, 1.61, 1.75, 1.12, 7.23, 9.58, 7.41, 10.1, 7.96, 9.4, 3.23, 6.41, 1.96, 2.9, 5.55, 2.21, 0.81, 7.85, 1.48, 0.48, 4.02, 6.62, 1.35, 3.15, 2.93, 4.84, 2.74, 3.99, 7.43, 1.84, 3.24, 4.06, 1.22, 2.05, 1.37, 4.34, 10.32, 1.54, 9.6, 3.89, 6.02, 3.21, 0.52, 7.59, 0.76, 1.65, 4.91, 7.45, 4.57, 2.56, 2.58, 2.18, 0.56, 5.7, 0.69, 5.69, 4.58, 1.76, 2.08, 1.3, 4.03, 1.08, 2.82, 3.17, 2.02, 2.83, 2.25, 3.47, 6.74, 2.02, 4.8, 4.12, 3.15, 0.66, 1.86, 9.6, 1.95, 4.19, 3.55, 1.59, 5.16, 5.31, 5.68, 5.35, 3.57, 5.65, 4.02], [2.82, 14.03, 12.16, 4.89, 6.18, 0.93, 12.13, 1.67, 9.28, 1.0, 6.46, 0.0, 4.33, 11.25, 1.96, 6.02, 4.36, 9.44, 9.7, 1.28, 4.46, 2.05, 8.52, 2.68, 11.11, 0.9, 7.72, 2.07, 0.71, 1.5, 14.04, 4.26, 7.33, 7.38, 2.17, 3.67, 5.88, 3.8, 1.95, 6.99, 12.96, 2.87, 10.01, 10.14, 3.58, 13.54, 0.83, 3.75, 5.31, 1.5, 4.11, 5.4, 2.84, 13.93, 0.4, 0.82, 13.85, 4.28, 3.53, 3.01, 2.87, 1.42, 2.43, 2.87, 3.14, 0.61, 7.53, 1.05, 3.85, 2.44, 3.67, 1.58, 9.96, 6.82, 2.68, 4.04, 2.6, 6.6, 6.46, 3.86, 2.65, 12.29, 3.55, 3.68, 1.22, 0.68, 0.84, 10.36, 2.9, 1.46, 6.78, 2.14, 8.73, 6.96, 5.47, 5.27, 5.42, 6.79, 7.61, 13.75], [4.49, 2.67, 4.82, 6.74, 11.19, 7.88, 4.98, 4.8, 7.4, 3.13, 4.28, 5.86, 0.0, 13.7, 7.53, 3.12, 2.16, 6.88, 2.32, 8.05, 11.26, 12.09, 7.37, 4.9, 0.97, 1.63, 1.88, 1.76, 1.65, 4.05, 12.72, 2.39, 5.62, 3.88, 5.39, 3.0, 7.24, 14.08, 3.45, 3.26, 4.16, 13.26, 3.43, 3.61, 7.53, 2.37, 2.3, 8.34, 6.18, 3.67, 9.09, 4.6, 0.79, 3.87, 8.57, 5.25, 2.55, 4.54, 4.4, 0.97, 2.61, 1.13, 3.04, 9.61, 10.41, 5.98, 7.11, 2.44, 1.62, 3.07, 1.69, 1.65, 8.76, 5.82, 1.2, 2.35, 3.86, 4.57, 7.78, 4.43, 10.49, 2.96, 2.06, 3.77, 2.74, 10.98, 4.93, 1.38, 9.43, 5.75, 4.2, 2.49, 1.66, 9.26, 10.17, 9.28, 6.76, 1.29, 2.14, 5.48], [9.03, 1.94, 13.37, 16.12, 16.87, 12.01, 0.73, 5.9, 10.79, 4.86, 5.76, 6.83, 5.21, 0.0, 7.47, 15.6, 8.56, 4.76, 10.65, 15.43, 1.75, 4.62, 4.26, 17.24, 3.84, 2.83, 15.42, 4.61, 2.68, 12.59, 2.62, 8.77, 8.04, 4.66, 12.97, 3.05, 21.34, 11.41, 5.57, 2.39, 11.86, 10.08, 3.58, 2.18, 1.16, 5.92, 6.48, 1.08, 5.85, 9.28, 13.5, 17.02, 10.95, 16.77, 10.0, 4.26, 3.79, 8.26, 1.64, 17.1, 4.48, 15.77, 4.65, 7.18, 7.33, 10.05, 3.57, 2.11, 3.51, 5.83, 3.83, 5.41, 0.66, 8.59, 4.27, 7.59, 8.35, 8.03, 2.26, 1.76, 6.7, 2.34, 6.63, 6.72, 18.85, 3.82, 7.75, 1.75, 13.44, 12.39, 6.94, 8.12, 8.2, 18.15, 1.6, 15.83, 4.67, 3.52, 5.76, 14.36], [8.44, 9.85, 9.57, 10.56, 6.44, 2.58, 2.59, 1.74, 0.92, 3.48, 5.6, 0.75, 9.65, 4.39, 0.0, 4.86, 3.72, 4.99, 7.18, 2.98, 2.98, 3.89, 11.22, 7.79, 5.15, 7.72, 8.14, 4.12, 0.56, 2.49, 2.91, 4.71, 8.28, 2.47, 5.71, 1.36, 3.73, 5.25, 1.6, 2.46, 14.43, 2.61, 9.6, 0.91, 2.92, 9.65, 8.26, 9.39, 2.6, 4.04, 2.05, 9.76, 6.07, 10.93, 2.37, 1.03, 15.52, 1.65, 0.57, 7.63, 4.08, 7.24, 2.56, 0.41, 3.62, 4.39, 11.45, 4.15, 12.18, 2.91, 4.04, 2.15, 7.77, 11.24, 8.97, 1.81, 3.22, 2.98, 2.81, 5.85, 0.24, 3.45, 10.66, 10.69, 6.64, 2.07, 2.78, 3.47, 2.54, 4.15, 6.83, 3.7, 7.11, 8.37, 3.47, 7.68, 3.08, 3.59, 11.01, 6.18], [0.59, 6.69, 0.96, 4.14, 9.41, 11.62, 7.05, 5.86, 17.86, 5.12, 3.81, 2.91, 1.17, 9.97, 4.63, 0.0, 1.59, 3.29, 3.71, 5.48, 13.72, 15.18, 10.9, 3.89, 3.28, 2.93, 0.48, 0.41, 1.13, 4.89, 9.69, 7.55, 9.8, 13.33, 3.09, 7.9, 5.2, 6.95, 3.31, 7.41, 3.12, 6.96, 1.62, 11.06, 5.18, 2.39, 1.54, 13.12, 9.63, 2.62, 8.42, 1.84, 0.66, 4.72, 8.97, 0.93, 2.78, 5.04, 6.65, 0.5, 6.31, 3.96, 3.76, 6.45, 6.35, 5.55, 3.83, 5.07, 2.47, 4.96, 7.32, 6.56, 12.01, 3.16, 3.22, 13.06, 9.62, 5.03, 6.17, 9.36, 8.11, 4.74, 1.17, 2.69, 1.57, 8.69, 7.17, 11.82, 8.67, 6.74, 3.59, 1.28, 3.3, 4.39, 12.91, 3.51, 10.19, 5.72, 1.06, 1.56], [1.19, 3.43, 8.3, 3.03, 6.45, 2.78, 9.06, 0.94, 13.57, 0.7, 0.57, 1.23, 0.94, 6.14, 3.7, 1.82, 0.0, 2.92, 1.71, 7.72, 4.76, 7.51, 4.5, 3.99, 7.47, 0.37, 2.66, 1.37, 1.38, 1.93, 6.03, 6.5, 1.74, 7.85, 4.76, 2.61, 7.43, 8.32, 5.32, 2.01, 6.23, 9.28, 1.34, 5.91, 7.49, 5.56, 2.95, 2.32, 1.89, 4.84, 1.15, 7.76, 0.69, 6.02, 3.5, 3.0, 7.93, 1.89, 2.21, 5.62, 1.12, 5.93, 2.78, 8.89, 2.73, 3.65, 8.47, 1.0, 4.23, 3.79, 3.15, 3.17, 4.51, 3.24, 0.79, 6.26, 4.86, 5.09, 1.84, 2.26, 7.31, 1.48, 2.47, 1.62, 4.17, 8.17, 2.16, 1.39, 9.21, 1.01, 4.35, 2.04, 2.15, 5.24, 5.81, 2.41, 6.02, 2.34, 0.99, 6.7], [11.3, 3.53, 9.18, 12.39, 14.67, 11.68, 4.22, 3.53, 5.61, 4.25, 4.95, 10.27, 2.95, 7.75, 10.58, 7.01, 4.24, 0.0, 11.01, 15.22, 2.64, 6.35, 1.77, 4.18, 5.98, 1.57, 5.4, 9.93, 14.09, 3.7, 9.83, 1.95, 3.33, 3.33, 13.53, 2.96, 4.78, 18.96, 10.24, 4.28, 1.69, 9.21, 1.95, 3.65, 1.55, 3.49, 2.46, 0.67, 8.72, 11.91, 11.03, 12.16, 7.34, 5.92, 8.26, 8.23, 4.29, 5.7, 8.25, 3.01, 7.05, 9.62, 1.84, 14.47, 9.2, 3.91, 1.19, 5.8, 2.7, 8.22, 2.68, 3.12, 6.06, 13.05, 2.52, 11.85, 7.56, 0.84, 7.29, 5.48, 6.09, 0.46, 1.77, 13.69, 9.66, 7.43, 8.15, 3.44, 9.31, 16.75, 0.69, 8.75, 2.46, 9.92, 0.7, 18.95, 2.25, 3.1, 1.32, 3.38], [0.23, 9.79, 0.79, 2.13, 1.45, 12.42, 10.67, 3.98, 12.5, 1.87, 3.44, 11.72, 3.64, 6.09, 7.41, 3.42, 8.48, 4.45, 0.0, 3.94, 13.67, 12.52, 12.23, 2.22, 0.0, 6.14, 2.56, 1.92, 14.05, 1.56, 19.41, 15.22, 1.95, 10.48, 8.78, 6.08, 10.58, 14.29, 3.62, 12.52, 5.81, 8.31, 7.89, 18.52, 9.52, 3.03, 6.39, 13.96, 13.06, 4.01, 5.26, 2.85, 4.83, 4.11, 13.33, 3.19, 0.0, 5.57, 3.38, 1.39, 4.27, 7.64, 1.23, 15.95, 14.04, 9.76, 12.51, 0.95, 9.98, 6.47, 2.49, 6.79, 11.81, 5.23, 1.07, 4.55, 14.66, 7.38, 3.1, 5.25, 6.8, 12.52, 4.1, 2.28, 7.5, 10.26, 8.37, 6.87, 4.3, 2.69, 5.67, 3.23, 2.18, 4.0, 5.15, 9.26, 9.76, 6.86, 0.85, 1.69], [5.6, 8.16, 2.2, 1.48, 6.97, 0.88, 18.23, 3.51, 6.94, 8.76, 7.38, 1.01, 3.19, 7.26, 2.6, 6.23, 7.84, 8.22, 9.52, 0.0, 1.88, 12.72, 3.42, 4.62, 10.82, 7.08, 2.54, 9.28, 1.71, 2.26, 14.58, 1.03, 9.57, 4.71, 2.14, 2.55, 3.26, 0.34, 1.54, 3.99, 5.78, 1.99, 10.91, 7.63, 10.51, 4.03, 7.5, 3.96, 5.69, 5.87, 2.95, 2.08, 7.23, 13.57, 0.36, 1.9, 7.6, 5.51, 5.9, 7.87, 2.13, 5.21, 3.16, 1.41, 7.76, 1.45, 11.59, 8.58, 6.45, 1.66, 15.48, 2.87, 10.99, 0.96, 2.77, 2.59, 6.76, 10.21, 6.3, 6.91, 2.35, 15.25, 1.39, 7.22, 4.85, 0.82, 3.86, 5.16, 2.75, 0.45, 3.04, 1.77, 9.37, 5.52, 7.65, 9.38, 3.46, 10.89, 6.27, 9.99], [16.2, 0.98, 2.43, 7.19, 19.03, 4.61, 0.0, 4.05, 12.36, 2.33, 5.85, 10.82, 3.55, 1.42, 4.18, 13.12, 8.66, 5.44, 8.96, 10.52, 0.0, 6.61, 1.33, 6.87, 11.72, 3.14, 4.72, 11.16, 5.63, 1.89, 1.16, 11.68, 2.75, 2.59, 11.89, 6.49, 21.74, 10.87, 6.72, 2.34, 4.35, 5.08, 4.82, 9.58, 3.1, 4.7, 2.18, 0.57, 7.98, 11.0, 7.07, 8.71, 9.0, 13.53, 6.97, 14.44, 7.55, 5.79, 12.68, 3.48, 12.25, 16.17, 7.17, 12.13, 1.92, 13.91, 2.14, 7.77, 0.97, 4.71, 1.41, 7.78, 2.4, 10.04, 7.24, 6.04, 9.38, 5.72, 3.75, 1.62, 9.56, 1.44, 3.54, 20.43, 11.43, 3.98, 2.54, 1.03, 18.35, 16.08, 6.05, 6.88, 7.36, 3.25, 2.72, 22.25, 3.27, 1.73, 2.86, 5.52], [3.77, 4.79, 2.96, 5.82, 21.07, 12.07, 5.39, 11.46, 5.35, 6.64, 6.21, 2.47, 2.84, 0.83, 2.45, 2.78, 5.24, 11.79, 15.4, 4.38, 4.29, 0.0, 3.09, 15.66, 19.65, 5.23, 12.45, 18.07, 7.9, 14.24, 1.78, 3.0, 7.46, 1.93, 10.62, 7.68, 12.6, 11.84, 9.12, 3.62, 13.3, 9.99, 8.62, 1.14, 6.5, 17.63, 3.55, 2.35, 1.97, 6.34, 2.97, 13.24, 12.88, 5.66, 9.11, 12.58, 7.86, 1.47, 4.48, 3.79, 7.04, 7.77, 6.62, 4.31, 5.61, 6.96, 1.23, 4.94, 1.01, 9.51, 8.92, 4.41, 3.48, 18.63, 12.78, 5.29, 1.22, 2.86, 6.35, 6.46, 3.99, 6.64, 8.74, 18.14, 1.98, 4.7, 1.61, 2.08, 17.69, 4.05, 5.71, 12.48, 5.81, 11.88, 1.96, 6.41, 4.03, 6.61, 8.94, 16.63], [13.78, 1.14, 2.88, 17.69, 12.25, 2.44, 2.7, 0.88, 7.47, 4.7, 9.05, 10.15, 9.72, 5.65, 14.77, 4.62, 7.35, 0.72, 11.6, 7.27, 1.57, 2.99, 0.0, 12.62, 12.52, 7.43, 7.89, 1.25, 13.37, 3.48, 5.29, 6.8, 3.49, 6.63, 11.83, 6.32, 13.04, 14.15, 3.9, 3.09, 0.7, 14.89, 1.38, 3.15, 1.02, 8.37, 11.28, 1.65, 7.19, 15.87, 9.62, 14.02, 10.12, 7.61, 5.27, 2.38, 3.7, 1.18, 8.93, 1.47, 3.44, 11.3, 12.51, 10.21, 2.2, 7.01, 1.55, 6.92, 0.62, 3.02, 3.38, 8.12, 3.08, 13.23, 4.41, 5.67, 5.66, 0.97, 6.16, 4.9, 7.51, 0.75, 4.33, 6.29, 1.81, 10.8, 7.95, 0.68, 14.04, 3.66, 2.46, 7.18, 4.49, 4.81, 0.46, 6.05, 6.55, 1.01, 2.47, 11.22], [7.34, 13.85, 2.1, 3.0, 0.72, 6.19, 16.57, 5.04, 11.8, 7.07, 0.73, 2.85, 3.57, 10.01, 6.74, 3.23, 1.95, 1.56, 5.61, 2.58, 5.79, 2.65, 14.7, 0.0, 1.62, 0.73, 1.48, 6.57, 2.29, 0.23, 15.47, 5.65, 7.87, 2.55, 0.59, 1.52, 3.62, 6.9, 5.83, 11.4, 4.0, 8.24, 7.04, 13.34, 11.88, 5.66, 3.96, 8.28, 8.92, 3.53, 6.72, 0.88, 2.87, 10.54, 0.5, 0.58, 9.76, 3.41, 2.03, 6.86, 10.73, 2.13, 2.39, 1.07, 3.72, 1.76, 14.4, 0.92, 6.11, 2.44, 6.7, 2.98, 4.55, 1.69, 3.3, 13.13, 2.77, 7.2, 5.92, 11.29, 3.5, 8.95, 0.76, 1.43, 1.38, 0.71, 6.24, 1.6, 1.21, 1.06, 9.77, 2.21, 7.82, 4.53, 3.9, 2.49, 1.53, 5.89, 9.54, 6.47], [1.8, 1.88, 0.56, 2.02, 8.04, 9.54, 3.77, 1.95, 17.18, 9.94, 5.29, 9.13, 1.52, 18.32, 12.77, 2.43, 6.57, 3.96, 0.0, 5.79, 5.23, 8.91, 4.66, 7.73, 0.0, 0.98, 4.53, 1.98, 8.96, 9.21, 17.98, 17.53, 9.91, 7.33, 4.09, 7.45, 3.07, 15.22, 2.48, 6.39, 5.67, 18.4, 3.03, 14.43, 2.22, 1.13, 2.74, 9.57, 12.99, 6.25, 4.02, 8.3, 3.23, 2.35, 4.64, 4.03, 0.0, 4.47, 9.46, 0.58, 3.11, 6.32, 7.88, 9.25, 11.06, 1.35, 12.74, 6.18, 13.17, 13.5, 7.62, 5.33, 16.75, 7.13, 5.25, 13.73, 17.33, 8.36, 5.94, 9.13, 3.03, 11.86, 1.75, 4.43, 2.24, 14.66, 12.67, 7.55, 13.38, 6.7, 2.59, 6.88, 4.4, 6.03, 12.53, 4.44, 3.35, 4.96, 4.82, 0.75], [4.28, 7.62, 6.83, 3.31, 5.97, 8.71, 5.5, 3.43, 5.62, 0.7, 0.62, 8.14, 0.49, 11.84, 8.04, 3.41, 1.03, 1.71, 2.51, 6.54, 11.62, 1.97, 10.28, 1.28, 2.02, 0.0, 0.8, 2.04, 6.76, 5.66, 1.87, 5.3, 4.4, 3.25, 5.89, 1.94, 2.68, 8.93, 6.13, 5.24, 1.22, 1.73, 1.01, 3.76, 8.0, 4.25, 1.36, 8.28, 2.96, 5.09, 5.97, 4.87, 0.74, 3.5, 2.76, 1.2, 0.7, 3.52, 2.77, 4.1, 1.79, 6.97, 4.52, 9.58, 2.18, 4.45, 3.56, 2.76, 6.08, 11.02, 2.4, 1.49, 6.37, 9.14, 0.0, 10.74, 9.47, 7.47, 8.33, 2.9, 5.15, 2.76, 1.22, 2.25, 1.91, 8.3, 3.3, 3.32, 4.08, 1.72, 7.02, 2.26, 1.89, 9.89, 6.73, 9.14, 5.8, 1.95, 2.32, 4.35], [0.85, 13.42, 0.94, 3.73, 7.47, 3.13, 8.35, 4.89, 3.37, 3.39, 3.81, 3.42, 0.96, 7.06, 8.08, 1.93, 0.49, 6.24, 1.05, 6.31, 8.25, 2.42, 5.59, 4.28, 4.13, 1.41, 0.0, 3.71, 1.47, 0.64, 6.86, 5.1, 4.07, 9.13, 3.76, 2.37, 1.33, 7.7, 8.25, 7.9, 5.42, 3.9, 3.67, 2.23, 6.74, 6.29, 0.48, 5.32, 5.36, 3.95, 3.55, 3.87, 0.79, 4.4, 6.85, 0.74, 2.94, 4.55, 1.99, 3.26, 3.22, 2.8, 1.5, 6.57, 5.14, 1.66, 1.46, 2.98, 11.08, 8.29, 3.58, 7.46, 2.22, 1.27, 0.17, 14.47, 8.47, 3.76, 3.14, 7.77, 2.7, 11.29, 0.9, 4.86, 1.22, 6.13, 5.8, 1.85, 6.37, 7.83, 6.41, 2.62, 0.74, 7.24, 5.73, 10.2, 5.82, 0.75, 1.61, 2.59], [1.65, 5.83, 1.64, 6.79, 7.2, 8.08, 8.45, 2.14, 17.19, 7.07, 4.09, 4.53, 2.88, 7.93, 4.84, 0.6, 2.29, 7.35, 1.23, 6.04, 14.13, 2.75, 4.1, 7.48, 1.75, 0.56, 2.28, 0.0, 8.31, 1.84, 7.46, 6.32, 5.49, 6.37, 8.66, 3.7, 3.81, 9.99, 8.32, 7.99, 3.14, 12.82, 4.35, 4.77, 11.78, 2.44, 3.83, 2.58, 9.45, 9.85, 8.8, 6.26, 3.34, 3.79, 6.03, 2.42, 1.92, 4.8, 1.33, 0.0, 2.07, 8.08, 1.4, 2.73, 1.85, 7.35, 10.86, 4.38, 3.4, 2.36, 5.51, 8.61, 13.66, 8.68, 1.66, 5.86, 8.56, 6.57, 3.35, 2.12, 7.55, 1.8, 1.57, 1.82, 2.79, 8.7, 11.41, 11.58, 3.53, 2.23, 9.22, 7.7, 4.13, 9.73, 9.67, 6.46, 4.78, 4.12, 1.23, 1.88], [2.77, 8.07, 5.19, 2.24, 2.49, 0.96, 7.29, 2.52, 4.38, 5.26, 5.15, 0.79, 5.77, 11.85, 0.8, 6.07, 1.05, 8.48, 6.71, 1.46, 4.98, 4.95, 13.24, 2.3, 5.52, 4.8, 2.56, 6.27, 0.0, 3.03, 10.64, 6.78, 8.18, 8.05, 2.79, 0.74, 6.04, 1.86, 0.68, 8.87, 5.81, 2.02, 9.33, 8.58, 7.01, 12.16, 6.99, 12.65, 0.85, 1.07, 0.74, 4.04, 6.91, 2.71, 0.88, 1.37, 2.82, 1.07, 3.62, 9.85, 13.37, 0.98, 1.49, 1.84, 3.57, 2.36, 4.75, 7.75, 3.95, 2.01, 9.39, 1.62, 3.98, 5.96, 7.99, 2.77, 4.91, 6.18, 4.03, 2.68, 1.43, 10.14, 7.57, 5.43, 6.4, 0.37, 2.94, 11.68, 5.09, 2.31, 7.6, 4.05, 4.22, 2.36, 10.28, 7.97, 1.5, 5.24, 6.16, 9.18], [1.19, 11.13, 8.37, 3.6, 1.64, 3.89, 9.97, 5.26, 7.25, 1.81, 4.54, 1.32, 5.17, 5.48, 4.65, 6.6, 4.66, 4.92, 3.83, 0.75, 8.0, 3.13, 6.48, 0.43, 7.48, 1.49, 2.22, 6.1, 1.64, 0.0, 8.26, 8.8, 7.55, 10.3, 1.35, 1.36, 3.84, 3.84, 2.62, 6.75, 6.08, 7.14, 1.61, 7.55, 12.93, 6.96, 2.46, 2.53, 4.64, 0.86, 2.14, 0.98, 1.95, 2.2, 2.55, 0.75, 7.46, 0.94, 1.88, 4.89, 7.91, 1.14, 1.72, 0.71, 7.07, 1.1, 11.27, 3.23, 10.98, 4.44, 1.79, 3.36, 13.15, 6.16, 5.61, 9.47, 6.41, 8.22, 2.64, 7.03, 3.16, 12.48, 0.96, 0.7, 1.21, 1.69, 7.45, 11.5, 2.65, 3.54, 7.49, 0.9, 4.09, 3.27, 11.64, 7.49, 5.4, 2.48, 2.43, 13.19], [8.69, 3.61, 2.07, 2.21, 17.04, 9.64, 2.9, 7.02, 3.23, 7.45, 8.86, 2.83, 5.98, 1.34, 8.31, 7.8, 3.31, 1.75, 19.66, 9.55, 6.36, 0.45, 3.73, 2.4, 11.12, 11.31, 4.12, 6.58, 11.87, 7.38, 0.0, 3.16, 6.26, 2.62, 15.54, 1.96, 3.91, 8.04, 8.94, 2.24, 4.91, 4.99, 1.48, 2.75, 4.8, 15.06, 2.99, 5.38, 2.28, 15.78, 7.27, 18.01, 4.23, 15.03, 14.89, 3.53, 12.25, 5.49, 3.07, 7.4, 15.24, 14.8, 9.04, 1.53, 1.09, 12.84, 1.31, 8.53, 8.02, 6.01, 11.27, 4.54, 1.35, 20.5, 2.22, 9.91, 5.31, 5.0, 2.88, 3.69, 6.03, 7.65, 11.45, 13.24, 3.34, 12.88, 7.16, 2.71, 13.42, 13.06, 5.36, 11.68, 6.45, 11.69, 7.7, 2.92, 1.26, 1.67, 6.06, 17.64], [17.23, 9.25, 2.97, 12.58, 10.75, 3.25, 4.5, 9.99, 2.13, 5.47, 2.74, 8.75, 7.24, 5.0, 1.63, 13.63, 6.42, 5.23, 15.31, 1.26, 7.39, 2.56, 12.14, 8.53, 7.57, 2.25, 1.7, 11.54, 3.56, 8.19, 6.38, 0.0, 8.25, 3.08, 4.12, 4.59, 9.33, 7.62, 6.55, 3.45, 5.8, 4.72, 3.5, 1.77, 8.67, 14.98, 6.41, 2.81, 1.07, 6.21, 4.15, 3.33, 11.09, 6.73, 8.52, 9.93, 2.72, 1.11, 3.95, 7.48, 14.19, 5.51, 7.45, 3.41, 0.53, 7.35, 5.19, 4.9, 10.85, 6.66, 11.34, 1.43, 6.2, 14.36, 6.87, 2.4, 0.0, 8.22, 2.48, 2.22, 0.83, 11.15, 3.63, 13.77, 8.11, 2.87, 2.6, 6.96, 10.7, 1.26, 1.38, 1.77, 10.59, 11.71, 8.19, 14.89, 1.53, 11.18, 7.17, 9.22], [4.87, 2.33, 7.67, 10.44, 15.37, 4.24, 4.19, 5.01, 10.4, 2.84, 1.34, 3.6, 4.62, 5.8, 7.11, 3.34, 0.91, 3.58, 2.04, 2.94, 7.78, 8.64, 4.15, 3.96, 3.36, 4.73, 1.92, 4.8, 7.22, 3.06, 4.35, 6.48, 0.0, 3.4, 6.83, 4.41, 5.79, 5.97, 9.73, 2.02, 2.81, 6.04, 0.0, 2.21, 2.31, 3.49, 1.77, 0.4, 7.1, 11.84, 7.88, 11.84, 4.82, 5.0, 11.02, 2.93, 6.25, 4.54, 2.31, 5.22, 1.2, 5.85, 1.9, 5.88, 4.43, 3.79, 2.96, 1.34, 2.27, 8.59, 1.6, 1.1, 3.67, 5.65, 3.47, 12.5, 7.91, 1.97, 1.57, 0.84, 1.05, 1.58, 3.02, 1.48, 2.58, 6.32, 4.03, 0.86, 7.79, 12.11, 0.6, 2.11, 1.34, 11.67, 3.02, 14.21, 3.06, 1.29, 4.9, 2.91], [15.11, 5.12, 14.09, 8.64, 12.67, 1.51, 2.0, 8.34, 7.33, 4.91, 2.06, 1.94, 8.43, 3.4, 7.44, 5.23, 2.88, 3.36, 10.76, 6.29, 5.68, 3.72, 4.95, 8.34, 6.81, 6.22, 5.81, 6.84, 6.3, 6.41, 2.69, 2.52, 1.42, 0.0, 8.05, 4.32, 11.83, 10.29, 7.01, 1.24, 4.47, 5.12, 2.82, 4.45, 1.34, 10.67, 4.75, 1.62, 3.87, 3.23, 4.97, 10.69, 1.24, 8.25, 9.27, 10.67, 2.11, 3.74, 5.01, 12.54, 8.51, 4.4, 1.63, 1.38, 1.43, 3.38, 4.69, 2.23, 2.6, 3.36, 3.82, 5.03, 0.79, 15.72, 7.01, 7.27, 1.8, 3.54, 0.56, 2.98, 1.1, 4.25, 8.49, 3.25, 6.82, 3.55, 1.25, 3.81, 2.21, 5.66, 4.01, 2.28, 5.38, 5.23, 2.6, 12.75, 0.55, 4.05, 3.36, 13.38], [6.34, 11.75, 1.27, 0.81, 1.11, 2.02, 17.98, 6.65, 6.25, 3.21, 2.3, 1.32, 2.95, 15.43, 2.17, 3.38, 4.01, 5.69, 11.12, 1.39, 12.12, 3.37, 7.01, 0.38, 8.57, 6.84, 2.57, 5.48, 3.64, 1.0, 6.94, 7.93, 10.95, 1.77, 0.0, 2.01, 4.41, 6.05, 2.24, 3.0, 13.55, 3.55, 5.77, 14.73, 5.75, 2.37, 2.6, 3.05, 4.42, 3.65, 4.44, 2.39, 4.2, 10.97, 2.27, 0.41, 7.39, 4.69, 2.39, 8.45, 9.39, 2.19, 3.72, 3.51, 2.23, 1.91, 5.27, 3.43, 13.85, 6.66, 13.47, 2.13, 10.3, 4.11, 1.5, 4.25, 5.93, 13.28, 5.14, 2.98, 3.49, 15.04, 3.32, 4.75, 3.8, 3.19, 4.3, 8.71, 1.39, 2.11, 4.38, 2.69, 5.81, 0.67, 13.42, 1.15, 1.42, 6.44, 1.26, 4.69], [6.87, 2.16, 11.4, 10.08, 4.01, 1.39, 11.53, 9.27, 6.91, 0.57, 1.12, 5.34, 2.84, 11.99, 1.98, 5.93, 2.24, 3.02, 6.49, 3.78, 7.22, 2.07, 9.82, 4.35, 4.99, 0.54, 4.11, 8.91, 3.29, 4.49, 7.54, 1.5, 2.3, 2.73, 4.58, 0.0, 2.33, 3.23, 3.61, 3.01, 7.82, 1.81, 4.87, 2.77, 2.42, 4.66, 2.72, 1.95, 3.8, 5.25, 2.68, 8.17, 2.38, 1.42, 5.49, 1.85, 7.0, 1.14, 0.95, 5.11, 6.19, 2.74, 0.83, 5.64, 3.83, 3.44, 7.9, 0.65, 6.01, 5.09, 1.32, 2.08, 4.83, 2.12, 2.22, 3.93, 0.81, 5.31, 0.81, 0.95, 1.4, 2.66, 3.32, 6.66, 2.19, 2.59, 1.96, 3.45, 6.05, 6.55, 3.13, 2.89, 4.42, 5.99, 5.94, 9.75, 3.95, 3.69, 5.21, 7.65], [2.71, 15.41, 9.61, 0.0, 3.05, 9.54, 20.46, 3.82, 1.94, 8.49, 9.84, 6.07, 4.8, 4.92, 10.82, 3.9, 3.48, 2.51, 3.92, 3.19, 19.46, 14.03, 17.77, 2.57, 10.88, 3.82, 2.58, 5.22, 3.27, 2.04, 21.4, 4.29, 11.61, 3.12, 4.08, 5.46, 0.0, 9.78, 1.92, 10.48, 2.46, 6.68, 7.54, 3.76, 18.12, 7.19, 1.2, 5.38, 6.85, 1.08, 6.1, 0.53, 4.1, 6.82, 4.02, 1.06, 6.51, 5.29, 6.7, 6.44, 6.33, 0.39, 8.25, 8.61, 5.81, 4.34, 8.75, 4.73, 11.05, 10.16, 4.99, 3.84, 11.78, 0.0, 8.72, 3.0, 12.42, 2.13, 9.44, 2.29, 1.34, 8.53, 5.46, 2.94, 1.85, 8.51, 8.86, 7.06, 1.83, 7.0, 6.04, 3.19, 6.39, 0.85, 15.12, 0.88, 9.26, 9.57, 7.32, 4.8], [7.22, 3.98, 13.55, 4.37, 7.5, 1.81, 14.7, 6.88, 2.05, 9.73, 9.41, 3.43, 8.4, 2.78, 1.01, 6.52, 6.7, 3.25, 13.0, 0.72, 2.46, 3.73, 10.29, 5.92, 6.81, 8.19, 4.38, 9.55, 2.55, 6.53, 16.1, 5.02, 6.6, 10.5, 3.91, 6.26, 7.59, 0.0, 0.83, 10.26, 19.16, 3.56, 12.85, 9.78, 8.51, 15.03, 8.52, 15.89, 6.05, 3.53, 1.82, 6.12, 7.99, 3.9, 0.96, 5.69, 12.11, 3.55, 2.46, 15.28, 6.55, 2.84, 3.29, 3.46, 6.16, 5.14, 11.95, 3.07, 11.49, 1.09, 15.11, 7.41, 15.92, 1.88, 1.8, 4.56, 2.22, 2.72, 5.99, 8.23, 1.86, 7.15, 6.03, 1.78, 1.83, 3.52, 8.5, 13.41, 4.97, 0.86, 10.87, 2.0, 14.3, 2.45, 9.71, 3.08, 7.37, 10.7, 12.07, 3.7], [6.72, 13.65, 12.09, 2.24, 7.09, 1.66, 16.12, 11.18, 7.65, 4.69, 4.18, 0.62, 9.52, 7.5, 0.84, 4.57, 1.1, 8.92, 10.81, 1.76, 6.61, 2.91, 12.05, 4.32, 6.1, 7.87, 4.81, 11.38, 0.62, 1.02, 1.69, 1.29, 2.56, 2.29, 1.59, 4.77, 2.01, 2.19, 0.0, 8.18, 2.9, 2.35, 7.77, 4.6, 8.78, 11.32, 7.93, 8.49, 2.88, 2.14, 0.87, 5.96, 4.86, 8.83, 0.9, 0.92, 11.27, 2.7, 1.92, 11.21, 11.16, 4.88, 1.94, 0.72, 2.09, 2.92, 6.29, 2.13, 2.05, 2.54, 5.78, 1.69, 4.2, 4.14, 7.2, 3.83, 1.97, 8.46, 2.4, 4.75, 1.65, 5.01, 5.73, 2.27, 6.94, 0.94, 3.26, 6.63, 4.09, 1.15, 6.5, 1.71, 8.04, 1.72, 6.04, 6.8, 3.01, 5.31, 2.93, 9.98], [4.22, 1.13, 2.28, 3.14, 2.18, 4.21, 5.49, 2.69, 6.52, 3.03, 4.04, 9.13, 5.68, 6.3, 3.44, 3.39, 2.53, 3.59, 5.53, 6.79, 5.0, 2.17, 1.16, 11.5, 12.26, 6.31, 2.45, 6.68, 5.7, 8.51, 2.13, 6.09, 2.57, 1.33, 2.57, 4.19, 15.87, 4.76, 7.2, 0.0, 6.04, 11.13, 1.07, 5.23, 2.25, 10.44, 4.91, 1.35, 4.2, 4.44, 6.6, 11.5, 5.49, 1.85, 5.47, 8.26, 12.64, 4.48, 6.85, 3.21, 5.39, 7.04, 2.24, 3.17, 1.12, 6.77, 1.45, 4.48, 2.84, 9.4, 3.73, 5.34, 1.52, 6.89, 1.99, 10.45, 2.23, 1.06, 2.86, 0.87, 8.05, 5.75, 2.85, 11.49, 9.45, 1.63, 1.49, 3.07, 3.77, 5.7, 0.53, 3.7, 1.2, 2.7, 3.75, 17.82, 0.55, 3.59, 5.79, 11.97], [2.34, 6.62, 1.23, 10.57, 12.77, 16.93, 3.58, 0.0, 17.67, 4.0, 4.37, 4.81, 3.53, 2.83, 2.89, 3.04, 6.67, 1.63, 3.15, 4.61, 1.03, 10.63, 5.1, 6.76, 1.05, 5.57, 5.03, 5.67, 13.9, 3.9, 11.56, 13.86, 2.92, 7.54, 6.38, 4.87, 3.58, 18.51, 4.06, 3.93, 0.0, 2.02, 0.93, 7.64, 1.72, 0.46, 3.08, 6.39, 3.49, 11.08, 8.97, 5.81, 5.37, 1.42, 12.62, 11.29, 5.28, 6.85, 5.52, 2.08, 0.95, 15.15, 5.16, 7.23, 8.95, 9.97, 2.65, 3.66, 6.71, 9.26, 0.15, 5.04, 7.48, 5.08, 5.18, 11.52, 9.47, 0.76, 3.66, 2.22, 5.58, 1.52, 1.96, 1.96, 3.9, 14.67, 2.21, 3.2, 2.25, 14.45, 5.6, 2.46, 2.48, 14.44, 4.83, 14.64, 2.58, 2.84, 2.15, 1.71], [6.36, 15.04, 13.64, 5.93, 9.51, 2.68, 9.14, 12.76, 3.37, 3.37, 9.1, 0.78, 4.71, 11.57, 0.85, 13.34, 8.59, 10.27, 17.39, 2.71, 15.62, 9.82, 10.42, 7.92, 2.84, 9.86, 8.29, 7.94, 1.54, 7.69, 1.44, 5.9, 6.18, 7.22, 1.68, 7.88, 10.37, 2.88, 4.12, 8.62, 6.69, 0.0, 1.91, 6.44, 6.64, 9.57, 6.57, 6.69, 2.08, 11.54, 3.23, 3.96, 5.36, 7.97, 4.21, 5.68, 11.1, 1.35, 3.5, 8.95, 10.9, 3.51, 3.14, 1.71, 3.1, 3.76, 13.87, 3.44, 13.21, 1.08, 13.15, 0.63, 8.48, 5.87, 5.38, 3.46, 6.5, 14.54, 5.53, 3.25, 0.66, 15.17, 6.6, 8.94, 8.19, 0.55, 3.35, 13.21, 6.22, 4.83, 9.44, 1.27, 11.84, 2.5, 8.54, 10.86, 5.29, 8.69, 15.66, 19.63], [8.23, 0.9, 9.08, 5.17, 3.22, 6.7, 4.41, 0.8, 13.02, 2.77, 4.35, 8.27, 1.76, 2.88, 3.89, 2.28, 1.26, 3.58, 10.65, 2.0, 2.66, 8.77, 3.93, 2.58, 8.55, 1.61, 6.72, 2.44, 9.93, 4.95, 7.85, 3.21, 0.0, 1.33, 6.03, 0.99, 6.59, 5.92, 7.89, 1.63, 5.41, 1.43, 0.0, 7.99, 1.8, 6.99, 8.45, 1.06, 3.55, 1.99, 5.0, 12.01, 2.71, 5.23, 3.75, 4.18, 9.16, 2.68, 1.8, 7.43, 5.78, 6.98, 6.96, 7.63, 2.54, 6.21, 2.37, 1.21, 2.61, 12.83, 3.21, 5.7, 2.99, 3.16, 3.99, 9.37, 6.96, 1.02, 1.08, 0.7, 2.24, 4.95, 1.32, 10.16, 6.85, 9.03, 0.61, 3.81, 13.92, 7.87, 0.82, 2.61, 1.82, 11.77, 3.65, 4.45, 2.52, 1.45, 1.6, 5.71], [13.88, 2.23, 10.62, 9.33, 3.17, 2.82, 5.36, 3.12, 6.06, 3.41, 6.11, 4.46, 11.76, 7.26, 7.39, 9.02, 11.65, 4.92, 5.67, 11.99, 2.94, 0.44, 6.3, 15.03, 6.6, 4.44, 11.8, 16.12, 3.9, 11.98, 0.96, 0.66, 4.86, 1.42, 14.23, 5.76, 8.77, 7.95, 6.54, 4.28, 5.78, 2.51, 1.65, 0.0, 7.19, 9.42, 12.57, 6.45, 3.54, 10.42, 4.53, 14.32, 11.58, 6.88, 13.0, 2.63, 6.88, 4.45, 3.18, 11.69, 3.13, 7.75, 7.52, 8.06, 1.9, 3.81, 2.81, 10.25, 11.58, 7.39, 2.98, 3.88, 5.78, 9.26, 5.55, 4.33, 2.77, 5.76, 1.65, 1.95, 4.6, 2.43, 13.65, 16.12, 5.88, 3.56, 3.45, 2.16, 10.5, 9.69, 5.85, 5.48, 11.49, 12.99, 4.28, 7.45, 5.07, 1.49, 12.85, 16.12], [1.95, 0.35, 11.3, 5.95, 18.27, 2.03, 0.68, 2.32, 5.23, 6.46, 5.05, 8.39, 5.4, 2.88, 3.94, 13.52, 6.3, 0.43, 7.25, 5.87, 1.68, 4.31, 1.45, 8.53, 3.51, 1.86, 9.98, 10.12, 8.5, 7.2, 4.35, 9.46, 1.73, 5.73, 5.59, 8.29, 6.0, 9.35, 8.78, 1.59, 5.13, 6.78, 1.34, 9.66, 0.0, 1.89, 12.66, 0.76, 7.17, 3.15, 10.29, 17.44, 9.01, 4.09, 5.31, 1.98, 2.49, 9.31, 9.39, 5.0, 4.47, 10.64, 2.54, 13.34, 4.06, 12.44, 0.27, 5.93, 1.16, 11.77, 5.93, 7.1, 3.37, 5.65, 6.14, 3.61, 6.1, 1.74, 5.56, 2.62, 4.76, 0.36, 10.16, 11.78, 4.81, 12.27, 2.69, 0.93, 18.69, 11.22, 0.71, 1.82, 4.26, 16.33, 0.81, 17.22, 3.51, 4.24, 4.24, 5.03], [4.24, 5.29, 0.78, 8.58, 15.91, 3.29, 6.19, 4.15, 8.26, 3.76, 6.56, 9.74, 2.6, 8.2, 10.57, 0.9, 1.12, 7.42, 1.04, 7.92, 11.93, 7.04, 1.56, 3.12, 2.68, 2.56, 6.21, 2.04, 9.66, 10.95, 17.14, 7.56, 6.89, 11.14, 9.34, 1.81, 12.08, 7.07, 6.84, 5.16, 3.44, 6.39, 5.34, 12.71, 7.82, 0.0, 3.62, 6.41, 4.78, 3.06, 13.03, 6.99, 2.13, 0.39, 6.81, 5.92, 3.21, 10.1, 1.95, 2.27, 0.59, 9.59, 1.85, 13.24, 3.46, 3.64, 2.36, 3.52, 2.23, 13.91, 2.59, 5.38, 4.66, 7.43, 2.99, 6.77, 13.37, 6.95, 6.27, 1.17, 7.44, 1.81, 5.11, 4.48, 4.52, 12.99, 8.27, 11.08, 7.2, 12.08, 5.17, 6.53, 0.9, 5.87, 4.45, 12.17, 11.64, 4.77, 2.58, 2.07], [0.69, 14.64, 4.95, 2.59, 1.05, 9.16, 7.94, 2.66, 2.66, 5.73, 2.22, 5.94, 2.47, 4.99, 4.83, 1.72, 1.36, 2.8, 4.08, 1.06, 9.83, 9.5, 9.87, 1.71, 4.37, 2.07, 1.35, 0.48, 7.54, 1.52, 10.8, 5.05, 4.99, 8.26, 3.26, 0.96, 5.83, 1.53, 2.44, 9.22, 9.41, 3.49, 7.1, 10.26, 11.09, 3.04, 0.0, 10.92, 9.67, 1.74, 7.06, 1.95, 2.09, 1.48, 2.02, 0.58, 5.3, 6.15, 1.9, 4.2, 3.23, 5.93, 1.14, 4.99, 3.34, 2.41, 2.73, 5.08, 6.45, 7.02, 7.82, 4.08, 2.23, 2.53, 0.95, 13.36, 2.19, 9.73, 3.46, 2.51, 6.2, 7.21, 0.23, 3.35, 1.81, 8.43, 8.18, 9.84, 4.39, 1.56, 6.8, 1.14, 3.29, 5.13, 3.22, 3.58, 7.25, 5.4, 1.85, 8.33], [6.99, 0.38, 9.38, 15.11, 6.86, 2.22, 2.83, 3.03, 13.18, 5.48, 6.16, 9.59, 7.43, 1.58, 7.09, 7.59, 2.23, 0.67, 2.84, 7.56, 0.57, 6.22, 2.53, 9.83, 3.79, 1.61, 6.76, 4.24, 3.27, 9.85, 2.44, 3.39, 0.5, 0.55, 11.9, 5.17, 11.52, 12.22, 8.33, 2.36, 3.41, 11.84, 0.48, 6.26, 0.51, 8.64, 9.01, 0.0, 7.92, 10.97, 6.88, 4.32, 6.07, 9.44, 13.23, 2.9, 4.5, 7.52, 7.25, 6.6, 4.4, 12.93, 2.32, 9.67, 6.22, 11.19, 0.51, 4.46, 1.84, 10.73, 5.54, 5.64, 1.37, 18.04, 4.72, 6.77, 1.13, 1.77, 7.16, 1.75, 9.33, 2.73, 6.51, 14.56, 12.24, 6.97, 2.23, 0.25, 10.98, 8.88, 1.04, 7.28, 0.61, 18.09, 1.97, 5.74, 7.4, 5.63, 1.67, 3.62], [10.72, 4.62, 13.1, 2.74, 1.95, 3.99, 12.36, 11.22, 3.36, 5.06, 2.84, 1.65, 10.33, 3.43, 0.9, 8.14, 4.21, 12.22, 7.59, 1.04, 6.05, 2.22, 5.92, 8.31, 9.24, 7.39, 5.84, 1.45, 1.17, 5.73, 1.61, 0.37, 5.57, 4.01, 8.38, 2.22, 5.51, 5.65, 0.92, 4.72, 11.87, 2.01, 5.17, 4.15, 9.19, 10.27, 6.03, 4.68, 0.0, 4.68, 1.07, 8.21, 1.75, 11.2, 1.72, 1.63, 15.39, 2.0, 2.68, 7.0, 8.12, 2.94, 4.09, 4.17, 0.76, 4.5, 1.24, 1.56, 1.24, 3.86, 1.46, 0.59, 6.21, 7.47, 6.43, 1.01, 2.39, 5.72, 0.78, 4.35, 0.74, 6.16, 9.03, 12.07, 7.48, 4.59, 1.76, 6.3, 3.25, 5.98, 4.33, 5.69, 5.22, 5.99, 5.38, 3.55, 0.6, 1.18, 5.81, 11.25], [3.93, 15.79, 11.65, 1.0, 1.38, 2.37, 19.43, 8.75, 6.35, 5.98, 4.95, 2.52, 10.75, 12.59, 2.92, 4.1, 3.24, 14.48, 8.16, 6.02, 6.19, 12.77, 5.59, 2.12, 5.74, 9.82, 6.67, 7.57, 7.62, 1.64, 14.74, 10.64, 3.7, 15.01, 2.78, 1.63, 1.13, 2.05, 6.53, 13.93, 3.94, 11.5, 13.85, 16.42, 12.67, 12.8, 6.94, 7.19, 6.67, 0.0, 3.47, 0.46, 3.68, 10.01, 2.33, 4.64, 10.58, 7.7, 6.04, 1.62, 11.56, 1.33, 6.86, 8.51, 12.19, 5.46, 8.69, 8.08, 13.03, 3.83, 4.37, 7.25, 15.77, 0.33, 3.84, 2.25, 3.38, 5.24, 9.16, 13.24, 8.05, 6.0, 0.97, 3.35, 4.42, 4.83, 11.79, 9.7, 2.26, 2.86, 4.66, 3.24, 10.83, 0.15, 17.08, 1.81, 6.42, 11.9, 4.09, 4.02], [8.48, 2.42, 5.13, 10.72, 5.51, 3.06, 4.65, 3.58, 6.22, 4.66, 4.87, 4.05, 3.16, 8.96, 1.42, 8.35, 2.11, 10.31, 10.33, 0.9, 6.55, 6.89, 11.35, 0.81, 7.2, 6.61, 6.28, 11.72, 2.41, 2.68, 4.85, 3.29, 2.18, 2.01, 2.16, 1.96, 7.83, 6.09, 1.12, 7.13, 12.56, 1.29, 4.81, 8.53, 1.7, 9.69, 1.16, 10.19, 0.87, 10.28, 0.0, 6.52, 7.3, 4.92, 3.0, 2.0, 11.65, 0.52, 0.92, 2.64, 10.86, 3.93, 1.78, 0.74, 3.25, 3.44, 1.78, 4.71, 5.7, 2.93, 2.13, 1.26, 5.12, 5.86, 3.42, 6.49, 3.47, 9.99, 0.78, 3.74, 0.75, 2.35, 1.01, 9.19, 8.41, 2.05, 1.24, 9.55, 8.2, 5.51, 2.95, 0.57, 2.15, 6.65, 12.08, 11.36, 2.21, 3.79, 3.31, 8.42], [1.21, 17.27, 1.3, 0.73, 1.3, 8.81, 8.56, 1.91, 17.47, 3.75, 1.48, 6.43, 7.48, 3.17, 2.99, 5.65, 1.53, 12.77, 6.76, 5.96, 13.32, 16.0, 15.91, 3.18, 8.44, 5.78, 6.17, 2.52, 2.38, 1.4, 5.16, 6.74, 5.09, 8.14, 1.53, 8.85, 0.54, 7.47, 4.27, 6.46, 9.21, 5.89, 11.29, 12.99, 14.36, 2.23, 2.85, 15.56, 9.44, 1.05, 3.19, 0.0, 3.33, 5.36, 2.27, 3.64, 3.61, 8.83, 3.92, 1.05, 9.55, 0.55, 7.79, 6.02, 2.76, 6.75, 9.47, 4.53, 3.51, 1.63, 8.35, 12.33, 10.23, 0.49, 5.93, 10.39, 13.12, 14.9, 9.78, 6.6, 3.16, 5.93, 4.56, 1.31, 1.35, 7.55, 8.95, 5.61, 2.58, 8.21, 10.84, 2.64, 8.1, 0.87, 16.31, 1.89, 5.66, 10.22, 8.63, 8.61], [4.13, 6.97, 2.04, 5.67, 2.2, 1.67, 1.67, 1.46, 5.84, 0.64, 2.68, 2.5, 1.5, 8.36, 9.58, 2.03, 0.54, 9.8, 1.46, 6.21, 7.48, 5.3, 2.45, 2.34, 3.19, 0.33, 0.23, 3.23, 2.32, 2.69, 11.54, 7.67, 3.09, 6.54, 3.69, 2.91, 7.71, 6.01, 1.98, 8.01, 5.05, 9.12, 3.29, 14.95, 6.25, 4.54, 0.99, 9.64, 9.54, 2.49, 4.67, 4.04, 0.0, 4.09, 2.58, 4.19, 5.49, 3.9, 3.01, 3.15, 2.61, 7.31, 5.22, 7.5, 2.13, 3.55, 9.96, 2.1, 7.28, 4.06, 2.14, 3.62, 1.48, 1.8, 0.19, 6.6, 11.25, 3.95, 2.38, 4.73, 1.53, 8.59, 0.97, 2.86, 3.98, 3.3, 2.36, 4.69, 9.76, 7.76, 5.46, 3.65, 4.53, 8.18, 4.42, 9.05, 7.48, 1.44, 2.92, 0.96], [3.77, 4.05, 2.82, 4.2, 9.27, 15.85, 9.97, 1.13, 16.37, 3.57, 4.14, 3.1, 3.36, 15.83, 12.9, 1.14, 5.1, 5.07, 0.44, 13.02, 3.32, 15.56, 8.45, 8.96, 0.88, 5.53, 7.2, 3.76, 13.72, 2.89, 16.61, 14.05, 5.73, 6.6, 3.51, 10.58, 12.96, 18.65, 12.0, 7.48, 0.89, 11.47, 2.85, 13.25, 2.93, 0.73, 3.94, 7.0, 5.58, 11.08, 6.48, 6.42, 5.11, 0.0, 9.08, 10.64, 3.31, 6.3, 10.22, 2.77, 0.88, 8.64, 10.86, 12.48, 1.73, 3.01, 3.09, 2.6, 3.32, 16.86, 1.83, 12.76, 12.86, 2.63, 4.1, 11.85, 2.05, 1.98, 9.81, 10.2, 12.71, 3.26, 2.36, 1.47, 1.42, 13.72, 7.63, 11.6, 4.93, 10.61, 8.08, 8.94, 6.24, 13.46, 5.34, 3.13, 12.69, 5.23, 2.73, 1.52], [1.86, 13.33, 10.46, 1.96, 6.78, 1.62, 12.66, 8.57, 4.27, 7.77, 3.0, 0.99, 5.62, 10.81, 4.15, 8.34, 8.93, 8.26, 7.0, 0.72, 7.67, 7.83, 13.14, 2.32, 9.52, 4.1, 5.89, 8.54, 1.17, 2.29, 12.24, 4.79, 7.26, 10.15, 1.69, 5.31, 0.86, 1.23, 0.37, 2.62, 6.27, 1.61, 2.64, 8.31, 6.01, 12.66, 5.23, 8.23, 1.67, 1.98, 2.59, 1.35, 5.63, 10.23, 0.0, 0.6, 12.35, 1.99, 5.25, 11.89, 7.81, 0.96, 4.52, 2.4, 7.39, 2.2, 3.1, 8.76, 4.7, 2.85, 13.57, 1.47, 13.37, 5.38, 9.28, 3.01, 1.38, 6.78, 5.36, 3.73, 1.2, 15.04, 3.91, 7.4, 7.02, 0.9, 8.45, 4.99, 3.42, 0.79, 6.33, 3.99, 11.2, 3.22, 2.77, 1.46, 4.39, 10.5, 7.03, 10.28], [5.13, 8.98, 4.84, 5.26, 5.57, 3.57, 10.01, 11.55, 2.36, 3.16, 1.21, 1.82, 6.02, 12.6, 2.35, 2.32, 1.74, 7.78, 8.55, 3.0, 11.32, 5.17, 6.01, 0.5, 2.7, 2.48, 2.15, 4.97, 3.97, 0.64, 15.24, 5.35, 2.04, 4.0, 0.35, 4.58, 2.06, 3.44, 1.93, 8.19, 4.83, 7.93, 3.71, 2.75, 10.84, 5.95, 1.44, 10.43, 1.44, 0.73, 5.81, 3.09, 1.64, 3.74, 3.24, 0.0, 8.84, 0.77, 2.14, 5.38, 2.65, 2.46, 1.19, 6.15, 2.09, 1.98, 11.25, 3.88, 14.37, 2.02, 9.48, 1.98, 8.86, 2.6, 3.17, 10.58, 8.56, 10.5, 6.12, 8.57, 3.42, 7.91, 1.98, 3.48, 0.87, 0.96, 1.44, 5.81, 5.9, 5.31, 4.32, 0.78, 7.48, 5.3, 3.16, 6.28, 1.25, 8.84, 6.3, 3.32], [0.99, 15.09, 0.32, 7.09, 14.08, 5.45, 12.97, 6.4, 18.55, 7.03, 6.97, 13.82, 1.26, 20.19, 5.54, 2.45, 3.47, 1.36, 0.0, 10.27, 9.5, 6.95, 9.29, 9.28, 0.0, 2.03, 4.39, 1.36, 6.81, 10.73, 2.72, 6.1, 2.92, 14.12, 2.7, 7.57, 11.04, 5.96, 12.12, 6.88, 3.37, 2.51, 5.18, 2.49, 1.51, 0.51, 2.17, 3.36, 8.87, 2.21, 5.25, 6.17, 0.84, 0.71, 10.04, 1.6, 0.0, 9.1, 2.68, 1.93, 0.81, 5.31, 5.59, 7.67, 8.57, 4.4, 8.86, 7.54, 11.64, 9.5, 3.19, 12.24, 5.91, 6.67, 4.44, 4.69, 6.47, 6.32, 5.19, 7.59, 12.58, 4.15, 2.85, 1.39, 7.23, 7.13, 13.24, 13.0, 3.79, 8.56, 2.57, 1.75, 2.07, 8.61, 9.26, 11.49, 9.91, 5.23, 3.21, 2.93], [3.18, 3.14, 2.22, 10.49, 9.11, 3.48, 12.39, 1.7, 6.34, 1.14, 0.79, 1.85, 3.78, 11.38, 3.69, 3.06, 2.43, 4.1, 8.27, 3.85, 5.22, 5.2, 1.69, 2.0, 1.35, 2.66, 2.75, 9.82, 3.42, 4.97, 6.8, 2.69, 4.34, 2.97, 3.75, 1.0, 6.43, 2.2, 2.13, 5.03, 1.84, 3.87, 3.67, 3.0, 3.37, 9.74, 5.03, 7.06, 0.35, 9.37, 1.33, 8.91, 4.19, 11.59, 2.38, 2.56, 11.91, 0.0, 1.05, 8.04, 4.54, 4.0, 0.69, 5.02, 2.34, 1.1, 5.96, 5.26, 4.56, 2.21, 9.11, 3.29, 9.15, 1.94, 0.81, 7.09, 5.48, 1.23, 1.2, 3.22, 0.38, 3.83, 6.23, 4.14, 1.31, 1.43, 1.37, 4.6, 5.77, 4.85, 4.15, 0.98, 5.4, 11.36, 1.72, 4.86, 1.68, 2.26, 6.15, 5.96], [3.37, 8.78, 1.94, 6.33, 1.72, 6.95, 3.33, 9.28, 9.67, 1.63, 0.83, 1.02, 1.24, 7.93, 5.04, 2.93, 1.52, 9.38, 7.46, 1.8, 6.34, 6.62, 6.15, 4.21, 2.13, 3.69, 4.34, 4.29, 0.9, 1.71, 3.65, 7.1, 2.9, 4.91, 2.74, 0.58, 6.59, 6.0, 0.55, 4.12, 3.33, 3.81, 2.72, 8.57, 6.1, 6.38, 2.92, 2.7, 1.66, 5.19, 3.14, 4.46, 2.51, 6.0, 5.44, 3.23, 1.98, 1.7, 0.0, 8.12, 2.67, 2.18, 0.16, 4.78, 1.08, 0.74, 4.03, 1.66, 2.5, 7.61, 9.34, 1.65, 4.28, 2.29, 0.98, 4.4, 5.3, 6.81, 1.53, 5.37, 2.56, 3.96, 3.43, 4.68, 2.56, 3.14, 2.51, 8.18, 5.45, 1.28, 6.04, 1.17, 4.81, 7.55, 1.56, 5.82, 1.29, 5.59, 1.45, 3.8], [0.97, 5.4, 2.49, 7.16, 12.73, 2.74, 14.37, 2.89, 9.19, 7.91, 1.98, 11.78, 1.92, 4.5, 3.83, 1.61, 5.02, 3.21, 1.64, 4.88, 3.73, 13.88, 9.34, 8.39, 1.76, 4.39, 4.06, 0.0, 6.17, 8.29, 11.47, 12.53, 5.82, 7.56, 7.49, 6.16, 9.9, 8.97, 2.59, 8.91, 0.86, 7.97, 8.92, 15.93, 11.13, 2.23, 2.97, 5.84, 6.67, 3.36, 7.77, 2.03, 2.14, 2.09, 2.37, 6.12, 1.09, 3.1, 6.36, 0.0, 3.24, 5.79, 5.49, 12.24, 9.26, 5.55, 9.69, 2.59, 2.02, 2.76, 5.35, 2.44, 14.27, 1.97, 0.64, 5.12, 4.69, 3.52, 10.43, 4.09, 12.93, 10.51, 2.14, 5.16, 0.62, 4.09, 4.84, 6.96, 4.57, 9.21, 1.85, 6.35, 6.28, 7.43, 10.45, 2.6, 6.94, 1.72, 2.6, 1.03], [4.46, 6.44, 3.67, 2.25, 11.19, 12.07, 11.76, 2.06, 13.39, 4.04, 1.43, 7.68, 2.66, 13.98, 5.03, 1.31, 2.41, 2.02, 2.36, 7.87, 10.11, 1.73, 8.0, 4.45, 1.7, 3.87, 4.9, 2.07, 9.43, 6.55, 13.51, 2.46, 5.51, 3.02, 6.26, 1.83, 9.25, 5.54, 2.23, 3.39, 0.74, 5.72, 1.31, 3.09, 8.63, 0.53, 2.02, 6.02, 9.52, 8.58, 10.47, 4.57, 4.19, 1.09, 10.33, 4.53, 0.65, 8.85, 7.31, 3.48, 0.0, 1.61, 3.0, 10.6, 4.28, 5.92, 2.83, 3.04, 4.09, 10.19, 2.87, 13.71, 1.88, 9.58, 1.53, 11.69, 8.93, 6.49, 11.91, 8.69, 2.24, 8.31, 3.42, 5.73, 2.46, 11.95, 9.51, 5.47, 11.2, 2.33, 2.69, 2.07, 0.64, 2.25, 2.07, 4.34, 7.01, 2.1, 2.21, 0.5], [7.06, 16.71, 1.51, 0.57, 0.71, 3.99, 3.98, 4.65, 13.7, 5.61, 8.28, 4.76, 7.39, 7.95, 2.33, 1.52, 7.74, 10.45, 7.33, 2.5, 4.47, 3.17, 8.28, 2.47, 2.73, 7.58, 6.01, 4.96, 1.35, 3.81, 16.21, 8.47, 13.3, 13.51, 0.48, 3.93, 1.92, 0.81, 5.66, 5.2, 10.24, 1.39, 4.1, 11.08, 8.84, 11.02, 2.07, 4.15, 4.28, 1.23, 1.04, 1.27, 7.03, 12.07, 0.69, 3.52, 10.93, 4.82, 5.69, 2.79, 5.57, 0.0, 2.85, 4.38, 13.03, 0.63, 5.6, 4.22, 4.94, 4.3, 4.31, 8.21, 16.17, 1.44, 6.55, 6.93, 14.42, 8.52, 8.03, 12.64, 9.85, 17.16, 6.3, 3.33, 1.42, 3.72, 10.12, 16.94, 1.75, 3.55, 13.61, 1.03, 7.71, 0.78, 4.69, 0.44, 8.52, 1.41, 8.87, 13.54], [6.48, 8.22, 7.15, 1.71, 7.88, 4.66, 13.05, 7.64, 6.27, 0.74, 0.95, 1.07, 1.18, 5.2, 0.81, 3.5, 2.06, 2.97, 2.68, 3.2, 3.66, 2.94, 1.55, 3.12, 3.61, 4.76, 1.42, 4.77, 0.79, 1.63, 4.05, 3.79, 3.58, 2.3, 1.87, 1.07, 4.58, 6.47, 2.45, 4.38, 6.78, 2.51, 5.4, 5.11, 7.8, 9.47, 3.3, 1.45, 3.04, 5.19, 1.69, 3.33, 3.17, 2.52, 4.08, 2.34, 9.89, 0.91, 0.36, 3.28, 8.27, 1.96, 0.0, 2.25, 5.87, 0.46, 6.05, 1.25, 11.53, 1.94, 2.95, 4.25, 1.24, 2.07, 4.21, 7.77, 2.49, 9.23, 2.14, 2.84, 0.57, 9.0, 5.18, 7.92, 5.24, 4.08, 2.64, 6.79, 6.25, 3.22, 3.43, 0.81, 6.14, 5.35, 1.84, 7.43, 3.13, 5.18, 6.5, 5.74], [3.79, 7.45, 13.49, 6.14, 3.52, 1.37, 15.45, 11.35, 3.74, 3.45, 4.41, 2.36, 4.27, 2.79, 0.3, 6.49, 5.46, 12.83, 12.14, 1.01, 15.74, 6.81, 14.94, 0.88, 3.68, 4.28, 7.4, 5.93, 1.54, 4.0, 9.5, 5.98, 5.17, 8.12, 3.36, 4.1, 4.47, 0.85, 0.35, 7.2, 14.36, 0.93, 1.65, 5.7, 6.99, 5.08, 7.4, 9.74, 2.28, 8.67, 0.57, 1.52, 4.69, 9.35, 1.71, 6.11, 13.08, 2.31, 4.69, 10.75, 13.49, 6.26, 4.79, 0.0, 5.02, 3.88, 8.31, 2.39, 8.11, 0.93, 12.68, 2.41, 7.85, 4.3, 9.09, 5.38, 4.24, 8.87, 0.58, 6.78, 0.94, 5.82, 6.47, 3.44, 6.62, 0.71, 3.01, 2.2, 3.41, 1.06, 7.38, 0.95, 3.97, 5.08, 3.96, 10.51, 4.13, 1.84, 6.26, 17.45], [16.25, 3.74, 9.05, 12.19, 3.82, 4.05, 2.19, 13.53, 3.04, 5.15, 6.31, 5.41, 7.15, 10.08, 3.47, 12.41, 5.27, 11.68, 4.82, 4.45, 6.96, 3.59, 4.01, 5.44, 10.16, 9.74, 3.07, 11.61, 1.79, 0.94, 1.92, 0.58, 2.1, 1.51, 3.22, 4.45, 7.07, 2.1, 1.43, 2.51, 11.79, 6.08, 3.51, 2.5, 9.75, 8.85, 4.58, 3.59, 1.69, 9.94, 3.95, 10.53, 11.2, 10.21, 6.85, 7.98, 9.9, 2.03, 2.95, 13.31, 2.09, 3.2, 3.6, 2.62, 0.0, 3.83, 8.74, 2.42, 9.67, 6.61, 4.69, 1.61, 2.01, 7.66, 2.65, 2.49, 0.4, 3.18, 1.56, 3.43, 3.21, 8.16, 11.56, 8.2, 12.25, 1.67, 1.62, 3.19, 6.24, 8.38, 2.74, 5.71, 2.09, 15.02, 1.86, 7.92, 2.19, 10.18, 9.33, 8.48], [3.94, 7.21, 6.28, 3.56, 2.29, 5.56, 13.92, 7.73, 6.44, 2.15, 2.92, 2.65, 6.7, 2.98, 3.62, 1.89, 1.18, 10.8, 2.19, 3.04, 13.94, 4.14, 1.53, 2.34, 1.77, 3.64, 0.58, 3.84, 0.87, 0.33, 3.82, 4.91, 5.68, 2.58, 0.86, 0.71, 2.08, 6.75, 2.75, 3.06, 7.48, 3.47, 3.03, 6.28, 5.88, 4.05, 2.75, 10.8, 0.7, 4.71, 1.24, 6.16, 3.62, 4.45, 1.07, 1.65, 2.84, 1.44, 2.05, 8.46, 4.26, 2.69, 0.61, 1.24, 1.92, 0.0, 3.42, 6.03, 4.13, 6.36, 1.75, 3.22, 9.21, 7.41, 0.72, 3.22, 2.58, 4.61, 1.36, 8.3, 3.2, 6.45, 5.19, 4.95, 3.14, 2.04, 6.23, 3.93, 3.45, 4.67, 8.04, 1.14, 5.94, 7.95, 8.28, 7.27, 5.26, 3.95, 1.35, 6.52], [6.47, 2.47, 10.94, 2.37, 8.84, 14.51, 1.13, 6.15, 11.25, 1.29, 3.05, 7.44, 6.19, 3.06, 3.99, 3.75, 3.12, 1.58, 2.99, 8.37, 2.97, 4.4, 2.44, 12.66, 6.0, 6.4, 5.51, 7.52, 6.49, 12.04, 2.05, 5.74, 0.91, 1.71, 9.66, 1.16, 3.15, 9.27, 9.93, 1.67, 4.96, 5.37, 4.22, 6.03, 0.97, 11.1, 6.55, 0.38, 8.65, 2.65, 7.54, 5.06, 3.77, 5.72, 7.22, 1.6, 2.67, 1.0, 2.55, 2.83, 8.91, 16.29, 3.0, 3.39, 4.81, 8.85, 0.0, 2.44, 1.1, 10.81, 6.69, 2.61, 1.37, 5.01, 4.82, 12.73, 3.12, 2.07, 1.1, 2.98, 9.42, 1.47, 1.67, 2.61, 2.31, 11.65, 6.66, 0.76, 12.81, 7.87, 0.84, 8.01, 1.18, 17.17, 1.16, 2.13, 3.1, 4.91, 4.22, 5.39], [6.28, 2.21, 2.58, 10.07, 14.27, 11.17, 2.98, 2.36, 11.87, 1.46, 2.82, 2.27, 0.65, 4.25, 9.38, 5.29, 0.55, 4.19, 3.77, 1.24, 2.48, 9.84, 2.24, 4.92, 7.88, 2.63, 4.15, 6.87, 3.36, 4.16, 8.01, 8.28, 0.45, 1.11, 6.69, 1.17, 10.78, 4.05, 4.01, 1.12, 2.14, 5.26, 0.73, 8.52, 1.44, 6.23, 2.41, 0.7, 3.61, 3.86, 4.63, 2.38, 0.61, 2.92, 10.56, 6.35, 5.63, 5.37, 1.78, 1.79, 4.54, 8.94, 5.91, 9.06, 3.54, 1.43, 1.07, 0.0, 4.28, 9.56, 1.51, 7.52, 4.79, 4.79, 0.7, 10.49, 1.51, 3.32, 5.18, 1.69, 7.14, 6.19, 4.42, 7.01, 3.22, 2.96, 5.01, 1.63, 12.21, 6.81, 2.84, 3.79, 0.7, 11.91, 1.92, 3.6, 3.41, 0.64, 0.74, 3.24], [7.38, 0.66, 10.49, 11.89, 14.29, 3.61, 2.67, 6.8, 2.38, 6.56, 7.59, 3.59, 5.74, 5.67, 1.62, 13.12, 8.87, 0.49, 7.74, 9.42, 1.42, 7.18, 0.87, 8.76, 8.15, 5.55, 3.7, 6.62, 2.55, 12.81, 6.54, 11.24, 0.79, 5.88, 7.72, 5.21, 13.29, 18.57, 4.4, 2.44, 5.07, 8.39, 2.97, 3.32, 1.88, 7.29, 13.63, 2.54, 7.03, 12.23, 2.41, 11.88, 8.55, 5.03, 6.67, 2.49, 11.87, 1.35, 5.77, 5.52, 4.76, 8.63, 2.58, 4.17, 4.84, 9.25, 2.46, 6.9, 0.0, 5.32, 1.76, 3.16, 4.25, 17.52, 7.14, 8.04, 11.28, 3.23, 3.52, 3.38, 8.27, 1.63, 12.42, 4.04, 6.02, 13.78, 8.77, 3.5, 18.48, 17.55, 1.18, 4.78, 3.63, 4.11, 0.54, 16.5, 4.68, 6.77, 3.76, 3.2], [8.47, 13.0, 12.04, 8.23, 2.63, 0.31, 13.99, 5.57, 4.47, 4.05, 6.62, 0.91, 13.24, 6.56, 2.4, 12.07, 6.57, 2.58, 9.25, 0.75, 17.77, 8.31, 13.09, 7.67, 10.56, 4.48, 7.18, 8.18, 2.22, 3.65, 11.7, 0.95, 8.56, 5.35, 2.66, 3.57, 10.02, 2.74, 2.68, 6.86, 2.89, 1.7, 12.74, 5.85, 6.47, 8.31, 6.19, 12.61, 1.01, 1.6, 3.46, 5.58, 9.05, 8.63, 2.99, 1.89, 11.72, 1.19, 2.04, 9.44, 6.98, 1.43, 2.39, 1.09, 4.61, 6.01, 3.31, 8.74, 10.32, 0.0, 4.63, 4.23, 7.71, 5.13, 6.92, 1.44, 1.94, 2.13, 2.02, 8.59, 4.1, 6.15, 6.4, 1.87, 9.18, 1.71, 6.39, 2.29, 2.51, 0.78, 1.88, 5.03, 6.7, 2.31, 8.88, 1.62, 6.03, 6.67, 5.19, 13.59], [4.44, 6.84, 2.33, 11.35, 4.37, 6.98, 4.84, 0.19, 3.32, 6.71, 7.4, 12.63, 0.7, 5.57, 12.48, 4.52, 6.86, 3.04, 5.93, 5.9, 1.94, 11.26, 4.0, 9.87, 1.1, 4.2, 4.55, 2.78, 2.14, 5.01, 2.32, 7.71, 1.52, 5.98, 7.73, 4.07, 16.14, 5.8, 5.25, 3.62, 0.97, 11.6, 4.96, 7.84, 3.03, 2.81, 4.34, 2.05, 9.39, 12.48, 6.8, 12.27, 5.88, 2.89, 5.1, 5.45, 3.59, 9.58, 9.37, 5.8, 2.69, 9.28, 10.12, 15.21, 2.83, 5.94, 2.78, 3.21, 5.53, 14.25, 0.0, 2.6, 8.42, 13.12, 4.41, 6.99, 12.81, 0.65, 7.91, 3.84, 5.08, 3.56, 6.04, 3.81, 3.31, 7.5, 6.0, 6.0, 15.14, 5.67, 4.04, 9.13, 1.41, 1.83, 5.32, 16.22, 7.08, 2.11, 1.0, 4.47], [12.81, 3.87, 3.15, 2.68, 13.07, 2.3, 9.04, 13.58, 3.76, 1.93, 3.94, 2.85, 1.65, 3.92, 1.36, 10.75, 6.6, 4.93, 5.05, 4.29, 9.15, 3.08, 7.33, 2.89, 2.63, 4.74, 8.46, 1.97, 4.19, 2.19, 1.97, 1.68, 4.26, 4.09, 1.49, 4.31, 10.28, 7.03, 3.43, 3.96, 8.28, 1.77, 6.17, 2.57, 3.56, 8.72, 8.27, 9.86, 0.63, 12.53, 0.25, 3.21, 5.79, 9.7, 1.0, 1.49, 16.01, 3.49, 4.14, 13.27, 6.89, 8.95, 1.23, 3.49, 1.43, 3.39, 6.87, 6.83, 9.05, 4.28, 2.4, 0.0, 1.51, 2.97, 2.65, 1.93, 1.7, 1.5, 1.92, 1.79, 1.21, 10.93, 4.55, 8.92, 9.12, 1.82, 2.4, 7.88, 2.44, 5.98, 5.4, 6.36, 4.18, 12.11, 8.68, 10.44, 1.62, 3.27, 5.92, 7.9], [14.5, 1.74, 14.57, 2.17, 19.36, 3.6, 3.82, 3.87, 5.8, 1.34, 6.23, 3.18, 10.97, 1.96, 5.01, 15.42, 8.87, 1.48, 16.58, 7.24, 1.36, 4.81, 5.17, 12.9, 3.2, 4.63, 6.22, 5.05, 10.58, 10.86, 3.06, 3.93, 5.33, 1.44, 5.1, 3.74, 13.07, 8.28, 9.61, 1.33, 8.92, 10.53, 4.1, 5.19, 2.29, 4.93, 9.73, 1.96, 2.13, 12.65, 4.87, 6.0, 8.85, 11.41, 11.26, 13.76, 10.72, 7.07, 8.05, 5.89, 6.25, 8.91, 8.36, 9.18, 3.24, 2.38, 1.96, 2.4, 1.06, 6.03, 4.74, 2.66, 0.0, 5.07, 8.29, 8.78, 4.02, 2.68, 5.71, 2.27, 2.6, 2.11, 11.52, 13.13, 4.47, 4.28, 2.09, 0.49, 9.85, 10.06, 2.42, 6.49, 3.13, 4.87, 1.66, 17.62, 7.27, 2.63, 2.59, 8.93], [3.19, 13.63, 2.09, 0.0, 2.53, 3.52, 17.05, 6.28, 6.71, 4.82, 8.88, 7.86, 6.9, 13.49, 4.93, 1.93, 1.8, 10.12, 10.22, 7.4, 16.89, 2.77, 19.71, 2.61, 6.18, 7.91, 6.72, 5.57, 5.71, 2.47, 5.04, 7.52, 10.33, 12.48, 4.36, 9.99, 0.0, 6.7, 9.95, 12.24, 10.97, 6.53, 3.55, 13.29, 13.04, 1.44, 2.51, 14.71, 8.55, 0.5, 10.18, 0.3, 1.3, 10.54, 1.41, 2.3, 10.37, 6.87, 1.55, 5.29, 1.99, 0.34, 2.04, 7.34, 14.11, 4.62, 14.95, 9.13, 12.19, 5.5, 10.0, 9.59, 9.35, 0.0, 9.0, 3.17, 10.97, 6.79, 4.67, 1.95, 2.32, 14.9, 5.38, 1.47, 0.48, 4.66, 9.26, 17.73, 3.56, 3.25, 2.86, 3.6, 12.23, 0.93, 14.63, 1.39, 4.23, 4.18, 10.72, 12.7], [4.23, 7.47, 4.95, 2.24, 9.2, 8.45, 9.71, 3.1, 7.28, 3.94, 1.3, 5.79, 0.47, 14.34, 9.12, 2.82, 1.8, 7.53, 5.66, 5.48, 3.49, 12.59, 1.16, 0.7, 0.78, 0.0, 1.39, 1.61, 6.7, 2.34, 5.31, 9.36, 5.46, 3.81, 5.54, 3.01, 5.58, 9.28, 8.6, 4.13, 4.09, 5.58, 2.72, 11.0, 3.14, 1.84, 1.07, 7.03, 2.9, 3.3, 2.98, 7.3, 0.44, 2.16, 9.35, 1.08, 0.84, 4.43, 1.38, 1.7, 4.76, 4.37, 3.95, 6.93, 3.14, 2.14, 2.96, 2.65, 3.03, 7.21, 5.06, 8.04, 9.0, 6.54, 0.0, 5.02, 10.57, 6.78, 2.54, 3.17, 5.03, 6.4, 1.23, 4.44, 2.28, 5.63, 5.83, 2.24, 10.08, 1.06, 7.24, 0.99, 1.8, 2.08, 1.65, 8.51, 7.67, 2.32, 2.7, 5.82], [4.09, 5.31, 8.68, 2.9, 12.57, 5.6, 4.11, 12.02, 0.43, 10.04, 2.54, 3.32, 5.83, 4.07, 3.8, 3.39, 3.91, 11.39, 16.04, 5.25, 6.97, 6.52, 16.74, 3.56, 20.16, 13.14, 6.66, 12.59, 5.81, 4.59, 9.61, 2.12, 3.02, 3.92, 1.45, 5.55, 14.56, 8.82, 1.16, 9.93, 14.04, 3.89, 3.86, 3.12, 13.26, 9.93, 10.37, 11.98, 1.03, 11.32, 3.72, 10.37, 13.32, 6.42, 4.97, 10.15, 15.48, 3.36, 1.54, 9.72, 12.08, 1.75, 3.09, 2.93, 4.43, 7.15, 9.06, 10.36, 16.23, 4.91, 5.57, 2.28, 6.19, 15.75, 10.64, 0.0, 1.51, 6.62, 5.05, 8.37, 0.76, 10.26, 7.88, 14.55, 10.24, 7.84, 3.18, 3.89, 5.84, 4.61, 9.85, 9.22, 4.31, 11.37, 9.87, 3.57, 6.22, 13.86, 16.24, 8.69], [15.61, 11.46, 11.38, 4.07, 12.19, 7.95, 4.45, 12.34, 4.03, 7.43, 2.67, 1.38, 8.6, 10.15, 4.21, 1.77, 7.99, 1.85, 18.31, 2.61, 8.45, 4.97, 1.42, 7.72, 8.98, 3.75, 6.97, 5.98, 4.39, 6.68, 3.63, 0.0, 7.33, 3.49, 7.86, 7.05, 9.11, 4.35, 1.0, 4.54, 11.13, 1.84, 8.01, 2.42, 5.63, 13.26, 11.59, 3.18, 0.84, 3.83, 4.21, 1.98, 12.31, 16.06, 9.06, 7.16, 8.92, 3.54, 6.04, 14.5, 7.38, 10.66, 7.68, 0.71, 0.65, 2.42, 6.16, 9.73, 4.3, 7.49, 5.55, 2.11, 1.49, 6.82, 1.86, 1.32, 0.0, 2.17, 2.49, 5.55, 3.4, 11.21, 7.42, 10.25, 2.42, 6.09, 1.19, 6.32, 13.55, 8.96, 5.42, 9.47, 8.13, 2.91, 8.62, 14.74, 0.94, 4.96, 8.88, 13.78], [11.76, 0.69, 3.8, 2.94, 10.59, 8.51, 3.4, 5.15, 2.81, 3.13, 6.06, 11.62, 2.44, 2.16, 10.93, 7.06, 5.19, 1.75, 9.99, 2.77, 5.25, 5.31, 2.6, 1.92, 6.31, 4.19, 5.24, 9.22, 8.59, 5.77, 2.74, 5.54, 1.02, 1.45, 11.25, 5.26, 11.7, 10.99, 4.2, 2.27, 3.79, 7.65, 0.55, 8.03, 1.26, 4.68, 6.2, 1.73, 9.19, 15.83, 5.45, 11.68, 7.4, 5.29, 11.17, 6.55, 2.76, 6.88, 1.27, 6.91, 6.19, 4.18, 9.07, 6.46, 7.25, 9.93, 2.48, 3.9, 3.51, 11.38, 3.86, 4.06, 3.69, 11.08, 5.85, 12.55, 2.92, 0.0, 3.98, 2.37, 9.36, 0.8, 1.79, 7.91, 4.84, 2.34, 3.48, 1.06, 13.28, 2.49, 2.02, 7.14, 1.96, 16.51, 2.55, 14.65, 6.52, 0.98, 2.88, 9.04], [7.83, 3.28, 12.86, 9.2, 4.96, 4.18, 6.06, 6.04, 3.36, 2.78, 1.94, 3.13, 3.36, 8.02, 0.46, 4.1, 5.64, 4.26, 13.13, 3.59, 7.27, 1.06, 6.18, 6.12, 2.05, 3.58, 5.76, 12.41, 1.0, 4.77, 1.2, 2.76, 5.43, 3.1, 7.93, 2.66, 13.62, 4.5, 4.92, 3.43, 1.94, 1.31, 6.26, 0.76, 6.28, 6.93, 2.79, 4.77, 0.26, 8.17, 0.69, 7.02, 2.35, 4.91, 2.2, 3.14, 14.05, 0.88, 1.21, 8.7, 8.74, 9.01, 3.67, 3.39, 1.3, 5.05, 3.35, 6.82, 1.21, 6.55, 10.23, 0.49, 6.55, 10.41, 6.63, 2.36, 1.38, 2.39, 0.0, 3.62, 0.92, 2.96, 4.32, 12.21, 4.67, 2.32, 0.11, 5.34, 8.49, 2.69, 0.97, 6.01, 6.83, 9.08, 9.59, 8.66, 0.0, 1.45, 2.7, 14.22], [3.8, 0.74, 3.08, 11.47, 9.46, 2.96, 5.44, 6.29, 5.89, 0.91, 4.72, 6.47, 3.66, 1.25, 5.86, 5.85, 3.29, 5.38, 12.47, 4.27, 6.08, 4.73, 2.13, 3.93, 9.69, 6.38, 4.79, 3.18, 9.06, 8.74, 6.61, 4.45, 0.33, 1.33, 8.06, 3.7, 11.52, 12.97, 8.02, 0.71, 4.06, 8.32, 2.03, 7.73, 2.58, 5.94, 7.18, 2.17, 4.45, 5.31, 6.73, 2.1, 3.7, 5.83, 5.05, 8.12, 8.65, 0.81, 4.12, 6.75, 5.26, 8.02, 5.51, 4.63, 1.77, 4.11, 0.57, 2.06, 3.16, 8.64, 1.92, 3.14, 2.96, 12.94, 7.11, 9.12, 2.82, 0.61, 2.44, 0.0, 6.56, 0.76, 8.31, 10.31, 10.13, 7.25, 1.54, 1.06, 8.29, 8.94, 0.23, 6.42, 3.43, 14.72, 2.61, 14.43, 4.12, 1.38, 0.96, 2.73], [2.59, 13.03, 11.8, 2.28, 4.1, 0.95, 11.07, 9.75, 5.98, 2.68, 4.56, 0.94, 9.56, 1.53, 0.78, 11.45, 7.2, 7.08, 10.58, 0.63, 4.37, 7.98, 3.07, 5.51, 14.37, 4.72, 4.7, 10.89, 2.24, 4.74, 4.58, 1.61, 8.03, 6.06, 3.06, 2.21, 4.08, 5.63, 1.08, 2.55, 11.13, 0.92, 5.72, 5.67, 6.33, 12.29, 5.49, 1.21, 0.71, 10.5, 0.54, 6.03, 5.98, 6.41, 3.66, 6.22, 7.25, 2.71, 4.6, 11.15, 3.03, 9.0, 3.39, 1.51, 3.4, 4.17, 1.31, 7.15, 1.64, 2.96, 4.8, 0.86, 10.18, 4.42, 5.02, 3.62, 2.73, 4.7, 2.23, 2.99, 0.0, 4.24, 3.56, 10.17, 8.48, 1.68, 2.71, 3.33, 7.62, 1.55, 1.66, 4.97, 6.48, 2.96, 5.9, 12.9, 1.45, 10.96, 3.17, 6.71], [12.56, 0.93, 8.61, 11.68, 18.98, 14.08, 0.92, 1.05, 2.81, 7.34, 8.72, 13.24, 6.2, 3.63, 12.15, 1.87, 6.05, 0.95, 5.67, 3.9, 1.7, 6.6, 0.34, 2.16, 3.55, 5.48, 5.07, 5.24, 4.17, 12.43, 7.87, 5.15, 1.51, 5.15, 8.44, 10.07, 12.85, 3.1, 14.51, 4.74, 3.6, 15.66, 4.41, 1.57, 1.35, 6.5, 11.81, 3.1, 9.18, 10.35, 1.49, 9.63, 6.81, 1.55, 14.48, 1.99, 5.43, 5.11, 5.77, 5.85, 2.41, 10.76, 10.66, 3.17, 3.86, 12.37, 2.09, 1.37, 0.78, 2.81, 3.27, 9.75, 0.98, 12.86, 3.45, 11.74, 5.85, 0.98, 1.45, 5.32, 7.43, 0.0, 1.23, 11.36, 8.13, 4.62, 8.61, 2.32, 4.54, 8.15, 4.54, 1.76, 4.04, 18.84, 1.96, 14.87, 3.11, 1.82, 5.85, 8.18], [2.57, 9.2, 3.33, 3.48, 5.09, 10.73, 12.97, 1.77, 8.1, 2.13, 4.63, 2.59, 2.58, 8.9, 7.35, 1.96, 2.05, 6.63, 4.24, 5.72, 11.02, 13.97, 7.25, 2.47, 3.04, 0.46, 0.86, 3.22, 1.84, 5.26, 11.16, 2.29, 3.85, 9.15, 5.58, 3.05, 2.81, 7.48, 3.64, 3.83, 8.03, 3.14, 1.18, 12.14, 3.54, 0.84, 0.47, 8.47, 6.59, 6.94, 3.66, 1.72, 0.86, 4.94, 6.13, 0.98, 5.34, 5.6, 2.33, 1.88, 0.63, 4.35, 5.11, 2.17, 10.66, 2.15, 4.62, 3.58, 9.58, 11.34, 6.53, 5.9, 5.83, 7.16, 2.07, 10.72, 7.36, 3.42, 7.58, 8.68, 8.71, 1.67, 0.0, 2.3, 2.58, 1.21, 6.97, 3.44, 1.31, 5.66, 3.25, 2.23, 2.2, 8.5, 1.47, 6.67, 2.87, 1.57, 4.3, 5.36], [3.0, 11.36, 6.31, 2.65, 2.61, 3.17, 16.73, 11.02, 6.68, 8.9, 7.46, 7.59, 0.97, 10.08, 5.81, 2.26, 3.95, 9.81, 7.12, 6.79, 18.65, 5.87, 9.16, 2.25, 2.83, 1.96, 4.24, 6.78, 1.07, 2.14, 17.17, 13.15, 6.56, 6.37, 1.01, 1.01, 2.56, 7.81, 9.4, 13.63, 12.6, 11.39, 2.26, 3.28, 5.31, 6.22, 2.76, 7.05, 11.02, 3.93, 10.36, 1.51, 4.79, 2.35, 7.97, 2.45, 3.95, 4.65, 3.08, 3.36, 2.13, 0.48, 5.42, 9.81, 8.59, 2.28, 11.51, 9.13, 17.79, 9.05, 13.18, 10.87, 10.37, 2.39, 4.42, 10.78, 12.62, 5.46, 11.04, 8.77, 8.31, 4.22, 2.05, 0.0, 0.93, 7.13, 1.44, 3.62, 2.63, 8.92, 3.35, 2.36, 6.33, 1.36, 7.7, 1.4, 8.91, 9.81, 5.17, 5.32], [1.89, 3.64, 8.06, 0.6, 6.64, 7.06, 12.11, 8.25, 6.67, 4.41, 1.52, 4.78, 4.29, 3.62, 7.29, 1.59, 4.1, 9.54, 4.87, 4.2, 8.46, 15.35, 9.14, 1.98, 5.94, 4.52, 0.94, 4.7, 7.03, 3.33, 7.25, 10.13, 7.63, 13.42, 3.38, 4.83, 0.97, 2.66, 7.85, 9.29, 5.95, 11.44, 5.16, 16.94, 5.0, 3.78, 1.4, 12.02, 8.63, 1.18, 2.94, 2.78, 1.57, 6.12, 7.5, 1.52, 3.7, 7.04, 3.14, 2.17, 0.95, 3.54, 2.35, 5.04, 5.77, 2.37, 6.34, 6.11, 10.33, 10.58, 1.24, 10.08, 9.51, 2.92, 1.81, 1.76, 2.17, 3.7, 4.86, 4.68, 1.59, 14.05, 2.98, 1.78, 0.0, 7.83, 6.63, 12.6, 0.77, 6.99, 6.65, 3.58, 1.27, 2.34, 13.01, 5.25, 3.02, 9.42, 8.37, 1.38], [3.09, 14.66, 6.12, 2.35, 3.82, 2.1, 5.25, 6.02, 2.67, 5.05, 6.81, 0.77, 7.02, 8.93, 2.58, 6.55, 1.22, 12.07, 14.71, 0.74, 2.24, 6.37, 15.98, 3.89, 4.76, 4.27, 4.59, 12.25, 0.97, 2.74, 3.67, 3.76, 3.25, 2.59, 0.42, 2.93, 7.89, 2.99, 0.28, 3.82, 9.71, 4.17, 2.88, 4.85, 8.37, 2.43, 5.85, 4.04, 4.85, 5.11, 2.29, 7.01, 7.88, 9.37, 0.73, 1.87, 2.2, 4.84, 4.05, 4.18, 10.04, 4.02, 1.73, 1.3, 7.0, 2.79, 12.39, 9.92, 9.19, 0.76, 6.21, 3.05, 9.92, 6.08, 1.93, 2.18, 6.28, 10.77, 2.9, 5.38, 1.48, 4.25, 6.39, 4.12, 1.24, 0.0, 1.97, 9.38, 6.44, 1.79, 10.08, 1.96, 3.3, 1.11, 5.16, 3.01, 4.77, 2.55, 6.9, 3.11], [4.16, 5.3, 13.93, 10.8, 6.24, 5.78, 1.12, 9.8, 2.85, 2.96, 2.37, 3.72, 8.53, 6.51, 2.78, 7.71, 1.31, 9.97, 12.72, 7.88, 9.35, 0.99, 7.37, 6.38, 2.11, 1.4, 1.91, 1.69, 1.67, 5.6, 3.85, 3.15, 1.65, 1.02, 5.74, 0.45, 3.57, 2.1, 1.71, 1.87, 7.14, 4.72, 2.02, 3.31, 3.3, 1.68, 3.55, 4.64, 1.18, 2.5, 0.8, 10.37, 2.96, 6.97, 5.53, 4.32, 11.61, 1.81, 3.73, 8.2, 8.48, 2.37, 4.7, 3.94, 1.7, 3.18, 1.75, 3.64, 5.86, 1.83, 5.64, 2.26, 1.25, 5.85, 4.85, 5.37, 1.47, 2.93, 0.79, 1.81, 1.94, 8.13, 1.22, 6.29, 10.3, 6.42, 0.0, 1.89, 11.09, 1.56, 1.79, 6.33, 4.43, 11.42, 2.22, 6.77, 0.92, 0.96, 2.03, 6.77], [9.85, 1.06, 2.9, 13.2, 8.23, 5.1, 2.31, 8.82, 12.88, 0.95, 4.36, 12.32, 6.59, 2.34, 4.19, 9.33, 2.78, 1.41, 6.77, 10.77, 2.88, 5.19, 2.12, 10.51, 14.29, 1.91, 10.53, 10.35, 2.76, 10.7, 3.07, 7.48, 3.8, 1.73, 8.47, 6.4, 10.11, 14.55, 12.18, 1.12, 4.32, 14.2, 2.13, 1.53, 0.23, 8.1, 11.2, 1.69, 4.8, 6.74, 8.78, 13.93, 4.82, 12.16, 4.69, 6.27, 13.29, 4.87, 4.58, 10.99, 5.38, 6.05, 8.09, 6.28, 8.11, 9.0, 0.71, 6.53, 2.01, 3.95, 6.9, 7.69, 1.07, 13.91, 7.48, 11.84, 2.99, 2.12, 8.17, 1.86, 6.26, 1.17, 6.87, 11.43, 1.73, 13.83, 3.18, 0.0, 18.03, 8.95, 1.34, 3.2, 0.99, 9.15, 0.53, 10.02, 4.91, 3.31, 1.04, 4.86], [3.08, 17.84, 12.56, 2.77, 0.93, 0.93, 8.59, 10.05, 5.35, 8.87, 4.29, 3.2, 12.37, 11.76, 2.89, 9.09, 1.45, 8.28, 2.06, 2.23, 17.66, 5.88, 15.31, 0.86, 11.34, 9.83, 9.31, 2.66, 4.41, 2.96, 10.23, 7.56, 9.97, 2.69, 0.97, 6.26, 3.25, 1.85, 2.71, 11.08, 16.83, 3.16, 12.12, 11.75, 7.76, 10.56, 5.75, 4.69, 10.64, 2.6, 5.77, 3.05, 8.96, 12.0, 2.49, 4.97, 7.01, 9.98, 7.8, 4.49, 13.13, 1.92, 3.43, 3.8, 13.84, 5.4, 6.25, 4.62, 18.46, 3.08, 11.49, 7.83, 5.71, 3.54, 3.19, 5.16, 8.79, 14.4, 8.25, 13.78, 7.31, 6.17, 3.79, 3.08, 4.08, 3.06, 7.74, 2.88, 0.0, 2.6, 7.72, 0.91, 6.32, 0.54, 2.16, 3.73, 11.76, 9.41, 4.05, 15.47], [3.06, 4.04, 7.99, 3.41, 1.99, 1.89, 7.59, 12.67, 1.25, 4.36, 8.4, 0.26, 8.71, 17.94, 3.85, 4.36, 7.98, 4.38, 2.86, 1.08, 6.78, 8.65, 4.96, 1.81, 8.56, 3.83, 4.11, 10.61, 2.8, 2.25, 1.9, 4.37, 9.11, 6.76, 1.65, 3.55, 0.98, 2.17, 1.16, 7.17, 14.82, 4.79, 2.6, 1.99, 6.86, 7.99, 2.99, 5.91, 4.64, 5.56, 4.53, 6.3, 3.34, 3.38, 0.31, 5.53, 11.16, 4.27, 3.39, 6.99, 11.81, 4.98, 5.41, 2.57, 6.87, 4.33, 4.6, 9.93, 11.1, 0.97, 8.33, 6.73, 12.1, 7.23, 5.57, 7.38, 1.77, 10.65, 2.2, 3.47, 2.02, 3.63, 2.78, 4.45, 2.66, 2.11, 4.42, 15.73, 4.12, 0.0, 7.67, 3.74, 8.56, 2.71, 8.25, 8.32, 6.53, 12.16, 5.6, 6.34], [7.7, 0.83, 9.31, 3.94, 6.59, 7.29, 3.21, 3.47, 3.32, 0.97, 3.55, 10.31, 4.12, 2.9, 7.74, 4.4, 4.75, 1.42, 5.61, 4.48, 6.15, 4.21, 0.95, 11.86, 7.03, 7.16, 2.38, 7.09, 2.25, 9.38, 6.13, 1.08, 1.93, 2.03, 3.9, 4.76, 10.02, 12.07, 2.19, 0.25, 2.26, 3.51, 1.11, 6.28, 1.04, 5.18, 8.7, 1.42, 3.94, 7.42, 5.09, 9.4, 8.39, 8.55, 8.7, 9.73, 11.57, 2.62, 5.16, 3.02, 5.22, 8.01, 4.83, 6.27, 5.63, 3.14, 2.77, 3.0, 1.74, 7.02, 4.27, 3.43, 4.04, 2.09, 6.46, 6.61, 4.81, 0.49, 4.16, 0.8, 7.06, 0.95, 7.89, 5.85, 10.83, 9.0, 2.94, 2.98, 11.43, 9.85, 0.0, 2.34, 2.99, 4.63, 1.31, 7.57, 2.12, 2.55, 2.42, 1.66], [5.56, 13.0, 6.98, 6.94, 2.54, 7.03, 4.07, 10.24, 12.23, 1.75, 1.2, 3.04, 4.86, 5.76, 6.59, 3.49, 3.29, 9.24, 6.41, 3.86, 5.42, 7.37, 13.22, 0.38, 2.14, 2.15, 1.51, 1.66, 2.05, 1.27, 10.01, 8.5, 1.43, 8.32, 0.7, 0.73, 4.83, 2.1, 2.5, 1.88, 9.11, 3.74, 3.83, 6.49, 9.4, 1.29, 1.47, 11.02, 2.1, 0.8, 5.0, 4.92, 1.23, 1.13, 3.56, 1.05, 8.38, 2.48, 1.14, 5.72, 9.33, 4.34, 1.17, 1.18, 0.91, 0.79, 5.9, 4.56, 3.4, 1.04, 9.01, 1.83, 2.43, 2.09, 0.83, 6.29, 1.31, 10.14, 5.33, 6.23, 3.84, 7.63, 2.99, 5.5, 2.15, 3.56, 1.7, 8.64, 3.21, 4.22, 1.21, 0.0, 5.29, 3.4, 5.53, 8.76, 6.15, 5.56, 0.96, 9.7], [4.59, 2.75, 1.16, 11.67, 14.72, 5.87, 7.59, 0.56, 12.08, 2.92, 1.56, 6.07, 2.01, 10.58, 10.18, 3.22, 1.68, 1.11, 4.04, 3.21, 4.05, 9.93, 0.92, 4.92, 7.95, 1.42, 1.0, 0.84, 8.92, 2.11, 7.38, 4.47, 0.31, 1.91, 5.95, 3.39, 11.12, 12.49, 4.24, 1.46, 1.27, 9.38, 1.71, 8.8, 2.51, 1.42, 6.2, 1.18, 3.81, 11.15, 1.6, 7.87, 3.11, 6.18, 3.01, 0.89, 7.72, 3.28, 0.96, 1.57, 0.71, 8.24, 3.6, 3.03, 8.02, 3.38, 3.8, 0.34, 2.8, 4.51, 2.86, 4.6, 7.78, 4.65, 4.07, 12.34, 8.8, 2.96, 1.67, 3.8, 1.15, 0.61, 3.62, 10.16, 1.73, 6.62, 5.83, 1.35, 4.63, 6.48, 1.88, 4.25, 0.0, 3.37, 5.28, 15.53, 2.92, 1.41, 2.66, 1.8], [1.1, 14.33, 6.94, 0.6, 1.38, 3.66, 5.83, 14.26, 13.09, 3.98, 7.12, 6.59, 2.9, 20.01, 11.98, 4.86, 5.61, 7.14, 7.95, 5.65, 17.29, 11.97, 12.4, 4.06, 5.02, 1.18, 1.47, 10.32, 6.62, 2.55, 19.69, 3.44, 10.45, 5.35, 4.45, 10.62, 0.32, 9.0, 2.71, 8.7, 13.74, 4.06, 5.23, 12.38, 10.44, 3.68, 4.51, 13.8, 5.19, 0.84, 2.15, 1.09, 2.87, 11.55, 6.61, 3.33, 3.39, 7.34, 7.86, 9.12, 8.2, 1.96, 6.68, 7.1, 9.88, 5.82, 3.21, 4.06, 18.59, 2.86, 17.05, 4.99, 11.24, 0.89, 1.58, 14.06, 12.9, 16.58, 3.06, 10.83, 3.34, 17.52, 6.68, 3.02, 1.44, 4.85, 13.34, 14.7, 1.99, 6.29, 10.92, 3.99, 6.24, 0.0, 9.34, 0.85, 2.33, 12.17, 4.9, 3.53], [7.47, 1.1, 5.25, 5.87, 7.78, 8.04, 1.14, 0.79, 6.71, 4.97, 6.44, 9.26, 6.67, 3.19, 5.14, 10.46, 6.84, 1.35, 2.36, 7.76, 1.39, 9.11, 0.8, 15.35, 5.57, 5.7, 2.06, 4.21, 12.98, 10.23, 2.89, 7.33, 1.57, 2.79, 14.77, 1.63, 18.49, 8.44, 7.73, 2.55, 3.59, 16.41, 0.76, 9.9, 0.98, 4.15, 11.74, 0.28, 9.42, 8.9, 1.67, 2.54, 10.37, 3.62, 3.87, 7.61, 11.15, 6.82, 4.82, 12.54, 2.69, 11.8, 3.61, 3.65, 10.79, 11.5, 0.34, 2.55, 0.48, 2.38, 3.02, 8.86, 2.93, 4.76, 7.6, 4.47, 3.57, 2.21, 9.14, 2.81, 3.88, 2.09, 8.28, 4.73, 4.62, 9.67, 1.29, 0.31, 3.59, 15.56, 2.94, 5.06, 1.93, 9.35, 0.0, 3.55, 3.84, 5.11, 5.14, 8.32], [9.65, 6.15, 4.21, 1.98, 1.87, 3.62, 16.05, 16.91, 4.56, 7.2, 12.34, 2.09, 5.43, 8.53, 7.22, 7.37, 8.85, 3.71, 5.63, 5.84, 20.62, 3.0, 15.87, 5.29, 12.11, 5.41, 8.44, 12.15, 1.98, 7.74, 6.75, 8.3, 2.44, 10.56, 1.65, 8.25, 1.58, 8.63, 1.83, 14.14, 8.41, 5.64, 16.24, 8.0, 21.14, 3.91, 2.7, 10.29, 9.49, 1.43, 1.88, 0.56, 8.26, 9.99, 8.95, 4.0, 11.93, 7.5, 7.57, 7.94, 12.22, 3.36, 5.6, 10.45, 3.51, 1.09, 2.53, 10.57, 14.3, 9.46, 13.13, 5.71, 12.95, 0.88, 10.15, 11.73, 8.26, 5.74, 14.86, 3.32, 3.16, 8.43, 1.22, 3.81, 5.03, 4.91, 12.72, 13.39, 3.77, 4.05, 17.39, 3.98, 8.47, 0.38, 8.08, 0.0, 15.56, 2.53, 14.57, 12.5], [2.12, 9.78, 5.71, 3.71, 6.14, 5.7, 1.94, 1.44, 2.3, 2.85, 5.22, 4.88, 2.26, 1.2, 0.94, 1.64, 1.01, 4.44, 12.39, 5.43, 9.37, 0.81, 10.01, 8.12, 4.44, 1.74, 7.59, 4.84, 2.0, 6.62, 2.13, 2.82, 4.4, 0.65, 1.55, 2.61, 11.15, 1.17, 1.76, 2.08, 1.51, 1.04, 6.08, 3.87, 4.55, 9.56, 2.61, 4.29, 0.75, 1.75, 2.37, 6.08, 5.34, 6.23, 6.87, 7.64, 11.35, 1.04, 0.69, 1.49, 10.41, 2.68, 5.03, 2.13, 1.5, 1.41, 7.8, 1.63, 3.12, 3.13, 4.88, 1.48, 4.85, 13.45, 5.14, 5.33, 0.65, 5.07, 0.0, 2.47, 2.2, 7.96, 2.59, 6.16, 4.17, 5.3, 0.98, 7.05, 9.9, 3.72, 4.9, 2.14, 3.48, 3.34, 6.58, 8.39, 0.0, 3.14, 1.79, 6.88], [5.93, 5.94, 7.95, 4.57, 10.15, 10.9, 6.95, 0.39, 10.7, 4.41, 3.5, 3.92, 2.54, 4.3, 5.87, 1.01, 1.52, 2.55, 3.22, 10.28, 6.22, 11.14, 0.88, 2.03, 5.64, 4.27, 4.76, 3.27, 3.51, 4.89, 3.49, 6.94, 0.83, 5.24, 9.26, 0.96, 3.51, 9.88, 8.21, 3.02, 2.28, 14.15, 0.6, 5.59, 1.28, 3.17, 7.05, 2.79, 2.52, 4.17, 2.9, 7.01, 3.62, 4.94, 9.16, 2.29, 7.94, 3.2, 7.03, 1.42, 0.56, 10.57, 1.62, 1.37, 9.16, 0.95, 2.79, 2.2, 2.41, 6.5, 1.55, 2.04, 8.79, 6.36, 1.89, 4.36, 9.58, 3.77, 7.31, 1.71, 7.53, 1.5, 2.41, 2.4, 5.78, 3.55, 5.74, 5.43, 9.02, 13.08, 4.95, 6.12, 0.2, 13.79, 6.19, 14.48, 3.48, 0.0, 1.76, 5.76], [6.5, 2.64, 4.65, 6.91, 10.04, 5.89, 2.83, 0.35, 11.89, 5.31, 4.03, 11.97, 2.2, 1.53, 6.59, 1.4, 2.62, 4.77, 2.59, 3.06, 5.36, 5.4, 1.97, 7.98, 5.12, 2.74, 3.54, 1.18, 7.11, 2.68, 4.42, 10.98, 1.26, 8.61, 1.3, 1.87, 5.24, 12.1, 11.31, 6.54, 0.86, 5.89, 1.55, 9.58, 3.6, 1.51, 2.42, 3.99, 10.66, 4.38, 6.73, 11.01, 3.1, 1.68, 1.95, 1.64, 5.57, 6.43, 1.87, 3.92, 0.49, 11.58, 8.16, 6.28, 4.18, 6.93, 3.8, 3.38, 8.93, 3.72, 0.77, 8.29, 7.49, 2.82, 3.01, 2.87, 8.14, 3.89, 7.6, 4.74, 7.71, 1.14, 1.07, 4.67, 4.21, 2.5, 7.73, 8.46, 5.57, 12.27, 5.82, 1.63, 1.36, 9.46, 2.36, 12.98, 9.15, 0.49, 0.0, 3.1], [3.35, 7.22, 1.81, 8.36, 7.04, 17.73, 11.11, 3.75, 4.83, 2.66, 7.01, 3.31, 4.55, 17.68, 9.28, 3.68, 7.21, 6.13, 1.61, 12.28, 14.94, 15.71, 5.91, 9.28, 1.99, 7.37, 5.43, 1.52, 5.5, 11.05, 11.57, 3.58, 6.2, 13.89, 5.79, 9.79, 7.91, 12.7, 6.84, 8.09, 1.88, 18.04, 2.91, 10.2, 9.08, 2.03, 3.55, 4.04, 15.96, 10.31, 9.6, 12.16, 5.28, 0.98, 7.34, 2.92, 2.72, 10.32, 11.38, 0.72, 0.67, 12.51, 3.52, 12.66, 10.32, 12.06, 11.72, 4.38, 10.51, 7.17, 0.97, 12.46, 3.88, 2.8, 2.52, 11.01, 16.25, 8.33, 9.8, 2.74, 14.2, 4.79, 6.82, 7.68, 1.41, 2.48, 2.62, 12.9, 9.21, 10.4, 5.05, 8.04, 8.04, 2.17, 8.82, 12.01, 12.71, 1.45, 4.13, 0.0]]
vans = [6, 10, 10, 6]

