J = [0, 1, 2, 3]
K = [4, 5, 6]
L = [7, 8, 9, 10]
I = [0, 1, 2, 3, 4, 5, 6, 7, 8, 9, 10]
N = [0, 1, 2, 3, 4, 5, 6, 7, 8, 9, 10, 11, 12, 13, 14, 15, 16, 17, 18, 19, 20, 21, 22, 23, 24, 25, 26, 27, 28, 29, 30, 31, 32, 33, 34, 35, 36, 37, 38, 39, 40, 41, 42, 43, 44, 45, 46, 47, 48, 49, 50, 51, 52, 53, 54, 55, 56, 57, 58, 59, 60, 61, 62, 63, 64, 65, 66, 67, 68, 69, 70, 71, 72, 73, 74, 75, 76, 77, 78, 79, 80, 81, 82, 83, 84, 85, 86, 87, 88, 89, 90, 91, 92, 93, 94, 95, 96, 97, 98, 99]
demand = [730, 570, 1127, 524, 569, 971, 1079, 1092, 853, 848, 827, 1149, 516, 1073, 847, 968, 964, 1012, 1199, 809, 597, 663, 575, 745, 400, 697, 496, 985, 883, 1050, 797, 711, 451, 517, 1194, 1015, 1169, 872, 997, 792, 907, 687, 970, 698, 658, 806, 492, 576, 983, 778, 769, 1127, 769, 756, 781, 708, 719, 1041, 1119, 1159, 988, 871, 496, 553, 1012, 437, 1043, 978, 1157, 573, 886, 449, 1059, 854, 617, 479, 1089, 919, 468, 1186, 1033, 404, 895, 479, 962, 456, 538, 686, 1017, 684, 447, 658, 1163, 846, 860, 584, 540, 1014, 407, 808]
hub = [3, 3, 0, 2, 2, 3, 0, 3, 0, 1, 2, 0, 1, 1, 1, 0, 1, 2, 1, 1, 2, 3, 0, 3, 3, 3, 0, 3, 0, 0, 3, 0, 1, 1, 0, 1, 0, 3, 3, 1, 2, 1, 1, 3, 1, 1, 1, 2, 0, 0, 2, 0, 2, 2, 1, 0, 2, 3, 1, 3, 0, 3, 1, 2, 0, 3, 3, 0, 2, 2, 1, 3, 2, 1, 2, 3, 1, 2, 0, 1, 2, 3, 3, 1, 2, 1, 0, 3, 2, 2, 2, 1, 0, 0, 3, 0, 2, 2, 3, 1]
release = [16, 0, 30, 22, 13, 30, 45, 33, 34, 38, 5, 34, 45, 19, 13, 29, 40, 23, 28, 44, 6, 28, 29, 4, 19, 39, 6, 36, 23, 4, 25, 10, 19, 3, 21, 3, 48, 31, 37, 2, 45, 40, 19, 9, 42, 38, 43, 27, 33, 16, 33, 25, 42, 4, 20, 22, 44, 18, 45, 42, 45, 26, 32, 11, 37, 37, 11, 11, 38, 27, 20, 28, 2, 47, 22, 7, 27, 15, 34, 4, 17, 48, 16, 37, 23, 10, 5, 18, 16, 4, 8, 3, 0, 37, 14, 39, 16, 40, 29, 12]
Nj = [[2, 6, 8, 11, 15, 22, 26, 28, 29, 31, 34, 36, 48, 49, 51, 55, 60, 64, 67, 78, 86, 92, 93, 95], [9, 12, 13, 14, 16, 18, 19, 32, 33, 35, 39, 41, 42, 44, 45, 46, 54, 58, 62, 70, 73, 76, 79, 83, 85, 91, 99], [3, 4, 10, 17, 20, 40, 47, 50, 52, 53, 56, 63, 68, 69, 72, 74, 77, 80, 84, 88, 89, 90, 96, 97], [0, 1, 5, 7, 21, 23, 24, 25, 27, 30, 37, 38, 43, 57, 59, 61, 65, 66, 71, 75, 81, 82, 87, 94, 98]]
Gj = [[0, 1, 2, 3, 4, 5, 6, 7, 8, 9, 10, 11, 12, 13, 14, 15, 16, 17, 18, 19, 20, 21, 22, 23], [24, 25, 26, 27, 28, 29, 30, 31, 32, 33, 34, 35, 36, 37, 38, 39, 40, 41, 42, 43, 44, 45, 46, 47, 48, 49, 50], [51, 52, 53, 54, 55, 56, 57, 58, 59, 60, 61, 62, 63, 64, 65, 66, 67, 68, 69, 70, 71, 72, 73, 74], [75, 76, 77, 78, 79, 80, 81, 82, 83, 84, 85, 86, 87, 88, 89, 90, 91, 92, 93, 94, 95, 96, 97, 98, 99]]
G = [0, 1, 2, 3, 4, 5, 6, 7, 8, 9, 10, 11, 12, 13, 14, 15, 16, 17, 18, 19, 20, 21, 22, 23, 24, 25, 26, 27, 28, 29, 30, 31, 32, 33, 34, 35, 36, 37, 38, 39, 40, 41, 42, 43, 44, 45, 46, 47, 48, 49, 50, 51, 52, 53, 54, 55, 56, 57, 58, 59, 60, 61, 62, 63, 64, 65, 66, 67, 68, 69, 70, 71, 72, 73, 74, 75, 76, 77, 78, 79, 80, 81, 82, 83, 84, 85, 86, 87, 88, 89, 90, 91, 92, 93, 94, 95, 96, 97, 98, 99]
deadline = [216, 168, 192, 168, 240, 168, 240, 192, 240, 240, 216, 216, 192, 240, 168, 216, 216, 168, 216, 240, 192, 192, 192, 240, 216, 192, 216, 192, 168, 240, 192, 168, 240, 216, 240, 168, 216, 168, 240, 192, 216, 216, 192, 192, 192, 240, 168, 216, 192, 192, 240, 192, 192, 168, 192, 192, 168, 216, 240, 168, 192, 192, 168, 216, 240, 168, 240, 192, 192, 216, 192, 168, 216, 240, 240, 168, 240, 168, 192, 192, 240, 192, 168, 216, 192, 216, 168, 168, 216, 216, 192, 216, 192, 216, 168, 192, 216, 240, 216, 192]
weight = [10, 50, 10, 70, 90, 10, 60, 70, 50, 20, 80, 100, 50, 90, 50, 30, 90, 100, 70, 50, 30, 50, 80, 80, 70, 20, 20, 30, 10, 90, 80, 90, 50, 40, 60, 10, 40, 10, 60, 10, 70, 40, 10, 80, 70, 40, 40, 90, 70, 80, 90, 100, 90, 60, 80, 40, 30, 40, 20, 60, 30, 90, 90, 100, 10, 80, 10, 70, 80, 40, 40, 10, 10, 30, 100, 30, 90, 70, 50, 60, 20, 30, 90, 80, 90, 50, 100, 30, 90, 80, 70, 10, 40, 70, 100, 10, 50, 80, 100, 100]
q = 2000
M = [0, 1, 2]
M_description = ['Road', 'Rail', 'Ship']
accessibility = [[1, 1, 0], [1, 1, 1], [1, 0, 0], [1, 1, 0], [1, 1, 1], [1, 1, 1], [1, 1, 1], [1, 0, 1], [1, 0, 1], [1, 1, 0], [1, 1, 0]]
S = [0, 1, 2, 3, 4, 5, 6, 7, 8, 9, 10, 11, 12, 13, 14, 15, 16, 17, 18, 19, 20, 21, 22, 23, 24, 25, 26, 27, 28, 29, 30, 31, 32, 33, 34, 35, 36, 37, 38, 39, 40, 41, 42, 43, 44, 45, 46, 47, 48, 49, 50, 51, 52, 53, 54, 55, 56, 57, 58, 59, 60, 61, 62, 63, 64, 65, 66, 67, 68, 69, 70, 71, 72, 73, 74, 75, 76, 77, 78, 79, 80, 81, 82, 83, 84, 85, 86, 87, 88, 89, 90, 91, 92, 93, 94, 95, 96, 97, 98, 99, 100, 101, 102, 103, 104, 105, 106, 107, 108, 109, 110, 111, 112, 113, 114, 115, 116, 117, 118, 119, 120, 121, 122, 123, 124, 125, 126, 127, 128, 129, 130, 131, 132, 133, 134, 135, 136, 137, 138, 139, 140, 141, 142, 143, 144, 145, 146, 147, 148, 149, 150, 151, 152, 153, 154, 155, 156, 157, 158, 159, 160, 161, 162, 163, 164, 165, 166, 167, 168, 169, 170, 171, 172, 173, 174, 175, 176, 177, 178, 179, 180, 181, 182, 183, 184, 185, 186, 187, 188, 189, 190, 191, 192, 193, 194, 195, 196, 197, 198, 199, 200, 201, 202, 203, 204, 205, 206, 207, 208, 209, 210, 211, 212, 213, 214, 215, 216, 217, 218, 219, 220, 221, 222, 223, 224, 225, 226, 227, 228, 229, 230, 231, 232, 233, 234, 235, 236, 237, 238, 239, 240, 241, 242, 243, 244, 245, 246, 247, 248, 249, 250, 251, 252, 253, 254, 255, 256, 257, 258, 259, 260, 261, 262, 263, 264, 265, 266, 267, 268, 269, 270, 271, 272, 273, 274, 275, 276, 277, 278, 279, 280, 281, 282, 283, 284, 285, 286, 287, 288, 289, 290, 291, 292, 293, 294, 295, 296, 297, 298, 299, 300, 301, 302, 303, 304, 305, 306, 307, 308, 309, 310, 311, 312, 313, 314, 315, 316, 317, 318, 319, 320, 321, 322, 323, 324, 325, 326, 327, 328, 329, 330, 331, 332, 333, 334, 335, 336, 337, 338, 339, 340, 341, 342, 343, 344, 345, 346, 347, 348, 349, 350, 351, 352, 353, 354, 355, 356, 357, 358, 359, 360, 361, 362, 363, 364, 365, 366, 367, 368, 369, 370, 371, 372, 373, 374, 375, 376, 377, 378, 379, 380, 381, 382, 383, 384, 385, 386, 387, 388, 389, 390, 391, 392, 393, 394, 395, 396, 397, 398, 399, 400, 401, 402, 403, 404, 405, 406, 407, 408, 409, 410, 411, 412, 413, 414, 415, 416, 417, 418, 419, 420, 421, 422, 423, 424, 425, 426, 427, 428, 429, 430, 431, 432, 433, 434, 435, 436, 437, 438, 439, 440, 441, 442, 443, 444, 445, 446, 447, 448, 449, 450, 451, 452, 453, 454, 455, 456, 457, 458, 459, 460, 461, 462, 463, 464, 465]
origin = [0, 0, 0, 0, 0, 0, 0, 0, 0, 0, 0, 0, 0, 0, 0, 0, 0, 0, 0, 0, 0, 0, 0, 0, 0, 0, 0, 0, 0, 0, 0, 0, 0, 0, 0, 0, 0, 0, 0, 0, 1, 1, 1, 1, 1, 1, 1, 1, 1, 1, 1, 1, 1, 1, 1, 1, 1, 1, 1, 1, 1, 1, 1, 1, 1, 1, 1, 1, 1, 1, 1, 1, 1, 1, 1, 1, 1, 1, 1, 1, 2, 2, 2, 2, 2, 2, 2, 2, 2, 2, 2, 2, 2, 2, 2, 2, 2, 2, 2, 2, 2, 2, 2, 2, 2, 2, 2, 2, 2, 2, 2, 2, 2, 2, 2, 2, 2, 2, 2, 2, 3, 3, 3, 3, 3, 3, 3, 3, 3, 3, 3, 3, 3, 3, 3, 3, 3, 3, 3, 3, 3, 3, 3, 3, 3, 3, 3, 3, 3, 3, 3, 3, 3, 3, 3, 3, 3, 3, 3, 3, 4, 4, 4, 4, 4, 4, 4, 4, 4, 4, 4, 4, 4, 4, 4, 4, 4, 4, 4, 4, 4, 4, 4, 4, 4, 4, 4, 4, 4, 4, 4, 4, 4, 4, 4, 4, 4, 4, 4, 4, 5, 5, 5, 5, 5, 5, 5, 5, 5, 5, 5, 5, 5, 5, 5, 5, 5, 5, 5, 5, 5, 5, 5, 5, 5, 5, 5, 5, 5, 5, 5, 5, 5, 5, 5, 5, 5, 5, 5, 5, 6, 6, 6, 6, 6, 6, 6, 6, 6, 6, 6, 6, 6, 6, 6, 6, 6, 6, 6, 6, 6, 6, 6, 6, 6, 6, 6, 6, 6, 6, 6, 6, 6, 6, 6, 6, 6, 6, 6, 6, 0, 0, 0, 0, 0, 0, 0, 0, 0, 0, 0, 0, 0, 0, 0, 0, 0, 0, 0, 0, 0, 1, 1, 1, 1, 1, 1, 1, 1, 1, 1, 1, 1, 1, 1, 1, 1, 1, 1, 1, 1, 1, 3, 3, 3, 3, 3, 3, 3, 3, 3, 3, 3, 3, 3, 3, 3, 3, 3, 3, 3, 3, 3, 4, 4, 4, 4, 4, 4, 4, 4, 4, 4, 4, 4, 4, 4, 4, 4, 4, 4, 4, 4, 4, 5, 5, 5, 5, 5, 5, 5, 5, 5, 5, 5, 5, 5, 5, 5, 5, 5, 5, 5, 5, 5, 6, 6, 6, 6, 6, 6, 6, 6, 6, 6, 6, 6, 6, 6, 6, 6, 6, 6, 6, 6, 6, 1, 1, 1, 1, 1, 1, 1, 1, 1, 1, 1, 1, 1, 1, 1, 4, 4, 4, 4, 4, 4, 4, 4, 4, 4, 4, 4, 4, 4, 4, 5, 5, 5, 5, 5, 5, 5, 5, 5, 5, 5, 5, 5, 5, 5, 6, 6, 6, 6, 6, 6, 6, 6, 6, 6, 6, 6, 6, 6, 6]
destination = [1, 1, 1, 1, 2, 2, 2, 2, 3, 3, 3, 3, 4, 4, 4, 4, 5, 5, 5, 5, 6, 6, 6, 6, 7, 7, 7, 7, 8, 8, 8, 8, 9, 9, 9, 9, 10, 10, 10, 10, 0, 0, 0, 0, 2, 2, 2, 2, 3, 3, 3, 3, 4, 4, 4, 4, 5, 5, 5, 5, 6, 6, 6, 6, 7, 7, 7, 7, 8, 8, 8, 8, 9, 9, 9, 9, 10, 10, 10, 10, 0, 0, 0, 0, 1, 1, 1, 1, 3, 3, 3, 3, 4, 4, 4, 4, 5, 5, 5, 5, 6, 6, 6, 6, 7, 7, 7, 7, 8, 8, 8, 8, 9, 9, 9, 9, 10, 10, 10, 10, 0, 0, 0, 0, 1, 1, 1, 1, 2, 2, 2, 2, 4, 4, 4, 4, 5, 5, 5, 5, 6, 6, 6, 6, 7, 7, 7, 7, 8, 8, 8, 8, 9, 9, 9, 9, 10, 10, 10, 10, 0, 0, 0, 0, 1, 1, 1, 1, 2, 2, 2, 2, 3, 3, 3, 3, 5, 5, 5, 5, 6, 6, 6, 6, 7, 7, 7, 7, 8, 8, 8, 8, 9, 9, 9, 9, 10, 10, 10, 10, 0, 0, 0, 0, 1, 1, 1, 1, 2, 2, 2, 2, 3, 3, 3, 3, 4, 4, 4, 4, 6, 6, 6, 6, 7, 7, 7, 7, 8, 8, 8, 8, 9, 9, 9, 9, 10, 10, 10, 10, 0, 0, 0, 0, 1, 1, 1, 1, 2, 2, 2, 2, 3, 3, 3, 3, 4, 4, 4, 4, 5, 5, 5, 5, 7, 7, 7, 7, 8, 8, 8, 8, 9, 9, 9, 9, 10, 10, 10, 10, 1, 1, 1, 3, 3, 3, 4, 4, 4, 5, 5, 5, 6, 6, 6, 9, 9, 9, 10, 10, 10, 0, 0, 0, 3, 3, 3, 4, 4, 4, 5, 5, 5, 6, 6, 6, 9, 9, 9, 10, 10, 10, 0, 0, 0, 1, 1, 1, 4, 4, 4, 5, 5, 5, 6, 6, 6, 9, 9, 9, 10, 10, 10, 0, 0, 0, 1, 1, 1, 3, 3, 3, 5, 5, 5, 6, 6, 6, 9, 9, 9, 10, 10, 10, 0, 0, 0, 1, 1, 1, 3, 3, 3, 4, 4, 4, 6, 6, 6, 9, 9, 9, 10, 10, 10, 0, 0, 0, 1, 1, 1, 3, 3, 3, 4, 4, 4, 5, 5, 5, 9, 9, 9, 10, 10, 10, 4, 4, 4, 5, 5, 5, 6, 6, 6, 7, 7, 7, 8, 8, 8, 1, 1, 1, 5, 5, 5, 6, 6, 6, 7, 7, 7, 8, 8, 8, 1, 1, 1, 4, 4, 4, 6, 6, 6, 7, 7, 7, 8, 8, 8, 1, 1, 1, 4, 4, 4, 5, 5, 5, 7, 7, 7, 8, 8, 8]
departure = [8, 56, 104, 152, 8, 56, 104, 152, 8, 56, 104, 152, 8, 56, 104, 152, 8, 56, 104, 152, 8, 56, 104, 152, 8, 56, 104, 152, 8, 56, 104, 152, 8, 56, 104, 152, 8, 56, 104, 152, 8, 56, 104, 152, 8, 56, 104, 152, 8, 56, 104, 152, 8, 56, 104, 152, 8, 56, 104, 152, 8, 56, 104, 152, 8, 56, 104, 152, 8, 56, 104, 152, 8, 56, 104, 152, 8, 56, 104, 152, 8, 56, 104, 152, 8, 56, 104, 152, 8, 56, 104, 152, 8, 56, 104, 152, 8, 56, 104, 152, 8, 56, 104, 152, 8, 56, 104, 152, 8, 56, 104, 152, 8, 56, 104, 152, 8, 56, 104, 152, 8, 56, 104, 152, 8, 56, 104, 152, 8, 56, 104, 152, 8, 56, 104, 152, 8, 56, 104, 152, 8, 56, 104, 152, 8, 56, 104, 152, 8, 56, 104, 152, 8, 56, 104, 152, 8, 56, 104, 152, 12, 60, 108, 156, 12, 60, 108, 156, 12, 60, 108, 156, 12, 60, 108, 156, 12, 60, 108, 156, 12, 60, 108, 156, 12, 60, 108, 156, 12, 60, 108, 156, 12, 60, 108, 156, 12, 60, 108, 156, 12, 60, 108, 156, 12, 60, 108, 156, 12, 60, 108, 156, 12, 60, 108, 156, 12, 60, 108, 156, 12, 60, 108, 156, 12, 60, 108, 156, 12, 60, 108, 156, 12, 60, 108, 156, 12, 60, 108, 156, 12, 60, 108, 156, 12, 60, 108, 156, 12, 60, 108, 156, 12, 60, 108, 156, 12, 60, 108, 156, 12, 60, 108, 156, 12, 60, 108, 156, 12, 60, 108, 156, 12, 60, 108, 156, 12, 60, 108, 156, 33, 81, 129, 33, 81, 129, 33, 81, 129, 33, 81, 129, 33, 81, 129, 33, 81, 129, 33, 81, 129, 33, 81, 129, 33, 81, 129, 33, 81, 129, 33, 81, 129, 33, 81, 129, 33, 81, 129, 33, 81, 129, 33, 81, 129, 33, 81, 129, 33, 81, 129, 33, 81, 129, 33, 81, 129, 33, 81, 129, 33, 81, 129, 37, 85, 133, 37, 85, 133, 37, 85, 133, 37, 85, 133, 37, 85, 133, 37, 85, 133, 37, 85, 133, 37, 85, 133, 37, 85, 133, 37, 85, 133, 37, 85, 133, 37, 85, 133, 37, 85, 133, 37, 85, 133, 37, 85, 133, 37, 85, 133, 37, 85, 133, 37, 85, 133, 37, 85, 133, 37, 85, 133, 37, 85, 133, 10, 58, 106, 10, 58, 106, 10, 58, 106, 10, 58, 106, 10, 58, 106, 13, 61, 109, 13, 61, 109, 13, 61, 109, 13, 61, 109, 13, 61, 109, 13, 61, 109, 13, 61, 109, 13, 61, 109, 13, 61, 109, 13, 61, 109, 13, 61, 109, 13, 61, 109, 13, 61, 109, 13, 61, 109, 13, 61, 109]
arrival = [52, 100, 172, 172, 76, 148, 172, 196, 76, 124, 172, 196, 60, 156, 204, 204, 84, 108, 156, 252, 108, 132, 156, 228, 160, 136, 256, 280, 136, 136, 232, 280, 88, 208, 208, 232, 88, 136, 208, 304, 100, 76, 196, 244, 52, 100, 196, 196, 52, 148, 172, 196, 60, 156, 156, 204, 60, 132, 156, 228, 60, 108, 156, 228, 160, 160, 232, 304, 136, 208, 256, 256, 112, 184, 256, 232, 136, 208, 184, 304, 52, 100, 196, 244, 100, 148, 172, 196, 76, 100, 172, 244, 60, 156, 180, 204, 84, 156, 180, 252, 60, 108, 180, 204, 88, 184, 256, 232, 136, 208, 232, 232, 160, 184, 232, 256, 112, 184, 208, 280, 76, 124, 148, 220, 76, 148, 196, 196, 52, 148, 196, 172, 108, 132, 156, 252, 108, 108, 204, 204, 108, 108, 180, 252, 160, 160, 184, 280, 88, 208, 232, 280, 88, 184, 208, 256, 136, 208, 184, 232, 104, 104, 176, 176, 32, 128, 200, 224, 104, 80, 200, 248, 80, 80, 128, 248, 64, 160, 184, 208, 112, 136, 160, 232, 92, 164, 260, 236, 140, 212, 188, 308, 116, 212, 212, 236, 116, 212, 212, 236, 104, 152, 200, 176, 32, 128, 200, 200, 56, 152, 200, 248, 56, 152, 176, 248, 64, 136, 184, 256, 112, 112, 160, 208, 116, 188, 188, 236, 116, 140, 188, 260, 92, 164, 188, 236, 116, 212, 188, 260, 56, 80, 152, 248, 80, 104, 176, 248, 32, 128, 200, 200, 56, 128, 176, 248, 64, 112, 160, 256, 64, 112, 184, 256, 164, 164, 236, 284, 116, 164, 212, 308, 164, 140, 212, 284, 140, 164, 236, 236, 54, 150, 174, 54, 150, 198, 134, 134, 230, 134, 158, 182, 134, 158, 182, 186, 210, 234, 162, 210, 210, 78, 174, 198, 102, 150, 150, 86, 182, 206, 110, 182, 182, 86, 182, 206, 138, 234, 258, 138, 186, 258, 54, 102, 222, 78, 150, 198, 110, 182, 230, 86, 182, 206, 110, 182, 182, 186, 186, 234, 114, 162, 282, 58, 130, 178, 130, 106, 154, 82, 178, 202, 138, 138, 210, 114, 138, 234, 118, 166, 214, 118, 238, 286, 82, 178, 178, 82, 130, 202, 106, 154, 202, 90, 162, 234, 114, 162, 234, 166, 214, 286, 190, 214, 262, 58, 178, 154, 130, 106, 154, 130, 154, 202, 90, 186, 210, 114, 162, 210, 166, 214, 214, 190, 214, 238, 112, 136, 208, 112, 160, 208, 64, 112, 184, 92, 188, 212, 92, 164, 260, 58, 130, 130, 90, 138, 210, 66, 138, 162, 166, 142, 214, 118, 190, 262, 82, 154, 130, 90, 138, 186, 90, 114, 186, 142, 166, 190, 94, 142, 238, 58, 130, 202, 66, 138, 210, 66, 138, 162, 94, 166, 214, 118, 166, 262]
Q = [4, 4, 4, 2, 4, 4, 4, 2, 4, 2, 4, 4, 2, 2, 4, 2, 2, 2, 2, 2, 4, 2, 2, 4, 2, 4, 2, 4, 2, 4, 2, 4, 4, 2, 4, 2, 4, 2, 2, 4, 2, 4, 2, 4, 2, 2, 2, 4, 2, 4, 4, 4, 4, 2, 4, 4, 4, 4, 2, 4, 4, 4, 4, 4, 4, 4, 4, 4, 2, 4, 4, 4, 4, 2, 2, 2, 4, 2, 4, 2, 4, 4, 4, 4, 4, 2, 2, 2, 2, 4, 4, 4, 2, 4, 4, 2, 2, 4, 4, 2, 4, 4, 4, 2, 2, 4, 2, 2, 2, 4, 2, 2, 2, 4, 2, 2, 4, 2, 2, 2, 2, 4, 4, 4, 4, 2, 2, 2, 4, 4, 2, 2, 4, 4, 2, 4, 4, 4, 4, 4, 4, 4, 4, 2, 2, 2, 2, 4, 4, 2, 2, 4, 4, 2, 4, 2, 4, 2, 2, 2, 2, 4, 4, 4, 4, 2, 4, 2, 4, 4, 2, 2, 2, 4, 4, 2, 4, 2, 2, 2, 2, 2, 2, 4, 2, 4, 2, 4, 2, 2, 2, 4, 4, 4, 2, 4, 2, 4, 2, 4, 2, 4, 2, 2, 4, 4, 2, 4, 2, 4, 4, 4, 4, 2, 2, 4, 4, 4, 2, 2, 4, 4, 4, 4, 4, 2, 2, 2, 2, 4, 2, 2, 4, 4, 4, 4, 4, 2, 2, 4, 4, 2, 4, 2, 4, 2, 4, 4, 4, 4, 4, 4, 2, 2, 4, 4, 4, 4, 2, 2, 4, 4, 2, 4, 4, 4, 2, 2, 2, 2, 4, 4, 2, 2, 2, 4, 4, 4, 4, 2, 6, 3, 6, 3, 3, 6, 3, 3, 6, 6, 3, 3, 6, 3, 3, 6, 6, 3, 6, 6, 3, 3, 3, 6, 6, 6, 3, 6, 3, 6, 3, 3, 6, 6, 3, 3, 6, 3, 3, 3, 6, 3, 6, 6, 3, 6, 3, 3, 3, 6, 6, 3, 3, 3, 3, 3, 3, 3, 6, 6, 6, 6, 6, 3, 6, 6, 3, 3, 6, 6, 6, 6, 6, 3, 3, 3, 6, 3, 3, 3, 3, 6, 6, 6, 3, 6, 6, 6, 6, 3, 3, 6, 3, 3, 6, 3, 3, 6, 6, 6, 3, 3, 6, 6, 6, 6, 3, 3, 3, 6, 6, 6, 6, 6, 6, 6, 6, 3, 3, 3, 3, 6, 3, 3, 6, 3, 5, 10, 10, 5, 5, 5, 10, 5, 5, 5, 5, 10, 10, 5, 5, 10, 5, 10, 10, 5, 10, 5, 5, 10, 10, 10, 5, 10, 10, 5, 10, 10, 10, 5, 10, 5, 10, 5, 5, 5, 10, 10, 10, 10, 10, 5, 10, 5, 10, 10, 10, 10, 10, 10, 5, 5, 10, 5, 5, 5]
cfixed = [298, 252, 252, 246, 289, 226, 255, 289, 205, 218, 263, 202, 266, 251, 220, 214, 270, 275, 202, 232, 289, 268, 243, 260, 280, 259, 279, 218, 283, 215, 263, 228, 246, 203, 200, 244, 238, 240, 238, 265, 243, 276, 267, 248, 253, 262, 204, 217, 251, 203, 283, 298, 285, 292, 223, 242, 277, 244, 285, 242, 227, 201, 232, 282, 276, 274, 226, 300, 287, 277, 224, 293, 282, 237, 248, 224, 241, 203, 231, 286, 295, 208, 228, 274, 213, 286, 202, 270, 233, 294, 215, 211, 260, 256, 208, 287, 283, 260, 299, 226, 280, 266, 260, 238, 279, 289, 220, 232, 290, 268, 291, 241, 289, 225, 288, 204, 213, 261, 217, 220, 230, 286, 269, 224, 263, 236, 278, 254, 252, 236, 208, 205, 294, 295, 209, 242, 242, 241, 291, 279, 219, 252, 225, 226, 247, 263, 223, 271, 285, 212, 300, 249, 299, 290, 289, 293, 266, 231, 261, 228, 246, 202, 266, 231, 263, 284, 228, 210, 201, 216, 240, 218, 271, 274, 209, 262, 234, 256, 229, 277, 243, 264, 299, 223, 269, 208, 272, 211, 272, 272, 204, 221, 259, 243, 226, 231, 258, 206, 274, 273, 292, 212, 291, 270, 258, 275, 284, 247, 232, 297, 290, 222, 212, 215, 241, 202, 242, 271, 220, 219, 256, 296, 255, 221, 264, 264, 204, 217, 208, 262, 238, 233, 242, 258, 202, 213, 235, 273, 271, 284, 210, 225, 299, 240, 229, 217, 228, 288, 211, 281, 280, 291, 201, 280, 235, 213, 237, 224, 295, 231, 296, 298, 258, 279, 270, 245, 263, 219, 245, 250, 247, 275, 231, 232, 204, 275, 263, 255, 264, 244, 346, 386, 331, 458, 447, 423, 303, 335, 354, 483, 437, 351, 369, 388, 480, 342, 488, 483, 334, 423, 396, 348, 414, 380, 339, 333, 313, 468, 476, 490, 472, 351, 337, 465, 434, 483, 416, 413, 355, 332, 311, 499, 305, 433, 453, 315, 500, 500, 440, 336, 431, 430, 441, 453, 370, 378, 405, 404, 342, 448, 499, 412, 395, 494, 386, 409, 349, 497, 413, 375, 441, 453, 358, 364, 398, 333, 420, 352, 404, 418, 479, 432, 398, 407, 398, 415, 329, 382, 475, 418, 450, 451, 395, 376, 425, 341, 421, 380, 488, 482, 499, 496, 439, 489, 449, 436, 338, 410, 446, 341, 318, 452, 432, 389, 429, 453, 474, 447, 443, 366, 489, 500, 315, 498, 430, 475, 609, 526, 583, 640, 609, 674, 570, 693, 663, 585, 506, 595, 597, 647, 653, 629, 531, 527, 517, 674, 555, 500, 511, 541, 531, 500, 509, 694, 641, 538, 680, 505, 513, 687, 604, 537, 602, 608, 504, 646, 507, 525, 604, 608, 598, 594, 691, 607, 631, 630, 686, 506, 575, 689, 562, 612, 608, 553, 501, 519]
ctravel = [44, 44, 68, 20, 68, 92, 68, 44, 68, 68, 68, 44, 52, 100, 100, 52, 76, 52, 52, 100, 100, 76, 52, 76, 152, 80, 152, 128, 128, 80, 128, 128, 80, 152, 104, 80, 80, 80, 104, 152, 92, 20, 92, 92, 44, 44, 92, 44, 44, 92, 68, 44, 52, 100, 52, 52, 52, 76, 52, 76, 52, 52, 52, 76, 152, 104, 128, 152, 128, 152, 152, 104, 104, 128, 152, 80, 128, 152, 80, 152, 44, 44, 92, 92, 92, 92, 68, 44, 68, 44, 68, 92, 52, 100, 76, 52, 76, 100, 76, 100, 52, 52, 76, 52, 80, 128, 152, 80, 128, 152, 128, 80, 152, 128, 128, 104, 104, 128, 104, 128, 68, 68, 44, 68, 68, 92, 92, 44, 44, 92, 92, 20, 100, 76, 52, 100, 100, 52, 100, 52, 100, 52, 76, 100, 152, 104, 80, 128, 80, 152, 128, 128, 80, 128, 104, 104, 128, 152, 80, 80, 92, 44, 68, 20, 20, 68, 92, 68, 92, 20, 92, 92, 68, 20, 20, 92, 52, 100, 76, 52, 100, 76, 52, 76, 80, 104, 152, 80, 128, 152, 80, 152, 104, 152, 104, 80, 104, 152, 104, 80, 92, 92, 92, 20, 20, 68, 92, 44, 44, 92, 92, 92, 44, 92, 68, 92, 52, 76, 76, 100, 100, 52, 52, 52, 104, 128, 80, 80, 104, 80, 80, 104, 80, 104, 80, 80, 104, 152, 80, 104, 44, 20, 44, 92, 68, 44, 68, 92, 20, 68, 92, 44, 44, 68, 68, 92, 52, 52, 52, 100, 52, 52, 76, 100, 152, 104, 128, 128, 104, 104, 104, 152, 152, 80, 104, 128, 128, 104, 128, 80, 16.8, 55.2, 36.0, 16.8, 55.2, 55.2, 80.80000000000001, 42.400000000000006, 80.80000000000001, 80.80000000000001, 61.6, 42.400000000000006, 80.80000000000001, 61.6, 42.400000000000006, 122.4, 103.2, 84.0, 103.2, 103.2, 64.8, 36.0, 74.4, 55.2, 55.2, 55.2, 16.8, 42.400000000000006, 80.80000000000001, 61.6, 61.6, 80.80000000000001, 42.400000000000006, 42.400000000000006, 80.80000000000001, 61.6, 84.0, 122.4, 103.2, 84.0, 84.0, 103.2, 16.8, 16.8, 74.4, 36.0, 55.2, 55.2, 61.6, 80.80000000000001, 80.80000000000001, 42.400000000000006, 80.80000000000001, 61.6, 61.6, 80.80000000000001, 42.400000000000006, 122.4, 84.0, 84.0, 64.8, 64.8, 122.4, 16.8, 36.0, 36.0, 74.4, 16.8, 16.8, 36.0, 74.4, 55.2, 80.80000000000001, 42.400000000000006, 61.6, 61.6, 42.400000000000006, 80.80000000000001, 64.8, 64.8, 64.8, 64.8, 122.4, 122.4, 36.0, 74.4, 36.0, 36.0, 36.0, 55.2, 55.2, 55.2, 55.2, 42.400000000000006, 61.6, 80.80000000000001, 61.6, 61.6, 80.80000000000001, 103.2, 103.2, 122.4, 122.4, 103.2, 103.2, 16.8, 74.4, 16.8, 74.4, 16.8, 16.8, 74.4, 55.2, 55.2, 42.400000000000006, 80.80000000000001, 61.6, 61.6, 61.6, 61.6, 103.2, 103.2, 64.8, 122.4, 103.2, 84.0, 61.199999999999996, 46.8, 61.199999999999996, 61.199999999999996, 61.199999999999996, 61.199999999999996, 32.4, 32.4, 46.8, 49.199999999999996, 78.0, 63.599999999999994, 49.199999999999996, 63.599999999999994, 92.39999999999999, 27.0, 41.4, 12.6, 46.199999999999996, 46.199999999999996, 60.599999999999994, 31.799999999999997, 46.199999999999996, 31.799999999999997, 91.8, 48.6, 63.0, 63.0, 77.39999999999999, 91.8, 41.4, 55.8, 12.6, 46.199999999999996, 46.199999999999996, 46.199999999999996, 46.199999999999996, 31.799999999999997, 46.199999999999996, 77.39999999999999, 63.0, 48.6, 48.6, 48.6, 77.39999999999999, 27.0, 41.4, 55.8, 31.799999999999997, 46.199999999999996, 60.599999999999994, 31.799999999999997, 46.199999999999996, 31.799999999999997, 48.6, 63.0, 63.0, 63.0, 63.0, 91.8]
mode = [0, 0, 0, 0, 0, 0, 0, 0, 0, 0, 0, 0, 0, 0, 0, 0, 0, 0, 0, 0, 0, 0, 0, 0, 0, 0, 0, 0, 0, 0, 0, 0, 0, 0, 0, 0, 0, 0, 0, 0, 0, 0, 0, 0, 0, 0, 0, 0, 0, 0, 0, 0, 0, 0, 0, 0, 0, 0, 0, 0, 0, 0, 0, 0, 0, 0, 0, 0, 0, 0, 0, 0, 0, 0, 0, 0, 0, 0, 0, 0, 0, 0, 0, 0, 0, 0, 0, 0, 0, 0, 0, 0, 0, 0, 0, 0, 0, 0, 0, 0, 0, 0, 0, 0, 0, 0, 0, 0, 0, 0, 0, 0, 0, 0, 0, 0, 0, 0, 0, 0, 0, 0, 0, 0, 0, 0, 0, 0, 0, 0, 0, 0, 0, 0, 0, 0, 0, 0, 0, 0, 0, 0, 0, 0, 0, 0, 0, 0, 0, 0, 0, 0, 0, 0, 0, 0, 0, 0, 0, 0, 0, 0, 0, 0, 0, 0, 0, 0, 0, 0, 0, 0, 0, 0, 0, 0, 0, 0, 0, 0, 0, 0, 0, 0, 0, 0, 0, 0, 0, 0, 0, 0, 0, 0, 0, 0, 0, 0, 0, 0, 0, 0, 0, 0, 0, 0, 0, 0, 0, 0, 0, 0, 0, 0, 0, 0, 0, 0, 0, 0, 0, 0, 0, 0, 0, 0, 0, 0, 0, 0, 0, 0, 0, 0, 0, 0, 0, 0, 0, 0, 0, 0, 0, 0, 0, 0, 0, 0, 0, 0, 0, 0, 0, 0, 0, 0, 0, 0, 0, 0, 0, 0, 0, 0, 0, 0, 0, 0, 0, 0, 0, 0, 0, 0, 0, 0, 0, 0, 0, 0, 1, 1, 1, 1, 1, 1, 1, 1, 1, 1, 1, 1, 1, 1, 1, 1, 1, 1, 1, 1, 1, 1, 1, 1, 1, 1, 1, 1, 1, 1, 1, 1, 1, 1, 1, 1, 1, 1, 1, 1, 1, 1, 1, 1, 1, 1, 1, 1, 1, 1, 1, 1, 1, 1, 1, 1, 1, 1, 1, 1, 1, 1, 1, 1, 1, 1, 1, 1, 1, 1, 1, 1, 1, 1, 1, 1, 1, 1, 1, 1, 1, 1, 1, 1, 1, 1, 1, 1, 1, 1, 1, 1, 1, 1, 1, 1, 1, 1, 1, 1, 1, 1, 1, 1, 1, 1, 1, 1, 1, 1, 1, 1, 1, 1, 1, 1, 1, 1, 1, 1, 1, 1, 1, 1, 1, 1, 2, 2, 2, 2, 2, 2, 2, 2, 2, 2, 2, 2, 2, 2, 2, 2, 2, 2, 2, 2, 2, 2, 2, 2, 2, 2, 2, 2, 2, 2, 2, 2, 2, 2, 2, 2, 2, 2, 2, 2, 2, 2, 2, 2, 2, 2, 2, 2, 2, 2, 2, 2, 2, 2, 2, 2, 2, 2, 2, 2]
delivery_process = ['Direct-Shipment', 'Cross-Docking', 'Direct-Shipment', 'Cross-Docking']
distance_ln = [[7.84, 4.26, 3.26, 3.86, 5.06, 11.34, 8.68, 4.59, 6.7, 1.2, 4.38, 1.91, 13.07, 3.47, 6.88, 2.46, 4.03, 5.02, 5.84, 1.3, 0.79, 1.23, 5.85, 1.16, 6.0, 7.33, 6.12, 1.38, 7.81, 5.58, 5.28, 8.07, 2.68, 5.47, 7.64, 1.4, 13.74, 2.7, 10.6, 3.54, 17.07, 8.28, 0.5, 4.01, 4.93, 7.17, 2.23, 1.82, 5.13, 2.42, 2.07, 1.75, 2.71, 6.75, 1.81, 2.73, 2.87, 9.4, 3.07, 12.37, 4.16, 9.04, 14.34, 3.01, 15.21, 9.5, 5.77, 3.07, 7.17, 6.09, 2.33, 1.28, 3.9, 1.66, 3.02, 8.87, 14.98, 7.19, 1.25, 4.0, 1.33, 10.67, 3.58, 7.82, 4.7, 7.96, 0.53, 4.79, 3.0, 3.31, 10.02, 11.22, 6.48, 1.11, 4.77, 10.93, 0.92, 5.83, 2.4, 9.36], [1.42, 2.94, 7.62, 2.5, 4.21, 2.62, 1.57, 1.47, 4.24, 8.22, 5.04, 6.47, 2.57, 3.28, 4.36, 2.66, 7.63, 0.0, 6.87, 10.38, 3.5, 1.88, 9.36, 4.62, 1.55, 3.29, 10.72, 2.27, 1.32, 0.78, 10.44, 2.52, 0.47, 3.45, 2.24, 11.01, 6.99, 3.29, 2.22, 2.62, 5.35, 1.28, 9.22, 2.85, 4.47, 8.1, 1.63, 11.46, 2.96, 7.57, 2.8, 5.45, 3.5, 3.72, 4.89, 9.06, 8.14, 4.6, 1.57, 2.68, 1.6, 1.94, 4.79, 9.35, 0.7, 3.93, 7.93, 10.53, 4.7, 12.52, 3.81, 11.65, 10.02, 1.29, 6.31, 5.16, 3.2, 1.13, 1.71, 3.09, 6.66, 2.13, 5.25, 5.5, 7.6, 1.95, 6.18, 1.34, 1.72, 4.17, 4.19, 6.37, 1.41, 3.48, 8.22, 7.96, 4.24, 10.76, 1.35, 5.46], [9.12, 14.71, 7.91, 1.41, 1.53, 7.69, 13.26, 5.32, 15.18, 3.99, 6.22, 6.42, 14.61, 9.27, 8.62, 1.07, 3.37, 2.35, 2.05, 1.71, 2.48, 9.12, 3.53, 5.86, 1.85, 8.16, 12.25, 16.97, 15.2, 7.74, 15.25, 14.27, 14.57, 11.04, 5.41, 4.13, 7.73, 3.31, 12.44, 3.64, 5.07, 12.19, 1.24, 1.78, 8.4, 9.36, 3.84, 3.92, 16.53, 1.88, 7.12, 1.81, 2.57, 3.97, 1.1, 5.57, 5.64, 2.02, 5.86, 4.03, 2.34, 5.92, 15.42, 7.51, 2.42, 7.01, 3.29, 2.35, 4.58, 1.22, 9.97, 2.08, 1.59, 3.5, 8.35, 3.72, 5.32, 2.61, 2.08, 0.66, 8.45, 2.77, 3.54, 12.34, 6.78, 10.27, 2.36, 15.61, 6.02, 5.95, 4.91, 7.07, 5.6, 3.97, 9.86, 6.77, 10.79, 3.25, 10.5, 13.56], [5.63, 6.82, 3.16, 1.43, 3.11, 1.49, 2.13, 3.88, 8.93, 4.11, 1.65, 3.13, 4.87, 4.97, 6.3, 6.22, 5.05, 5.05, 2.8, 7.9, 2.57, 2.39, 4.19, 0.89, 5.21, 8.64, 6.61, 9.86, 7.99, 6.42, 9.07, 12.8, 2.4, 9.15, 4.64, 3.97, 3.38, 0.62, 4.48, 3.31, 5.27, 5.92, 2.85, 3.66, 0.52, 8.31, 2.56, 0.94, 5.7, 1.92, 0.85, 7.45, 2.29, 7.58, 1.11, 8.56, 0.93, 6.76, 2.17, 9.26, 9.02, 6.64, 3.21, 6.53, 2.87, 6.66, 2.48, 2.02, 4.4, 1.74, 7.73, 3.48, 3.53, 0.88, 3.55, 1.0, 2.55, 5.28, 0.82, 3.8, 4.23, 13.83, 1.12, 3.41, 7.73, 9.29, 6.14, 2.74, 3.31, 1.69, 3.37, 3.63, 2.49, 0.97, 7.17, 9.38, 4.7, 13.61, 0.87, 7.05]]
distance_nn = [[0.0, 7.78, 8.7, 5.24, 9.09, 2.16, 5.46, 4.77, 5.69, 4.9, 10.61, 9.12, 2.29, 13.16, 2.09, 7.09, 5.39, 1.98, 10.08, 11.52, 8.8, 3.77, 11.43, 12.4, 3.62, 2.74, 3.88, 5.94, 7.62, 0.48, 6.74, 3.21, 1.87, 2.88, 4.46, 3.0, 2.02, 6.82, 0.78, 4.37, 2.99, 1.14, 4.34, 8.94, 7.08, 9.94, 5.11, 6.76, 1.28, 4.98, 8.77, 5.8, 8.1, 3.01, 4.79, 5.52, 15.33, 6.02, 1.16, 1.24, 8.74, 3.57, 1.35, 14.09, 1.85, 15.82, 5.53, 3.97, 7.67, 14.49, 5.68, 1.97, 6.97, 11.84, 3.2, 1.95, 0.81, 0.85, 3.1, 18.43, 9.91, 0.83, 2.22, 8.83, 12.05, 3.84, 6.61, 0.97, 2.91, 3.32, 1.51, 3.61, 3.27, 10.0, 1.52, 4.08, 7.34, 13.28, 2.66, 0.85], [6.5, 0.0, 2.0, 0.72, 13.1, 4.4, 9.42, 3.64, 0.22, 11.82, 8.32, 6.93, 1.04, 3.8, 8.67, 6.49, 2.43, 4.67, 3.56, 6.66, 3.27, 7.02, 8.57, 5.17, 5.21, 12.19, 12.6, 9.65, 2.15, 2.84, 15.36, 1.96, 3.86, 3.53, 8.0, 4.31, 10.07, 5.96, 5.16, 1.47, 1.96, 1.12, 3.19, 5.85, 4.4, 5.14, 2.15, 4.87, 7.76, 8.79, 1.72, 19.54, 4.11, 8.43, 8.53, 4.8, 4.95, 5.17, 4.74, 4.0, 7.73, 1.6, 1.89, 4.88, 4.74, 7.3, 3.8, 8.92, 4.51, 4.59, 7.91, 10.79, 10.05, 8.55, 15.66, 6.86, 2.9, 3.73, 3.12, 13.29, 4.77, 4.57, 4.82, 15.4, 15.35, 2.39, 4.26, 4.36, 1.56, 1.29, 0.69, 10.88, 5.17, 6.21, 2.09, 9.77, 1.91, 6.72, 3.64, 0.0], [7.89, 2.14, 0.0, 8.01, 4.4, 7.38, 2.24, 5.42, 13.21, 2.23, 3.39, 2.03, 1.72, 7.96, 2.51, 0.52, 1.25, 4.11, 1.47, 1.52, 2.03, 3.69, 7.9, 5.23, 4.55, 3.68, 1.25, 2.93, 7.9, 4.0, 4.34, 9.78, 6.33, 13.74, 5.32, 2.46, 8.64, 10.56, 4.22, 0.72, 13.45, 10.0, 5.15, 9.24, 7.02, 4.45, 3.06, 4.7, 7.93, 3.7, 4.82, 1.58, 5.19, 6.86, 3.35, 5.13, 7.82, 10.04, 5.93, 4.45, 3.16, 3.26, 3.27, 12.57, 6.36, 7.62, 10.95, 8.28, 5.32, 4.37, 2.46, 5.63, 5.02, 5.52, 2.81, 8.05, 13.57, 4.41, 4.45, 4.12, 1.87, 11.67, 0.89, 6.2, 1.6, 9.41, 2.26, 11.19, 4.23, 6.99, 5.42, 10.13, 5.72, 1.42, 12.54, 6.23, 7.58, 2.29, 3.78, 12.86], [2.62, 6.39, 1.48, 0.0, 8.31, 5.91, 3.92, 0.93, 2.72, 1.09, 11.03, 4.6, 1.91, 4.21, 2.32, 4.61, 3.18, 1.19, 2.56, 1.24, 0.41, 3.15, 3.3, 2.45, 0.83, 8.91, 5.53, 1.79, 3.34, 6.23, 10.68, 8.66, 2.14, 1.68, 1.33, 1.31, 4.31, 4.21, 1.06, 2.42, 1.17, 4.0, 2.26, 6.69, 0.78, 2.39, 4.94, 12.08, 3.49, 3.0, 1.41, 10.04, 5.14, 5.46, 12.26, 10.97, 6.29, 3.64, 1.79, 1.67, 5.84, 0.36, 1.87, 5.13, 5.86, 5.29, 4.34, 7.39, 2.11, 9.95, 1.52, 3.76, 3.17, 2.01, 2.52, 2.14, 0.96, 1.65, 2.81, 3.05, 2.76, 2.49, 8.59, 10.67, 1.96, 0.56, 5.44, 3.14, 0.26, 2.3, 3.43, 7.33, 0.51, 4.05, 7.51, 6.68, 1.17, 3.16, 1.41, 2.76], [4.37, 14.59, 4.02, 6.33, 0.0, 5.97, 14.45, 9.41, 3.06, 6.32, 4.54, 5.29, 4.48, 5.87, 4.86, 9.33, 6.81, 2.16, 6.22, 4.66, 7.95, 6.45, 3.54, 0.62, 8.46, 8.29, 10.29, 14.96, 10.17, 14.37, 15.25, 2.13, 13.02, 5.96, 10.36, 7.45, 16.59, 3.71, 12.67, 7.86, 12.09, 12.84, 3.76, 2.91, 5.62, 10.35, 7.2, 6.42, 4.21, 5.67, 8.03, 2.4, 3.74, 8.76, 2.34, 11.2, 4.54, 4.29, 6.83, 2.32, 11.8, 12.51, 14.43, 0.99, 12.73, 8.79, 2.37, 2.43, 2.67, 1.24, 7.49, 5.89, 1.53, 4.96, 9.91, 8.08, 5.52, 5.28, 3.5, 1.96, 6.31, 17.57, 2.66, 7.99, 12.51, 1.79, 5.28, 11.33, 6.39, 9.67, 6.19, 10.28, 3.07, 3.46, 6.95, 17.13, 4.11, 3.4, 7.05, 13.56], [1.01, 1.86, 2.83, 5.25, 16.46, 0.0, 4.23, 1.14, 3.15, 13.34, 5.97, 11.45, 0.94, 13.23, 1.88, 14.12, 4.95, 3.54, 4.74, 5.42, 3.37, 2.74, 9.31, 4.26, 7.15, 2.99, 6.6, 4.19, 6.17, 2.58, 12.89, 4.32, 3.58, 0.61, 5.49, 17.35, 3.01, 5.23, 2.68, 9.27, 2.9, 4.06, 5.32, 11.82, 3.76, 7.37, 11.18, 7.7, 0.5, 5.96, 8.19, 21.06, 9.8, 2.04, 16.69, 12.14, 13.08, 1.17, 5.98, 0.73, 16.43, 1.07, 1.58, 6.44, 2.15, 8.79, 6.72, 10.85, 7.08, 16.01, 2.88, 12.39, 2.84, 2.59, 7.82, 2.01, 1.22, 2.61, 6.78, 17.39, 6.06, 1.16, 12.16, 9.32, 12.48, 1.66, 8.16, 0.79, 3.99, 4.45, 2.06, 3.64, 8.3, 2.81, 4.33, 4.77, 6.34, 13.04, 5.77, 3.98], [8.15, 2.62, 2.71, 1.47, 1.74, 4.44, 0.0, 6.66, 5.17, 9.28, 18.76, 6.07, 5.05, 12.29, 1.46, 1.36, 4.52, 5.19, 1.5, 3.66, 5.68, 4.25, 8.96, 4.41, 6.05, 1.93, 1.23, 2.83, 5.66, 6.2, 2.16, 2.14, 6.78, 9.45, 5.75, 7.23, 1.12, 2.02, 3.46, 0.58, 11.12, 6.54, 7.68, 15.33, 3.44, 9.94, 0.43, 8.36, 3.19, 13.84, 9.27, 2.66, 6.1, 1.6, 9.67, 2.01, 9.17, 9.11, 6.02, 3.98, 8.09, 5.84, 4.13, 16.28, 4.25, 3.67, 13.67, 1.63, 5.99, 15.44, 0.79, 4.19, 4.45, 6.47, 8.69, 2.01, 7.91, 5.53, 5.75, 2.28, 14.8, 3.94, 13.79, 0.68, 3.47, 6.69, 7.01, 4.22, 7.51, 2.15, 9.44, 1.42, 4.69, 2.14, 5.57, 3.77, 3.64, 3.45, 3.77, 14.09], [3.24, 3.82, 4.52, 0.73, 9.46, 1.85, 7.05, 0.0, 5.76, 1.55, 7.31, 1.3, 6.8, 3.89, 1.36, 2.55, 3.57, 0.91, 3.54, 5.32, 1.83, 3.56, 4.66, 2.11, 1.24, 6.82, 3.59, 7.27, 6.27, 5.98, 2.82, 2.92, 0.77, 8.48, 0.65, 3.63, 7.17, 3.71, 2.01, 3.5, 11.9, 1.17, 3.5, 7.26, 1.14, 1.96, 5.98, 7.74, 2.9, 11.16, 1.28, 2.8, 6.85, 3.46, 1.4, 1.67, 1.75, 10.18, 0.56, 4.19, 7.12, 1.07, 6.34, 8.82, 1.27, 10.91, 6.06, 2.94, 0.56, 9.4, 1.51, 5.28, 7.79, 0.82, 7.18, 5.63, 4.11, 2.49, 5.92, 4.0, 3.29, 6.31, 4.5, 3.14, 5.89, 1.51, 3.84, 6.49, 0.0, 3.41, 6.84, 10.21, 0.9, 3.97, 8.6, 4.75, 1.49, 1.86, 1.14, 7.74], [3.03, 0.83, 8.4, 3.35, 9.85, 0.53, 12.0, 1.46, 0.0, 10.52, 6.98, 3.17, 1.04, 9.58, 5.2, 5.14, 8.85, 5.66, 5.43, 10.04, 5.32, 7.44, 4.8, 9.22, 1.0, 5.2, 6.8, 8.47, 0.68, 9.19, 2.76, 9.11, 1.02, 4.86, 1.15, 10.89, 16.65, 1.95, 3.64, 9.16, 1.12, 2.74, 10.16, 10.35, 3.86, 17.95, 7.35, 11.95, 1.45, 16.68, 4.94, 21.65, 6.0, 6.86, 4.57, 14.01, 7.92, 2.93, 5.54, 3.07, 15.71, 3.9, 2.23, 8.94, 1.25, 5.5, 5.44, 8.43, 4.19, 10.64, 7.86, 1.42, 11.2, 8.45, 8.5, 3.33, 1.19, 2.09, 7.36, 4.26, 6.56, 3.61, 7.47, 9.84, 5.26, 1.88, 9.83, 3.99, 8.25, 0.73, 0.26, 4.62, 6.41, 1.91, 3.51, 11.67, 1.77, 6.41, 5.23, 0.62], [8.51, 10.51, 2.45, 0.96, 4.81, 4.05, 3.17, 0.88, 13.46, 0.0, 10.37, 1.41, 9.97, 2.29, 4.01, 1.98, 1.71, 1.83, 3.78, 5.29, 1.64, 1.19, 4.72, 4.57, 3.52, 3.77, 3.18, 3.23, 8.0, 5.34, 10.75, 13.48, 10.01, 12.47, 7.68, 4.06, 8.27, 3.35, 6.31, 3.62, 6.54, 4.75, 0.95, 0.99, 5.76, 1.79, 9.84, 4.18, 10.05, 4.38, 1.83, 3.32, 9.84, 3.8, 2.25, 7.5, 6.68, 8.06, 0.74, 16.0, 3.69, 1.84, 4.95, 2.28, 15.53, 8.73, 5.48, 4.33, 1.48, 4.8, 0.99, 3.37, 3.94, 3.16, 3.74, 8.65, 8.72, 7.95, 4.08, 0.86, 3.53, 18.1, 1.44, 11.3, 9.07, 2.69, 1.16, 10.38, 4.89, 9.97, 13.04, 11.93, 2.12, 2.57, 6.31, 11.05, 7.35, 6.52, 1.16, 2.47], [3.91, 4.12, 3.79, 10.4, 6.03, 15.0, 11.87, 11.27, 2.45, 12.52, 0.0, 4.38, 12.37, 1.13, 13.53, 4.37, 14.02, 13.23, 4.28, 5.06, 5.27, 8.55, 0.78, 7.56, 10.28, 13.83, 2.14, 18.18, 3.38, 5.3, 13.54, 2.62, 1.28, 7.16, 8.6, 10.77, 19.12, 3.52, 12.62, 6.36, 12.91, 3.8, 7.49, 3.99, 4.97, 5.91, 6.98, 1.93, 15.56, 4.42, 4.58, 9.79, 4.21, 3.73, 6.32, 2.55, 0.0, 4.34, 8.27, 12.34, 16.59, 2.38, 3.78, 0.61, 4.69, 0.0, 3.35, 0.82, 2.63, 3.23, 2.91, 2.08, 3.69, 4.86, 7.81, 2.83, 2.43, 8.26, 2.8, 6.17, 1.18, 12.1, 5.07, 4.2, 23.87, 2.62, 6.17, 9.16, 1.65, 5.38, 3.13, 4.56, 6.43, 3.58, 1.04, 20.98, 2.88, 7.39, 5.75, 9.94], [4.8, 9.01, 1.45, 3.17, 6.54, 2.64, 5.33, 0.79, 5.68, 0.74, 9.55, 0.0, 5.27, 7.77, 0.65, 1.29, 2.52, 8.14, 0.71, 1.99, 2.22, 2.81, 5.6, 3.68, 2.5, 2.41, 4.24, 4.41, 10.28, 2.96, 6.19, 9.13, 6.29, 4.61, 4.44, 5.59, 4.42, 2.43, 5.07, 5.12, 10.01, 7.85, 3.6, 4.46, 2.38, 6.37, 7.94, 1.04, 9.87, 4.35, 1.3, 9.68, 5.31, 4.65, 3.51, 12.43, 5.11, 6.01, 0.89, 13.17, 1.32, 4.66, 8.4, 8.33, 2.88, 2.17, 5.77, 4.04, 5.25, 4.11, 2.24, 3.5, 4.37, 0.38, 4.21, 4.79, 7.52, 9.18, 2.52, 5.25, 5.61, 4.67, 2.09, 13.22, 11.18, 6.6, 3.38, 6.36, 1.68, 4.35, 3.66, 2.26, 4.92, 2.35, 9.05, 10.44, 0.92, 6.8, 2.52, 7.81], [2.81, 0.66, 11.29, 1.4, 11.37, 0.97, 5.71, 1.89, 2.62, 8.09, 6.69, 2.62, 0.0, 4.35, 4.95, 11.11, 5.46, 0.75, 9.23, 6.31, 8.17, 3.52, 7.82, 4.32, 5.69, 10.32, 8.18, 5.04, 1.57, 5.05, 9.73, 9.32, 1.82, 3.54, 1.15, 10.24, 13.43, 7.24, 7.02, 4.26, 2.06, 2.27, 3.16, 2.39, 0.85, 13.37, 3.59, 8.48, 5.2, 8.86, 8.65, 2.77, 7.11, 5.51, 6.45, 13.23, 10.48, 3.06, 4.45, 1.08, 7.58, 1.02, 0.19, 6.18, 0.72, 9.33, 1.07, 6.8, 5.63, 13.66, 4.58, 5.47, 1.67, 1.44, 9.77, 4.86, 1.21, 2.11, 8.04, 18.49, 8.34, 5.22, 15.8, 9.9, 14.13, 1.29, 15.11, 0.27, 3.06, 4.25, 2.15, 2.85, 7.01, 12.63, 3.16, 12.24, 1.51, 14.37, 1.17, 1.38], [4.17, 1.56, 4.79, 2.06, 5.27, 1.95, 15.76, 5.92, 1.29, 8.35, 0.94, 3.3, 9.91, 0.0, 1.5, 13.16, 5.4, 5.61, 1.99, 15.32, 6.65, 7.57, 0.43, 5.03, 0.94, 18.17, 12.1, 6.62, 2.35, 14.1, 6.33, 7.13, 6.52, 7.66, 8.9, 3.54, 13.44, 1.7, 8.22, 14.7, 11.44, 6.72, 9.83, 0.36, 4.64, 5.24, 17.64, 11.69, 14.99, 3.29, 8.04, 5.3, 1.62, 9.98, 14.51, 4.67, 0.87, 3.97, 3.39, 10.47, 16.13, 5.57, 7.04, 0.55, 6.52, 1.07, 2.3, 4.25, 7.1, 0.78, 5.85, 0.56, 3.15, 4.46, 5.37, 2.34, 11.9, 6.0, 2.62, 7.79, 2.5, 16.8, 11.43, 15.59, 14.17, 2.25, 10.28, 5.67, 1.01, 3.92, 9.04, 15.91, 1.03, 8.32, 2.67, 11.41, 5.85, 20.57, 5.79, 4.04], [2.86, 4.6, 4.31, 2.86, 10.79, 1.4, 1.88, 2.06, 5.64, 2.0, 7.44, 0.48, 6.2, 9.3, 0.0, 2.85, 1.93, 3.27, 3.0, 5.08, 2.71, 1.26, 1.6, 1.56, 3.14, 2.32, 1.36, 4.86, 3.54, 1.45, 4.51, 2.11, 2.61, 8.03, 1.03, 1.48, 4.92, 1.1, 3.51, 4.4, 5.24, 4.93, 5.56, 6.03, 4.28, 4.9, 4.25, 3.18, 6.13, 11.68, 0.84, 9.1, 8.42, 0.83, 6.2, 6.36, 2.3, 5.97, 1.2, 1.34, 4.98, 0.5, 8.83, 8.04, 1.98, 1.38, 7.22, 3.5, 0.62, 1.7, 0.59, 8.72, 11.39, 1.35, 5.31, 2.05, 1.11, 5.64, 3.55, 6.95, 5.35, 1.76, 12.05, 4.64, 6.76, 2.89, 8.01, 2.62, 1.39, 3.04, 1.4, 8.06, 4.57, 2.89, 3.94, 5.3, 1.59, 1.84, 2.98, 5.16], [12.39, 13.12, 0.97, 3.21, 8.67, 13.73, 4.95, 2.76, 7.69, 0.68, 12.1, 1.41, 13.54, 4.58, 5.95, 0.0, 2.14, 5.53, 4.23, 1.37, 1.28, 9.36, 8.89, 2.96, 1.4, 6.37, 2.09, 7.82, 14.18, 5.61, 5.85, 10.62, 2.9, 5.4, 5.23, 3.02, 8.05, 6.68, 8.29, 1.71, 6.0, 7.8, 4.54, 9.05, 3.75, 0.98, 5.86, 2.57, 8.59, 1.54, 3.16, 5.98, 8.73, 4.43, 2.53, 5.14, 1.99, 8.35, 5.7, 10.26, 1.87, 3.91, 2.33, 9.24, 4.52, 3.87, 9.01, 8.59, 1.13, 4.94, 3.92, 9.59, 2.59, 5.16, 1.12, 4.02, 8.95, 9.62, 2.87, 4.81, 4.88, 5.09, 4.69, 5.79, 6.14, 9.09, 0.63, 8.95, 0.75, 8.66, 10.15, 3.45, 1.51, 3.93, 12.93, 6.11, 2.18, 7.48, 8.1, 13.22], [2.01, 15.25, 3.12, 8.01, 7.46, 8.63, 4.71, 1.03, 12.47, 0.49, 14.87, 3.35, 5.19, 8.61, 8.87, 2.02, 0.0, 9.01, 5.35, 3.59, 6.32, 8.97, 9.91, 4.28, 10.4, 2.26, 4.2, 10.14, 8.13, 6.9, 4.26, 4.98, 8.19, 3.17, 8.09, 2.0, 12.28, 6.09, 3.04, 3.33, 7.06, 10.02, 3.76, 9.39, 1.74, 1.87, 2.53, 1.03, 9.19, 3.43, 5.88, 5.86, 7.63, 10.64, 0.37, 4.51, 12.75, 6.83, 4.41, 13.78, 4.58, 5.57, 14.47, 10.13, 2.44, 6.61, 4.49, 4.45, 11.38, 7.79, 2.83, 5.73, 8.65, 6.2, 0.52, 2.0, 15.13, 13.3, 7.07, 2.16, 4.08, 18.66, 3.08, 4.76, 11.95, 7.31, 0.73, 3.15, 4.91, 2.53, 8.14, 6.52, 5.4, 2.27, 14.21, 11.3, 2.09, 3.01, 1.7, 13.7], [3.04, 0.95, 10.2, 0.64, 12.84, 2.39, 3.37, 3.24, 5.31, 8.01, 8.99, 2.65, 1.46, 3.39, 2.68, 4.79, 3.37, 0.0, 5.71, 4.69, 4.92, 0.73, 10.07, 9.34, 3.67, 7.11, 6.96, 1.67, 3.54, 2.3, 6.65, 4.66, 1.05, 5.06, 2.3, 9.28, 8.62, 0.96, 0.93, 7.96, 0.95, 2.48, 2.95, 5.69, 2.79, 13.24, 6.59, 11.28, 3.34, 8.41, 3.68, 8.99, 8.95, 1.84, 7.48, 10.46, 12.83, 6.6, 2.39, 3.18, 10.76, 1.08, 4.74, 2.2, 3.91, 1.49, 4.76, 8.6, 3.27, 12.67, 1.88, 10.97, 9.04, 3.98, 6.7, 7.35, 3.33, 0.64, 1.31, 4.94, 3.51, 6.3, 8.36, 6.61, 10.5, 0.58, 13.41, 0.45, 2.15, 7.86, 2.51, 10.09, 4.09, 9.31, 3.44, 3.86, 0.68, 4.69, 0.99, 3.98], [4.71, 7.69, 7.3, 1.63, 4.89, 8.76, 4.72, 2.98, 8.57, 5.9, 2.65, 3.11, 7.84, 3.77, 2.71, 6.36, 3.83, 3.46, 0.0, 1.44, 3.05, 2.48, 1.19, 0.73, 4.42, 3.21, 10.07, 4.8, 4.86, 12.72, 1.73, 11.47, 7.72, 12.88, 7.09, 9.33, 7.62, 0.11, 4.2, 10.7, 4.06, 3.96, 6.25, 0.46, 3.41, 13.34, 13.55, 8.19, 1.38, 12.86, 0.44, 11.49, 0.79, 9.05, 6.3, 2.32, 3.48, 3.9, 0.79, 4.44, 6.19, 2.48, 4.23, 2.07, 8.36, 1.58, 0.75, 2.82, 2.98, 2.28, 6.56, 4.77, 3.88, 1.32, 5.66, 1.55, 6.83, 1.05, 1.03, 5.46, 1.14, 2.49, 1.9, 4.44, 11.76, 2.9, 2.17, 9.0, 4.8, 4.29, 2.2, 1.95, 1.63, 3.31, 1.14, 17.9, 3.61, 15.88, 0.89, 1.77], [11.86, 10.17, 2.15, 6.41, 7.82, 12.71, 4.97, 1.12, 6.54, 3.12, 16.1, 0.81, 3.96, 9.64, 5.51, 2.13, 4.53, 8.02, 11.56, 0.0, 1.66, 7.5, 14.13, 4.57, 8.1, 3.94, 1.38, 1.74, 2.42, 5.97, 1.35, 3.75, 11.09, 10.91, 6.67, 2.23, 6.21, 1.82, 6.11, 3.01, 6.88, 2.48, 6.7, 5.54, 7.92, 2.1, 3.5, 7.0, 9.61, 3.65, 7.47, 4.89, 10.39, 3.31, 4.33, 5.36, 5.17, 7.38, 4.16, 12.61, 3.8, 7.66, 5.19, 4.83, 8.29, 16.31, 5.53, 3.46, 6.93, 4.52, 0.5, 6.75, 12.67, 1.2, 3.11, 12.38, 1.75, 6.2, 6.42, 4.78, 11.25, 7.16, 3.08, 1.57, 6.81, 6.53, 4.5, 5.14, 6.21, 9.17, 10.84, 5.13, 8.08, 6.58, 2.41, 4.77, 7.14, 5.29, 9.35, 6.8], [4.16, 4.09, 4.8, 1.41, 4.59, 1.05, 6.53, 0.52, 1.84, 5.39, 7.35, 1.21, 8.17, 7.3, 3.76, 3.43, 4.44, 6.1, 1.58, 8.22, 0.0, 3.24, 3.8, 1.31, 1.78, 4.69, 5.62, 6.79, 5.15, 5.55, 5.82, 11.85, 2.24, 10.65, 1.15, 6.09, 8.42, 1.47, 5.11, 5.49, 2.53, 2.79, 5.03, 3.45, 0.0, 10.46, 1.8, 5.86, 6.65, 8.97, 0.55, 8.83, 1.54, 5.68, 7.04, 3.81, 9.06, 1.2, 0.5, 7.83, 7.94, 3.33, 8.31, 6.0, 2.9, 8.95, 3.74, 1.79, 1.41, 4.06, 5.62, 8.41, 4.73, 1.77, 2.32, 1.26, 9.47, 2.77, 1.66, 9.61, 2.22, 6.0, 4.89, 10.73, 3.32, 5.46, 1.25, 3.01, 2.12, 7.0, 2.4, 1.85, 0.37, 2.39, 5.59, 3.65, 0.16, 5.85, 2.19, 7.22], [2.2, 6.7, 2.34, 2.45, 6.35, 5.18, 4.88, 3.67, 6.6, 9.47, 6.83, 4.04, 1.26, 1.48, 1.94, 1.38, 3.43, 0.23, 0.95, 7.55, 4.21, 0.0, 7.21, 3.22, 2.02, 8.97, 8.61, 3.17, 3.17, 2.08, 7.02, 4.94, 0.46, 6.88, 1.52, 4.25, 6.28, 2.72, 1.51, 3.46, 6.28, 4.0, 3.81, 7.55, 1.34, 9.23, 6.34, 5.89, 4.02, 9.99, 1.54, 12.63, 7.62, 1.77, 5.68, 6.33, 12.97, 7.72, 5.87, 3.46, 5.88, 0.44, 4.16, 8.9, 6.36, 5.43, 1.24, 7.59, 4.28, 11.69, 5.25, 5.87, 9.96, 2.9, 2.77, 6.27, 3.35, 3.1, 2.25, 2.12, 2.27, 6.74, 10.39, 7.06, 6.11, 2.54, 1.47, 2.55, 2.4, 8.78, 2.16, 5.23, 0.76, 4.68, 6.79, 1.85, 2.79, 5.56, 1.96, 5.36], [4.38, 4.69, 2.32, 6.08, 5.03, 7.85, 11.27, 3.96, 7.41, 8.69, 1.67, 7.38, 2.95, 0.53, 5.2, 10.08, 9.39, 1.86, 2.85, 3.59, 1.74, 8.53, 0.0, 2.81, 6.82, 7.19, 3.19, 13.31, 1.18, 2.17, 10.16, 12.12, 3.15, 9.54, 3.15, 12.38, 5.64, 2.27, 2.25, 11.21, 17.11, 1.02, 6.42, 0.57, 6.21, 3.8, 13.65, 2.16, 12.35, 9.08, 2.8, 10.03, 2.5, 9.43, 1.76, 10.63, 1.81, 2.87, 1.61, 12.51, 14.62, 7.78, 9.1, 0.0, 7.11, 1.31, 1.32, 1.76, 4.8, 2.47, 10.88, 1.05, 0.78, 5.2, 4.83, 1.46, 6.97, 3.76, 2.34, 5.47, 0.31, 15.39, 9.34, 18.67, 6.21, 5.2, 8.52, 7.1, 3.6, 3.1, 8.27, 8.25, 5.07, 7.07, 2.45, 17.0, 6.5, 11.08, 7.24, 3.37], [10.52, 4.3, 6.57, 5.53, 1.97, 11.69, 3.58, 1.39, 6.61, 1.94, 2.44, 0.82, 4.7, 0.87, 2.66, 5.05, 6.08, 8.12, 2.61, 3.98, 0.95, 1.29, 5.45, 0.0, 3.75, 2.58, 7.53, 3.82, 8.01, 4.25, 1.51, 9.48, 6.94, 5.58, 5.25, 1.51, 8.55, 3.3, 8.4, 2.39, 3.13, 4.64, 1.51, 1.7, 2.91, 6.95, 2.9, 4.22, 12.21, 3.07, 2.3, 5.2, 3.97, 4.97, 6.92, 3.85, 5.28, 6.22, 1.68, 6.19, 5.9, 5.02, 4.13, 5.37, 3.26, 3.45, 5.04, 0.61, 4.87, 3.28, 5.12, 1.35, 4.54, 1.17, 7.85, 4.7, 12.54, 1.69, 1.22, 1.93, 2.72, 14.24, 1.59, 4.99, 11.69, 1.02, 4.26, 8.01, 3.99, 2.95, 9.11, 5.27, 1.92, 0.61, 3.93, 16.45, 3.37, 5.91, 1.01, 6.11], [6.68, 4.6, 3.1, 0.24, 2.47, 4.12, 5.12, 0.53, 4.0, 4.78, 1.58, 2.89, 6.13, 5.25, 3.19, 5.66, 7.5, 1.28, 4.06, 2.61, 1.53, 3.49, 4.68, 1.04, 0.0, 3.38, 7.47, 0.81, 4.97, 7.37, 7.87, 8.1, 1.23, 6.15, 2.07, 2.2, 9.31, 5.22, 4.73, 3.89, 1.45, 2.73, 2.43, 7.23, 1.93, 2.47, 1.54, 8.81, 7.35, 6.04, 2.17, 3.67, 2.04, 4.96, 11.62, 7.64, 7.21, 4.43, 1.15, 6.01, 10.33, 1.53, 5.03, 8.09, 7.14, 2.19, 1.43, 6.46, 0.88, 2.54, 2.69, 2.93, 9.27, 1.62, 8.5, 1.9, 3.11, 2.37, 1.74, 1.92, 1.02, 4.91, 9.49, 14.63, 9.33, 2.5, 9.24, 1.41, 0.76, 1.09, 5.26, 4.87, 1.55, 3.34, 7.14, 13.33, 0.5, 9.65, 1.25, 0.96], [9.81, 9.26, 4.68, 3.57, 8.3, 9.02, 2.52, 7.97, 8.89, 3.25, 4.3, 0.9, 7.65, 16.86, 2.57, 3.05, 6.3, 2.04, 5.52, 1.58, 7.78, 5.3, 10.13, 10.85, 3.95, 0.0, 2.95, 0.89, 3.75, 9.16, 1.34, 5.47, 11.28, 16.1, 5.73, 8.82, 1.52, 14.22, 7.38, 1.66, 8.01, 1.73, 7.42, 3.77, 7.29, 6.97, 1.45, 10.57, 2.65, 7.33, 2.49, 4.21, 14.02, 3.76, 5.34, 3.7, 5.63, 19.31, 5.5, 3.47, 1.33, 4.4, 10.61, 5.22, 8.84, 16.54, 8.53, 13.86, 10.33, 15.48, 2.64, 11.82, 9.34, 2.75, 0.99, 14.47, 5.69, 2.51, 10.8, 4.12, 5.97, 12.22, 4.09, 4.2, 3.04, 8.52, 9.01, 12.57, 4.79, 14.44, 1.67, 3.92, 2.47, 5.44, 5.97, 2.42, 2.36, 0.92, 9.59, 16.85], [6.87, 14.02, 3.3, 7.64, 13.21, 1.98, 4.85, 7.77, 14.22, 5.76, 5.16, 2.71, 2.88, 3.19, 6.86, 3.9, 4.39, 2.29, 10.44, 0.27, 4.37, 9.07, 3.96, 7.39, 5.26, 2.41, 0.0, 6.91, 6.76, 6.91, 1.51, 6.13, 2.58, 6.99, 4.14, 4.71, 6.35, 5.87, 7.55, 1.65, 1.91, 10.66, 1.66, 6.68, 6.59, 4.65, 2.99, 3.0, 3.14, 8.96, 7.42, 7.96, 11.03, 1.84, 4.75, 6.15, 12.98, 4.55, 3.8, 2.99, 1.1, 8.13, 3.77, 5.52, 7.37, 16.71, 3.6, 11.08, 6.94, 6.03, 0.98, 4.9, 3.46, 2.3, 2.81, 12.58, 13.72, 7.34, 5.09, 4.13, 11.08, 12.74, 3.19, 7.61, 3.71, 3.92, 6.7, 11.84, 1.89, 11.55, 12.36, 2.48, 8.89, 2.04, 16.52, 7.31, 4.43, 2.05, 6.65, 9.29], [4.26, 10.61, 4.44, 2.41, 5.0, 5.44, 1.36, 2.38, 4.58, 1.51, 11.85, 3.24, 2.28, 12.23, 5.08, 6.3, 9.49, 2.15, 7.85, 1.14, 2.35, 2.62, 5.83, 3.16, 2.92, 2.98, 4.02, 0.0, 4.05, 1.94, 1.11, 0.61, 5.45, 8.74, 4.79, 6.76, 2.69, 7.92, 2.22, 3.76, 5.73, 5.19, 4.08, 13.17, 3.24, 11.8, 2.01, 4.48, 2.63, 14.57, 2.99, 9.33, 5.54, 1.02, 1.62, 6.1, 16.08, 1.98, 7.57, 9.54, 7.73, 3.93, 2.19, 16.08, 4.31, 7.01, 9.76, 8.07, 5.47, 10.31, 4.87, 8.16, 9.04, 1.19, 7.13, 7.64, 3.76, 2.6, 7.22, 4.96, 10.61, 6.99, 2.18, 6.31, 7.2, 7.21, 5.42, 7.1, 5.76, 13.31, 5.79, 0.7, 6.2, 4.31, 5.25, 1.42, 2.66, 4.38, 1.37, 2.66], [5.54, 1.44, 7.74, 3.75, 1.58, 2.72, 9.85, 3.32, 2.46, 5.53, 2.24, 8.27, 2.56, 6.48, 6.33, 4.44, 8.14, 1.92, 4.56, 3.62, 6.92, 6.38, 1.68, 4.56, 3.11, 13.14, 3.91, 3.56, 0.0, 1.31, 9.21, 15.15, 0.77, 3.17, 1.26, 7.37, 16.11, 3.6, 1.25, 8.04, 8.88, 1.32, 9.64, 3.19, 6.96, 16.92, 3.79, 4.47, 6.25, 15.78, 4.51, 18.38, 3.26, 11.26, 13.31, 12.42, 6.28, 1.95, 4.88, 2.54, 14.19, 2.11, 2.94, 3.46, 6.43, 4.05, 1.87, 1.93, 2.54, 1.84, 8.16, 9.04, 1.83, 4.09, 14.32, 0.9, 4.2, 1.95, 2.78, 10.99, 1.9, 4.35, 9.66, 3.96, 2.07, 2.16, 15.39, 4.67, 3.57, 1.93, 2.53, 3.83, 3.2, 7.94, 1.21, 16.79, 4.92, 5.15, 0.55, 0.87], [1.12, 8.66, 8.91, 5.71, 15.7, 2.06, 6.8, 3.28, 2.69, 5.32, 12.25, 5.39, 3.46, 14.79, 3.93, 3.81, 14.85, 3.01, 2.39, 10.02, 8.4, 2.79, 6.32, 3.71, 6.52, 10.1, 3.05, 2.77, 3.13, 0.0, 5.4, 1.07, 4.92, 6.63, 5.82, 7.92, 5.95, 2.85, 0.5, 6.99, 3.23, 2.28, 9.24, 5.62, 8.81, 13.16, 1.36, 4.02, 0.63, 2.67, 4.52, 12.39, 3.99, 4.88, 7.57, 5.04, 3.7, 2.43, 9.14, 0.98, 2.73, 4.17, 6.25, 13.02, 2.54, 11.03, 4.27, 12.22, 1.23, 8.38, 5.32, 6.71, 4.76, 5.29, 1.82, 3.13, 2.05, 4.39, 10.12, 7.95, 8.99, 2.3, 3.62, 3.28, 6.59, 4.43, 14.25, 1.91, 6.96, 8.97, 1.86, 4.34, 4.7, 13.4, 8.34, 7.12, 8.28, 6.87, 8.99, 4.4], [4.37, 16.13, 2.49, 6.12, 10.44, 10.89, 0.64, 8.97, 10.12, 4.62, 6.55, 9.69, 6.81, 7.14, 3.23, 1.9, 5.97, 2.26, 14.19, 3.41, 4.68, 4.06, 14.11, 10.22, 6.93, 0.47, 1.7, 3.15, 12.58, 4.65, 0.0, 2.92, 3.55, 12.81, 2.56, 11.27, 0.67, 14.75, 4.22, 3.17, 13.2, 11.65, 5.7, 4.68, 3.67, 9.36, 0.19, 13.7, 4.9, 4.12, 7.28, 7.71, 5.45, 4.83, 9.69, 1.81, 6.47, 4.42, 9.67, 2.23, 1.72, 5.67, 14.51, 18.07, 2.17, 13.63, 5.08, 10.79, 1.65, 19.01, 1.24, 12.3, 5.28, 1.31, 8.77, 14.02, 3.16, 6.74, 7.69, 11.54, 1.82, 13.65, 7.73, 2.47, 1.78, 1.27, 3.17, 9.31, 4.09, 5.78, 11.93, 1.25, 2.55, 10.68, 13.2, 1.89, 10.91, 3.04, 5.67, 13.78], [4.64, 5.22, 8.71, 4.84, 10.24, 1.48, 1.08, 2.01, 5.24, 3.76, 19.05, 5.49, 6.3, 4.39, 4.25, 2.46, 12.14, 6.41, 15.56, 1.7, 11.62, 1.13, 17.64, 5.35, 8.12, 6.48, 3.54, 1.68, 14.37, 2.41, 1.68, 0.0, 1.52, 11.36, 6.01, 12.36, 0.7, 2.65, 3.37, 0.71, 3.58, 9.4, 8.4, 13.7, 7.68, 9.33, 4.81, 17.01, 5.13, 16.17, 7.41, 18.18, 15.13, 1.01, 13.01, 2.39, 19.61, 12.55, 7.14, 11.32, 10.44, 1.3, 6.02, 15.69, 5.72, 3.32, 5.68, 13.72, 9.51, 12.36, 5.89, 17.24, 2.66, 12.35, 7.01, 3.56, 4.0, 6.84, 2.29, 7.52, 16.84, 8.83, 9.83, 4.09, 5.91, 1.87, 5.23, 2.47, 5.57, 10.47, 11.36, 0.55, 6.89, 6.43, 15.93, 0.97, 10.77, 0.91, 2.49, 7.27], [2.72, 1.72, 7.23, 2.35, 11.7, 3.27, 9.21, 1.95, 1.33, 10.86, 9.65, 4.59, 1.23, 4.3, 4.54, 5.84, 2.5, 0.22, 5.58, 6.85, 2.62, 2.4, 9.47, 8.3, 1.14, 3.12, 6.53, 6.25, 3.69, 4.87, 5.86, 7.45, 0.0, 1.75, 0.59, 11.04, 4.35, 7.38, 3.06, 8.21, 3.77, 0.67, 7.57, 2.39, 5.54, 7.34, 3.64, 4.95, 2.44, 10.63, 0.86, 6.23, 6.47, 3.04, 6.81, 2.73, 11.54, 8.1, 5.17, 2.22, 8.33, 0.33, 1.62, 2.52, 6.05, 11.93, 3.73, 1.44, 1.4, 2.5, 7.49, 12.38, 8.78, 3.93, 2.43, 1.59, 0.51, 0.14, 2.17, 12.19, 7.03, 1.15, 9.19, 4.39, 8.5, 0.42, 5.91, 1.66, 3.05, 5.5, 2.0, 3.6, 1.14, 8.8, 7.58, 12.57, 3.06, 9.99, 0.6, 3.58], [3.53, 4.46, 9.54, 1.31, 11.63, 1.01, 2.87, 3.14, 1.11, 4.09, 3.55, 5.91, 1.16, 13.64, 8.0, 2.8, 12.78, 3.15, 7.81, 4.46, 2.15, 3.66, 14.75, 3.64, 9.62, 7.91, 8.19, 3.63, 6.26, 1.52, 7.65, 10.41, 3.73, 0.0, 1.75, 3.1, 13.89, 7.56, 7.5, 9.55, 2.2, 6.59, 18.13, 14.86, 9.62, 19.41, 8.04, 7.59, 3.73, 8.65, 1.31, 8.69, 3.27, 1.99, 18.52, 9.26, 5.01, 2.88, 8.03, 1.04, 6.14, 7.65, 2.47, 10.5, 2.63, 12.01, 7.57, 14.5, 1.0, 14.0, 7.39, 4.16, 2.9, 9.24, 16.23, 11.99, 0.52, 1.45, 8.98, 11.17, 7.68, 2.65, 8.93, 10.88, 5.22, 5.6, 6.07, 3.03, 4.88, 8.97, 1.39, 13.43, 2.54, 8.55, 7.2, 6.38, 6.25, 3.03, 1.73, 4.13], [5.75, 6.55, 0.94, 0.69, 8.79, 2.89, 4.23, 1.44, 7.99, 7.38, 11.76, 2.6, 5.53, 8.67, 0.73, 5.92, 10.14, 1.92, 5.63, 4.04, 0.95, 1.83, 8.14, 2.71, 1.68, 6.6, 7.77, 4.44, 5.59, 4.15, 3.93, 7.07, 1.75, 4.42, 0.0, 9.37, 1.4, 2.91, 1.54, 6.14, 8.5, 2.48, 0.97, 1.18, 1.56, 7.75, 5.46, 7.46, 2.1, 10.66, 3.2, 14.08, 1.79, 1.75, 6.33, 10.7, 8.09, 10.08, 3.72, 6.71, 4.22, 0.69, 4.72, 4.23, 5.53, 6.76, 6.74, 2.01, 0.67, 8.42, 4.84, 2.1, 11.03, 4.49, 2.35, 6.74, 1.08, 1.65, 6.76, 6.99, 5.07, 4.84, 1.78, 4.35, 6.85, 4.09, 5.21, 3.35, 0.66, 7.3, 4.9, 10.49, 2.05, 7.45, 3.95, 10.41, 1.6, 2.47, 1.86, 2.4], [11.13, 11.22, 4.21, 3.28, 3.13, 16.5, 9.12, 2.94, 3.61, 3.55, 5.95, 7.07, 3.11, 9.53, 7.11, 3.2, 1.86, 13.98, 8.19, 1.61, 9.67, 6.74, 8.89, 7.96, 1.41, 2.64, 0.95, 2.89, 2.35, 7.35, 7.81, 14.8, 3.02, 18.7, 8.54, 0.0, 4.65, 11.12, 6.25, 5.37, 7.03, 2.35, 3.66, 9.87, 7.15, 1.19, 8.61, 0.99, 3.85, 1.13, 6.93, 1.97, 6.3, 11.33, 0.81, 7.52, 10.17, 11.26, 3.8, 9.83, 5.76, 7.53, 15.3, 2.84, 16.83, 5.26, 8.27, 1.38, 12.85, 6.6, 8.3, 11.88, 4.54, 7.69, 2.03, 3.43, 15.63, 16.42, 6.53, 0.79, 9.0, 17.52, 1.52, 4.47, 3.89, 5.99, 0.39, 11.77, 4.81, 8.08, 17.11, 4.27, 8.74, 2.31, 15.64, 8.48, 11.58, 9.35, 1.47, 2.61], [5.33, 11.77, 4.22, 2.54, 9.98, 6.57, 3.0, 7.5, 2.11, 8.27, 2.92, 7.6, 3.07, 17.55, 3.41, 4.17, 9.41, 6.88, 10.96, 1.05, 4.45, 9.47, 8.73, 2.23, 3.61, 1.89, 2.15, 2.71, 13.72, 6.23, 0.32, 1.35, 9.37, 3.91, 5.83, 6.63, 0.0, 7.49, 4.98, 1.82, 10.03, 9.63, 5.73, 6.58, 8.37, 7.64, 0.57, 5.91, 1.31, 14.16, 13.56, 11.82, 18.94, 5.65, 8.26, 0.64, 15.2, 10.05, 12.78, 10.85, 6.27, 1.74, 3.63, 2.87, 8.21, 4.92, 7.1, 4.57, 6.47, 21.13, 3.71, 9.7, 19.24, 7.37, 2.41, 11.89, 12.66, 11.28, 13.94, 16.06, 10.35, 8.5, 12.2, 1.69, 0.22, 9.27, 6.59, 4.24, 7.5, 4.26, 13.82, 0.39, 6.95, 10.84, 8.97, 1.11, 12.26, 3.25, 9.78, 4.34], [2.61, 4.9, 8.97, 5.42, 7.13, 4.99, 4.72, 4.83, 3.24, 6.41, 4.38, 5.67, 7.96, 3.45, 6.22, 10.7, 7.46, 2.75, 0.13, 2.85, 1.22, 7.24, 1.67, 0.55, 0.89, 6.04, 6.58, 7.89, 3.42, 6.94, 12.2, 5.12, 2.75, 9.36, 6.05, 1.51, 12.89, 0.0, 8.5, 8.75, 11.27, 2.68, 3.29, 2.01, 2.61, 11.64, 3.25, 2.85, 5.57, 4.97, 1.8, 1.66, 0.75, 5.05, 2.52, 17.94, 4.99, 1.35, 1.36, 9.17, 8.59, 6.8, 3.67, 2.76, 8.57, 0.99, 0.82, 3.77, 1.43, 4.64, 6.18, 0.94, 3.65, 1.62, 7.81, 0.19, 10.13, 6.38, 1.78, 6.98, 0.19, 7.94, 4.52, 3.05, 5.82, 2.42, 8.88, 5.82, 2.46, 3.11, 1.19, 14.59, 1.02, 2.99, 2.02, 1.89, 1.18, 11.23, 1.13, 6.11], [0.9, 9.86, 3.2, 0.64, 8.86, 3.84, 0.5, 1.96, 2.45, 7.91, 5.43, 4.04, 4.74, 11.24, 3.85, 5.18, 3.63, 0.46, 4.15, 0.91, 7.94, 1.91, 4.48, 2.88, 1.38, 4.03, 1.66, 1.72, 10.25, 2.08, 6.98, 1.69, 1.81, 4.76, 1.51, 6.84, 6.56, 1.81, 0.0, 1.81, 5.29, 6.22, 4.52, 8.54, 1.56, 1.84, 2.21, 13.27, 0.83, 4.78, 5.8, 17.63, 6.24, 0.93, 10.12, 2.07, 4.17, 7.93, 6.6, 6.17, 11.79, 1.05, 2.77, 11.37, 3.06, 15.4, 10.84, 11.56, 4.68, 2.67, 4.95, 13.46, 11.74, 4.39, 2.05, 10.9, 2.1, 0.68, 1.24, 11.13, 6.46, 5.35, 3.44, 6.2, 2.06, 3.68, 1.93, 3.34, 3.35, 6.46, 7.69, 2.96, 5.58, 6.99, 4.34, 4.54, 3.76, 7.18, 6.81, 3.92], [9.08, 9.5, 2.79, 3.38, 5.83, 7.39, 0.45, 3.49, 10.24, 7.92, 10.26, 4.26, 2.76, 2.24, 3.2, 1.34, 1.34, 5.59, 11.59, 0.85, 1.71, 4.74, 9.03, 9.88, 3.52, 1.95, 3.52, 2.7, 8.95, 7.35, 1.11, 2.81, 4.59, 8.09, 6.22, 10.18, 3.74, 11.43, 5.1, 0.0, 8.44, 8.76, 7.05, 9.46, 8.28, 3.54, 0.72, 2.89, 1.24, 8.65, 7.22, 13.89, 12.99, 3.05, 2.99, 1.77, 15.0, 5.44, 6.25, 7.1, 6.43, 1.53, 3.66, 2.63, 3.42, 16.52, 1.65, 11.06, 4.48, 7.54, 0.49, 7.98, 4.99, 6.96, 6.53, 5.33, 4.54, 7.05, 8.03, 9.11, 7.35, 2.39, 2.08, 3.59, 4.79, 2.72, 5.4, 4.6, 1.92, 6.68, 9.9, 5.26, 5.42, 5.16, 4.66, 1.54, 5.8, 2.02, 0.96, 3.77], [2.24, 8.06, 10.57, 6.24, 20.43, 2.34, 12.37, 3.57, 5.46, 9.72, 12.1, 5.24, 3.44, 7.94, 4.92, 17.5, 4.78, 2.46, 6.1, 2.22, 3.3, 4.61, 7.91, 11.79, 8.31, 3.4, 9.0, 8.25, 2.99, 2.45, 3.01, 8.39, 5.6, 1.27, 8.42, 6.48, 8.46, 5.08, 1.42, 8.17, 0.0, 5.15, 10.19, 4.08, 1.58, 14.26, 2.12, 3.01, 3.99, 19.27, 1.58, 16.54, 9.15, 8.07, 2.62, 6.31, 16.55, 10.58, 1.66, 2.48, 4.41, 4.03, 3.79, 12.83, 0.78, 9.1, 3.2, 12.62, 10.19, 9.83, 13.59, 17.9, 12.95, 5.28, 10.83, 14.23, 2.65, 1.5, 16.23, 10.56, 6.66, 1.12, 22.15, 2.28, 11.57, 3.05, 5.93, 2.56, 10.68, 9.17, 2.89, 13.23, 2.15, 13.28, 4.0, 6.17, 6.4, 7.32, 4.39, 3.36], [2.32, 1.26, 10.79, 1.1, 8.66, 1.87, 6.99, 4.53, 1.4, 11.68, 5.83, 4.83, 0.38, 5.46, 2.63, 12.57, 5.74, 2.53, 5.06, 5.97, 3.42, 2.72, 6.63, 3.73, 3.28, 7.22, 12.31, 9.85, 2.49, 6.87, 3.35, 9.06, 1.82, 6.53, 0.79, 7.9, 10.07, 3.63, 5.54, 7.27, 4.62, 0.0, 9.38, 0.98, 1.63, 4.65, 10.12, 3.67, 5.95, 9.0, 6.22, 10.25, 3.29, 7.2, 2.54, 11.82, 4.42, 5.72, 1.93, 3.85, 11.5, 3.81, 0.77, 8.32, 3.72, 9.39, 1.96, 7.99, 2.97, 4.65, 5.52, 8.7, 6.39, 1.12, 11.79, 1.36, 4.38, 1.83, 6.0, 10.46, 6.39, 6.84, 2.28, 7.69, 9.01, 1.98, 13.51, 1.26, 1.27, 2.23, 0.36, 9.26, 2.59, 7.54, 0.87, 2.01, 3.8, 12.87, 2.75, 2.6], [3.17, 3.12, 3.14, 8.88, 3.26, 1.74, 4.29, 6.04, 11.44, 1.66, 3.61, 1.26, 11.89, 3.88, 7.78, 1.36, 1.51, 2.16, 1.59, 2.18, 5.74, 8.36, 2.29, 1.38, 4.46, 2.65, 8.73, 10.27, 6.23, 8.06, 5.2, 10.01, 9.48, 14.09, 5.78, 2.04, 9.63, 7.14, 3.99, 6.96, 4.52, 3.54, 0.0, 5.66, 5.49, 3.15, 11.25, 3.2, 12.14, 3.15, 1.88, 6.02, 2.12, 4.08, 2.44, 12.6, 8.99, 10.77, 3.92, 15.85, 8.49, 1.88, 11.91, 3.34, 11.75, 8.91, 4.72, 1.58, 6.4, 4.2, 3.28, 7.85, 1.7, 3.12, 2.97, 2.99, 4.49, 2.01, 0.56, 3.37, 0.91, 8.7, 0.49, 2.66, 3.82, 12.63, 3.14, 5.28, 6.68, 4.6, 3.71, 12.57, 3.23, 0.69, 5.42, 1.88, 6.81, 1.87, 6.17, 12.11], [8.22, 4.72, 3.98, 2.52, 3.88, 3.65, 3.72, 3.88, 9.09, 8.79, 4.04, 1.16, 11.3, 1.89, 2.87, 6.37, 1.97, 4.77, 2.92, 10.98, 0.65, 3.6, 1.02, 1.33, 5.3, 3.59, 10.39, 14.47, 5.8, 9.56, 7.05, 4.12, 3.05, 2.01, 5.79, 10.94, 10.59, 0.37, 2.07, 11.86, 10.05, 2.14, 6.11, 0.0, 1.41, 10.04, 4.45, 7.25, 6.62, 9.75, 1.8, 12.3, 2.43, 5.05, 2.24, 7.81, 2.51, 2.4, 2.04, 7.53, 8.87, 7.33, 7.42, 1.84, 1.9, 3.2, 3.36, 0.89, 5.04, 0.36, 10.95, 1.14, 0.59, 2.01, 6.22, 0.51, 9.56, 7.0, 1.72, 8.49, 1.9, 7.56, 9.72, 17.87, 19.56, 1.87, 4.43, 3.86, 8.22, 1.67, 6.09, 15.49, 5.66, 3.06, 1.75, 6.84, 2.46, 14.2, 4.73, 3.54], [5.73, 4.65, 1.71, 2.38, 3.56, 5.36, 3.3, 1.11, 7.61, 2.86, 1.29, 3.42, 7.65, 2.85, 1.83, 7.48, 0.95, 3.23, 3.59, 3.29, 0.0, 1.73, 0.98, 2.15, 2.19, 5.19, 2.45, 1.86, 6.98, 4.38, 1.62, 12.63, 2.38, 8.64, 2.95, 9.38, 9.16, 4.14, 5.85, 5.98, 3.66, 3.42, 5.83, 1.66, 0.0, 6.96, 6.65, 3.26, 1.47, 3.06, 0.8, 1.64, 4.71, 7.16, 8.63, 3.9, 4.24, 6.8, 0.66, 5.2, 2.28, 2.57, 5.26, 3.0, 3.76, 1.91, 2.35, 0.58, 2.15, 5.82, 3.1, 5.19, 0.97, 0.99, 4.07, 2.29, 1.02, 3.18, 3.3, 1.38, 1.7, 2.22, 4.16, 4.26, 11.09, 2.55, 6.3, 5.26, 0.94, 6.6, 5.15, 1.7, 0.72, 1.19, 0.85, 9.06, 0.3, 10.91, 0.45, 3.37], [16.46, 6.97, 0.96, 6.78, 4.34, 15.94, 1.19, 1.17, 17.69, 2.03, 3.75, 1.8, 5.22, 4.85, 1.19, 3.54, 0.51, 2.38, 5.19, 3.5, 3.15, 12.78, 7.04, 3.45, 10.65, 7.55, 4.61, 9.65, 11.04, 8.82, 4.55, 10.39, 5.71, 20.92, 8.61, 4.34, 4.33, 2.13, 9.1, 1.56, 21.57, 14.12, 5.05, 3.43, 9.78, 0.0, 5.55, 2.48, 14.54, 3.95, 7.26, 3.89, 15.77, 9.12, 2.75, 9.17, 15.51, 15.31, 4.28, 17.62, 1.51, 1.78, 10.64, 17.01, 14.85, 6.64, 4.02, 5.61, 11.82, 13.92, 3.0, 7.48, 9.98, 6.53, 1.37, 4.01, 6.32, 12.65, 12.47, 2.76, 5.62, 14.01, 5.36, 7.02, 10.86, 4.66, 2.37, 16.91, 7.29, 10.57, 16.64, 1.92, 6.18, 4.87, 14.67, 3.46, 4.67, 5.62, 7.83, 2.97], [8.56, 14.08, 4.42, 5.46, 14.23, 5.24, 0.95, 7.78, 13.42, 5.79, 17.52, 2.51, 2.82, 10.35, 2.86, 3.98, 10.18, 4.96, 10.08, 3.34, 10.1, 2.57, 16.34, 12.5, 1.54, 1.65, 3.92, 1.38, 6.15, 5.41, 0.33, 1.61, 7.78, 11.68, 6.72, 6.41, 1.72, 11.29, 4.65, 1.3, 9.16, 6.3, 6.27, 8.54, 8.9, 8.78, 0.0, 10.31, 7.36, 7.07, 6.94, 9.92, 12.31, 3.19, 4.25, 2.75, 5.1, 4.08, 2.91, 8.08, 4.33, 4.56, 13.91, 11.45, 11.82, 14.56, 7.56, 11.42, 4.75, 15.36, 3.71, 17.15, 3.75, 8.76, 8.39, 9.18, 6.74, 8.47, 10.29, 13.6, 9.21, 1.76, 12.61, 2.65, 3.43, 6.24, 5.54, 10.09, 3.53, 6.02, 12.86, 1.74, 8.6, 6.5, 16.33, 2.95, 9.92, 1.56, 11.18, 8.5], [9.77, 15.1, 2.69, 6.8, 5.74, 3.81, 9.04, 3.82, 7.73, 3.91, 4.22, 0.95, 3.34, 7.03, 8.8, 1.12, 1.32, 7.24, 5.9, 5.93, 3.98, 5.28, 1.44, 7.24, 5.76, 9.09, 2.21, 3.56, 3.7, 16.72, 9.53, 5.09, 11.87, 14.29, 6.39, 1.12, 9.62, 3.34, 11.76, 1.48, 13.94, 9.32, 2.39, 2.95, 1.3, 2.86, 11.96, 0.0, 7.16, 1.54, 2.11, 1.25, 10.15, 11.87, 0.67, 5.01, 3.6, 17.11, 8.32, 16.98, 3.85, 1.65, 3.13, 10.68, 2.51, 12.98, 10.35, 1.0, 8.6, 1.26, 2.69, 2.09, 6.58, 3.83, 4.04, 1.99, 12.99, 14.92, 8.48, 0.62, 8.26, 21.49, 0.9, 7.36, 10.6, 15.12, 1.7, 6.37, 1.27, 3.35, 17.72, 2.17, 6.15, 5.66, 16.17, 7.58, 7.86, 13.08, 6.21, 3.68], [1.21, 5.88, 7.76, 1.48, 7.41, 1.34, 4.22, 2.12, 5.66, 3.92, 7.61, 2.3, 1.34, 10.17, 1.09, 4.19, 4.22, 1.87, 10.64, 7.54, 5.61, 1.44, 10.71, 8.09, 2.7, 10.69, 5.86, 3.93, 4.72, 0.6, 1.84, 3.69, 2.75, 5.66, 3.7, 16.08, 3.88, 10.36, 2.28, 1.25, 2.45, 4.27, 6.53, 9.32, 1.26, 13.55, 4.0, 14.29, 0.0, 11.44, 8.01, 5.91, 2.6, 5.22, 16.09, 1.46, 2.06, 2.26, 1.7, 1.74, 15.47, 4.55, 3.55, 12.0, 0.62, 14.71, 5.67, 1.67, 8.97, 12.35, 8.71, 7.32, 17.95, 7.32, 10.66, 4.37, 1.82, 2.84, 4.81, 20.13, 7.4, 3.35, 9.71, 6.55, 12.0, 5.28, 15.73, 1.45, 3.11, 1.7, 2.27, 4.83, 6.31, 12.12, 3.52, 4.51, 6.63, 12.82, 6.92, 8.3], [14.57, 4.04, 1.73, 11.73, 2.46, 18.06, 9.03, 6.21, 14.58, 4.46, 6.13, 4.22, 2.97, 3.81, 9.43, 5.38, 0.83, 6.43, 12.93, 3.94, 3.02, 13.12, 4.35, 5.11, 3.08, 4.32, 4.1, 8.97, 17.42, 4.53, 4.1, 5.08, 8.51, 19.37, 11.54, 1.29, 10.18, 13.94, 4.72, 2.99, 23.05, 10.6, 5.16, 1.53, 6.82, 3.33, 11.59, 0.32, 11.55, 0.0, 11.1, 0.96, 2.09, 6.02, 1.44, 14.9, 3.94, 13.47, 2.15, 9.61, 4.17, 5.12, 18.5, 12.53, 8.12, 11.09, 14.51, 8.03, 11.6, 8.79, 4.29, 9.6, 3.94, 1.29, 4.87, 6.72, 4.74, 5.12, 1.51, 1.34, 4.5, 2.82, 1.36, 11.0, 13.07, 3.06, 0.57, 8.11, 6.41, 15.8, 16.96, 9.34, 8.85, 4.65, 2.15, 7.67, 5.0, 2.36, 7.96, 14.72], [1.54, 7.88, 2.25, 0.94, 6.45, 3.34, 6.59, 0.73, 9.46, 2.52, 1.92, 0.95, 3.65, 5.15, 1.7, 1.31, 6.01, 3.81, 2.5, 6.0, 0.59, 2.82, 6.39, 2.66, 2.14, 5.63, 0.98, 5.89, 2.98, 3.05, 1.85, 8.23, 0.82, 6.74, 2.8, 1.4, 2.26, 2.5, 7.55, 1.5, 8.46, 5.31, 4.69, 1.95, 0.15, 1.18, 5.43, 6.82, 1.52, 7.38, 0.0, 2.93, 3.25, 1.57, 3.66, 12.98, 5.39, 1.15, 0.0, 4.31, 1.76, 1.86, 9.39, 1.17, 11.17, 3.77, 3.42, 1.98, 1.04, 5.48, 4.61, 8.91, 2.62, 0.71, 4.29, 2.79, 2.79, 4.04, 0.8, 3.56, 5.07, 7.12, 7.06, 10.55, 7.04, 2.35, 4.66, 2.79, 0.95, 4.34, 3.72, 4.3, 1.55, 2.04, 5.27, 7.04, 1.0, 10.21, 1.16, 4.56], [20.38, 17.82, 7.84, 6.37, 2.24, 6.28, 11.48, 9.29, 20.29, 7.39, 15.24, 4.16, 2.27, 4.03, 9.52, 7.67, 4.69, 11.32, 10.43, 7.73, 7.81, 17.46, 1.55, 10.43, 13.11, 6.47, 7.43, 17.66, 13.22, 15.17, 6.75, 2.86, 3.42, 8.83, 5.89, 3.36, 11.73, 14.42, 18.53, 5.92, 24.58, 9.02, 2.77, 5.14, 5.25, 6.22, 14.59, 1.99, 15.23, 0.5, 3.77, 0.0, 13.03, 6.25, 0.8, 13.74, 14.63, 6.94, 3.14, 2.88, 7.47, 12.42, 16.34, 12.24, 8.62, 14.95, 8.35, 4.05, 15.74, 9.18, 6.63, 4.93, 5.19, 6.87, 2.07, 5.42, 6.54, 12.19, 9.75, 1.15, 4.19, 12.09, 2.05, 7.93, 16.51, 16.22, 5.08, 15.1, 12.34, 14.67, 8.18, 10.19, 3.76, 4.75, 16.54, 3.68, 9.58, 10.04, 12.81, 14.22], [1.54, 5.3, 11.42, 1.77, 2.19, 3.15, 8.88, 2.99, 6.05, 4.25, 4.36, 2.37, 8.24, 1.44, 1.06, 7.74, 8.79, 7.57, 0.34, 6.38, 2.65, 2.54, 0.99, 3.22, 2.23, 3.17, 7.17, 4.13, 0.93, 5.96, 12.49, 16.57, 7.39, 4.15, 7.82, 1.52, 11.06, 0.48, 3.48, 5.41, 2.59, 5.35, 4.69, 1.88, 2.51, 1.69, 9.79, 11.18, 3.63, 4.34, 5.26, 12.4, 0.0, 3.95, 9.25, 7.47, 3.84, 1.74, 2.97, 6.74, 7.88, 2.56, 2.45, 0.39, 11.56, 2.85, 0.42, 5.24, 2.64, 1.15, 3.36, 4.14, 5.71, 0.63, 4.66, 0.0, 11.88, 3.73, 3.5, 7.29, 0.58, 14.02, 11.27, 3.49, 3.56, 4.78, 2.0, 1.36, 2.66, 3.39, 2.28, 16.84, 2.78, 1.03, 0.88, 2.4, 4.28, 6.99, 2.5, 5.05], [2.81, 3.17, 1.81, 5.31, 9.69, 6.74, 3.14, 4.39, 2.99, 6.97, 10.39, 1.77, 7.31, 14.9, 1.09, 1.2, 5.79, 4.2, 5.64, 4.84, 5.53, 2.14, 2.52, 1.14, 3.06, 3.45, 5.6, 1.43, 7.97, 1.27, 5.2, 1.94, 2.91, 10.98, 1.81, 8.05, 1.48, 3.5, 0.47, 2.63, 2.83, 6.92, 10.41, 1.9, 3.4, 8.8, 2.68, 10.96, 5.0, 3.19, 2.98, 9.43, 4.78, 0.0, 2.51, 3.89, 7.92, 6.92, 3.04, 9.2, 5.91, 0.54, 6.73, 8.96, 5.58, 13.08, 4.81, 9.9, 7.07, 12.14, 3.11, 3.98, 14.31, 7.71, 8.5, 9.67, 6.31, 2.28, 3.68, 10.41, 2.85, 3.4, 6.86, 2.25, 1.15, 1.64, 9.29, 2.93, 3.48, 3.17, 4.28, 6.26, 2.63, 1.68, 9.35, 4.46, 3.49, 5.18, 1.58, 2.21], [4.89, 5.63, 4.66, 10.0, 4.58, 3.88, 2.31, 7.32, 5.99, 4.1, 10.73, 5.9, 15.32, 9.85, 9.21, 3.52, 0.84, 5.79, 8.3, 1.87, 5.95, 5.74, 5.05, 2.18, 11.96, 7.97, 3.51, 7.36, 15.51, 3.32, 1.71, 5.62, 4.44, 17.3, 10.03, 0.51, 7.13, 7.38, 8.78, 7.51, 18.11, 6.01, 1.56, 11.7, 8.61, 1.54, 10.0, 0.54, 16.85, 0.78, 3.08, 4.2, 5.98, 2.97, 0.0, 14.43, 7.36, 13.4, 6.39, 7.1, 3.84, 10.88, 13.66, 7.07, 17.39, 2.39, 6.71, 6.13, 1.78, 8.76, 6.16, 13.67, 6.69, 1.14, 0.35, 10.72, 17.12, 5.85, 9.82, 3.23, 11.07, 18.16, 2.66, 6.98, 3.46, 9.86, 0.67, 15.1, 5.8, 10.71, 13.38, 7.38, 10.83, 3.16, 12.34, 13.97, 6.06, 6.38, 7.17, 17.24], [9.19, 11.33, 8.43, 6.72, 18.54, 14.44, 0.96, 12.17, 4.23, 5.55, 15.15, 5.81, 3.05, 19.01, 5.96, 4.09, 2.29, 11.9, 18.35, 3.99, 14.0, 1.45, 22.06, 7.16, 12.93, 0.75, 2.27, 5.24, 3.11, 6.24, 1.29, 0.72, 11.02, 5.73, 2.5, 10.5, 0.29, 3.12, 4.97, 0.68, 14.21, 10.06, 5.09, 17.26, 4.01, 6.31, 1.91, 1.9, 5.2, 16.29, 3.07, 6.37, 18.22, 3.07, 5.2, 0.0, 3.57, 10.78, 12.4, 7.26, 3.79, 9.39, 6.83, 9.38, 13.7, 5.88, 17.23, 3.83, 8.44, 19.96, 5.03, 16.77, 10.87, 10.44, 11.45, 9.46, 1.77, 9.85, 16.88, 11.31, 19.32, 1.69, 10.89, 1.83, 1.34, 9.5, 7.11, 10.8, 12.66, 16.56, 8.08, 0.85, 6.89, 15.19, 7.76, 0.79, 5.08, 1.36, 12.71, 6.26], [4.26, 4.68, 8.89, 8.2, 6.15, 12.52, 14.1, 9.73, 5.1, 3.33, 0.0, 7.51, 7.03, 0.29, 2.47, 6.89, 3.72, 13.18, 5.44, 8.07, 4.09, 13.0, 2.18, 3.18, 3.17, 11.98, 15.51, 9.9, 6.08, 3.51, 5.89, 7.41, 9.51, 3.82, 7.79, 11.26, 8.22, 3.33, 15.04, 6.92, 6.44, 1.29, 7.06, 4.03, 4.66, 16.81, 4.98, 14.41, 15.43, 3.24, 2.11, 15.69, 4.42, 13.1, 16.47, 6.69, 0.0, 3.22, 7.08, 7.18, 6.93, 2.14, 12.01, 1.58, 12.58, 0.0, 2.58, 5.92, 1.97, 2.85, 12.27, 1.45, 3.94, 1.17, 5.85, 3.04, 13.48, 8.74, 5.35, 1.98, 0.9, 15.15, 4.38, 10.7, 3.98, 3.22, 3.26, 5.56, 9.13, 2.87, 8.05, 17.79, 5.73, 4.18, 3.33, 15.99, 6.45, 20.04, 4.41, 7.35], [10.15, 3.45, 9.96, 1.91, 6.12, 1.88, 13.45, 6.12, 1.76, 14.0, 2.36, 2.71, 4.38, 1.51, 4.53, 5.83, 3.42, 3.82, 4.45, 5.15, 2.32, 2.18, 1.88, 2.65, 5.03, 13.66, 4.67, 14.34, 0.65, 4.89, 2.38, 2.69, 7.95, 3.37, 7.12, 2.03, 9.57, 2.92, 4.93, 13.27, 13.68, 5.89, 5.71, 2.69, 7.73, 16.57, 3.63, 4.82, 12.32, 2.4, 8.34, 10.82, 3.64, 4.02, 12.28, 10.94, 2.12, 0.0, 4.76, 4.74, 11.07, 10.49, 6.68, 4.25, 5.37, 0.8, 1.04, 5.23, 3.65, 2.97, 5.11, 6.45, 5.96, 4.52, 16.67, 2.45, 4.48, 2.3, 2.46, 6.54, 4.75, 13.45, 4.03, 11.07, 14.8, 1.14, 4.78, 7.77, 4.72, 2.03, 3.47, 12.37, 2.03, 9.64, 0.19, 15.6, 3.28, 19.45, 2.28, 5.32], [9.59, 3.81, 4.08, 1.1, 1.51, 8.02, 7.25, 1.78, 2.26, 2.71, 6.12, 1.97, 6.07, 6.79, 3.65, 2.32, 8.16, 3.03, 0.87, 3.3, 0.35, 2.69, 2.58, 0.9, 1.73, 5.79, 4.91, 7.7, 7.37, 1.71, 9.44, 1.76, 6.36, 1.73, 3.98, 6.08, 4.93, 0.82, 5.42, 6.39, 11.66, 3.6, 3.8, 3.9, 0.94, 4.75, 2.67, 5.71, 8.38, 5.17, 0.0, 7.38, 3.79, 6.48, 4.44, 13.14, 8.52, 8.11, 0.0, 10.8, 9.63, 2.81, 6.34, 0.96, 3.89, 1.3, 2.6, 3.66, 0.42, 2.52, 0.92, 4.03, 3.91, 1.4, 8.89, 5.4, 4.47, 4.5, 0.44, 5.49, 1.78, 8.86, 7.84, 1.56, 5.23, 5.7, 4.11, 4.22, 0.42, 1.49, 8.83, 5.09, 0.55, 2.69, 6.66, 4.43, 1.53, 5.66, 1.27, 1.48], [1.92, 2.62, 14.2, 3.31, 15.41, 1.99, 6.22, 6.18, 0.68, 3.46, 2.94, 11.65, 0.77, 7.39, 7.53, 7.59, 10.85, 2.13, 2.77, 11.25, 6.84, 6.11, 4.92, 11.83, 3.55, 2.15, 15.89, 3.51, 5.41, 2.65, 7.09, 5.46, 0.98, 0.86, 1.38, 19.07, 11.9, 7.99, 2.34, 6.44, 0.99, 3.13, 5.71, 8.0, 7.12, 11.12, 4.13, 9.28, 5.12, 18.19, 9.09, 14.72, 10.86, 2.19, 9.85, 10.31, 2.25, 2.0, 3.02, 0.0, 6.36, 2.25, 0.92, 12.99, 0.96, 10.33, 8.72, 1.99, 2.33, 7.22, 6.34, 3.94, 3.34, 5.68, 17.92, 5.24, 1.22, 1.03, 4.87, 14.04, 6.88, 1.64, 18.73, 10.27, 11.13, 2.78, 17.8, 2.05, 8.26, 8.23, 3.89, 7.52, 7.72, 13.11, 3.11, 10.24, 8.51, 13.56, 6.69, 3.2], [6.21, 2.52, 2.45, 1.69, 9.44, 7.63, 7.69, 8.88, 17.29, 0.75, 10.46, 2.92, 18.24, 12.2, 3.96, 3.4, 2.62, 7.6, 6.3, 3.58, 10.95, 3.19, 4.31, 11.26, 10.68, 1.71, 3.38, 6.88, 5.15, 14.78, 6.18, 6.83, 5.08, 13.3, 7.68, 2.25, 5.81, 3.9, 7.36, 4.46, 12.58, 9.26, 6.35, 10.13, 8.86, 1.16, 3.62, 6.12, 10.9, 6.09, 6.79, 8.88, 2.43, 9.46, 0.86, 1.37, 15.72, 4.86, 3.59, 6.75, 0.0, 4.12, 3.97, 11.47, 2.63, 17.82, 12.99, 4.84, 11.63, 11.35, 2.41, 12.03, 9.63, 4.06, 2.41, 10.56, 5.06, 10.21, 5.45, 1.56, 9.14, 2.74, 3.35, 3.41, 7.52, 7.44, 5.79, 8.67, 4.45, 7.55, 8.62, 9.85, 6.61, 4.7, 14.04, 6.29, 3.22, 2.35, 3.58, 6.8], [4.38, 5.32, 4.48, 1.45, 6.42, 2.79, 1.94, 0.73, 0.97, 7.66, 9.86, 5.34, 4.49, 2.37, 1.94, 5.15, 7.39, 0.87, 2.85, 6.11, 0.98, 0.21, 7.39, 6.61, 2.94, 2.48, 5.11, 3.73, 6.71, 4.86, 1.59, 5.77, 2.85, 5.29, 0.19, 10.77, 10.43, 1.9, 1.64, 4.95, 4.22, 4.64, 7.38, 3.92, 0.76, 7.24, 6.99, 10.87, 2.96, 9.26, 3.53, 11.97, 7.93, 1.02, 2.73, 11.18, 3.19, 10.64, 2.59, 4.49, 1.95, 0.0, 5.87, 2.34, 2.98, 3.88, 3.11, 8.41, 3.22, 10.93, 5.72, 10.3, 3.97, 5.45, 5.64, 5.41, 4.33, 3.92, 1.13, 12.09, 2.86, 4.81, 7.7, 6.76, 2.54, 3.83, 7.8, 4.18, 2.65, 4.58, 6.1, 9.0, 0.65, 4.38, 9.3, 8.96, 3.26, 11.3, 1.79, 3.71], [1.41, 2.16, 12.99, 6.13, 10.02, 1.27, 7.84, 3.92, 1.85, 5.77, 4.88, 9.78, 0.83, 2.04, 3.3, 13.73, 2.09, 4.83, 2.8, 13.78, 8.99, 3.85, 5.02, 2.57, 4.25, 15.55, 12.42, 2.33, 2.82, 2.93, 12.97, 8.29, 1.86, 0.57, 0.89, 9.97, 10.34, 5.21, 5.62, 10.61, 3.56, 0.53, 12.45, 1.67, 4.17, 10.54, 12.67, 16.34, 4.01, 10.03, 2.23, 13.76, 6.66, 2.62, 7.43, 2.84, 10.35, 7.0, 9.35, 0.28, 3.42, 1.14, 0.0, 12.1, 1.85, 7.93, 7.49, 9.39, 2.77, 10.64, 8.15, 1.73, 15.7, 4.95, 11.51, 1.35, 0.63, 1.02, 11.35, 3.19, 2.05, 1.55, 19.61, 12.62, 8.63, 1.01, 10.88, 0.94, 3.26, 1.91, 1.21, 6.7, 7.2, 5.0, 6.47, 8.7, 0.9, 7.13, 2.15, 2.28], [8.31, 9.56, 8.68, 1.96, 2.95, 1.62, 13.34, 3.42, 1.85, 1.26, 1.63, 2.36, 6.52, 0.29, 3.41, 6.06, 7.46, 8.57, 3.12, 2.63, 2.7, 6.9, 0.0, 0.71, 4.66, 2.18, 3.38, 7.72, 5.38, 3.83, 4.89, 5.47, 4.54, 10.7, 7.84, 8.98, 7.94, 1.36, 7.16, 12.6, 16.6, 6.92, 7.04, 1.81, 2.14, 11.93, 14.93, 1.73, 15.34, 7.69, 6.2, 13.95, 2.31, 11.64, 5.26, 7.99, 1.07, 3.57, 1.33, 10.73, 9.99, 9.34, 3.56, 0.0, 12.88, 1.63, 3.54, 1.48, 3.62, 0.67, 11.41, 1.38, 4.66, 6.2, 6.27, 2.07, 6.13, 4.93, 1.77, 7.38, 1.12, 7.47, 9.93, 8.56, 14.85, 7.12, 8.13, 11.64, 6.85, 1.67, 2.57, 20.33, 4.76, 4.64, 0.71, 6.73, 1.33, 5.04, 6.28, 7.25], [1.76, 8.2, 11.94, 8.16, 12.21, 2.28, 5.59, 9.5, 5.01, 14.96, 12.6, 1.76, 1.2, 8.17, 1.42, 6.83, 3.86, 5.36, 2.36, 6.93, 3.94, 2.26, 13.34, 4.59, 8.03, 5.69, 1.68, 1.55, 4.53, 0.81, 11.12, 1.28, 5.01, 0.43, 2.58, 10.48, 9.41, 10.01, 3.6, 1.23, 1.73, 4.9, 11.96, 9.82, 9.95, 7.64, 12.17, 13.85, 1.73, 19.3, 4.53, 24.28, 9.21, 1.37, 16.48, 1.72, 10.62, 13.13, 11.07, 1.5, 4.06, 2.67, 2.01, 6.6, 0.0, 4.92, 4.01, 10.38, 4.91, 9.85, 9.31, 15.66, 4.58, 13.3, 9.22, 12.27, 0.58, 2.55, 12.45, 20.68, 3.08, 1.0, 8.87, 3.47, 1.52, 5.96, 6.35, 3.83, 3.67, 5.15, 1.73, 1.71, 3.33, 14.69, 10.98, 11.22, 8.89, 12.14, 8.41, 2.07], [9.1, 9.44, 14.88, 11.09, 5.64, 12.11, 12.31, 8.91, 1.97, 6.39, 0.0, 10.63, 9.87, 0.51, 12.84, 8.72, 13.53, 2.04, 3.93, 11.92, 4.79, 8.41, 1.37, 7.51, 9.74, 20.02, 16.51, 11.84, 1.74, 9.43, 21.16, 12.29, 4.47, 9.03, 1.91, 14.37, 9.64, 0.51, 8.14, 15.74, 6.04, 3.93, 1.5, 3.53, 7.07, 11.99, 10.81, 14.56, 5.93, 14.77, 1.2, 16.73, 2.1, 4.52, 12.67, 9.62, 0.0, 1.84, 6.57, 6.12, 5.01, 2.34, 4.58, 1.2, 7.38, 0.0, 0.57, 6.97, 3.93, 1.67, 8.03, 1.68, 5.46, 6.29, 4.62, 1.47, 10.09, 11.42, 0.83, 11.39, 2.62, 9.45, 1.79, 23.78, 22.15, 1.25, 8.71, 9.03, 4.63, 1.75, 4.45, 3.68, 8.25, 3.61, 0.55, 3.88, 3.45, 9.96, 4.0, 6.44], [5.46, 6.21, 1.33, 3.31, 7.32, 2.31, 6.92, 3.59, 4.57, 1.95, 3.98, 6.68, 3.65, 2.87, 2.62, 4.09, 11.26, 7.76, 1.9, 9.8, 2.48, 2.44, 2.21, 4.24, 4.04, 2.68, 12.29, 3.58, 2.9, 3.61, 15.68, 13.87, 5.86, 10.17, 2.57, 10.51, 12.81, 0.78, 2.96, 9.91, 3.83, 0.92, 3.02, 3.48, 4.46, 11.42, 6.41, 5.19, 3.57, 8.16, 4.71, 7.06, 0.82, 11.25, 11.56, 17.51, 0.85, 2.04, 2.76, 5.33, 8.42, 1.71, 6.88, 1.4, 10.2, 5.0, 0.0, 2.19, 1.9, 2.64, 1.25, 3.01, 2.69, 3.07, 10.81, 0.12, 6.67, 2.32, 2.16, 12.15, 2.2, 8.1, 9.79, 13.29, 10.38, 3.78, 10.23, 2.96, 2.83, 1.34, 2.42, 13.8, 1.64, 2.38, 1.94, 12.34, 2.53, 14.5, 2.94, 4.3], [2.19, 5.5, 0.88, 6.27, 0.7, 12.11, 3.3, 3.91, 2.43, 0.91, 6.82, 3.04, 12.38, 5.56, 5.66, 2.77, 3.03, 10.39, 0.84, 8.11, 2.91, 1.17, 1.11, 0.85, 1.23, 4.79, 3.98, 11.08, 5.58, 2.4, 11.28, 14.21, 2.87, 14.1, 2.37, 8.47, 12.85, 3.03, 4.41, 9.89, 7.51, 4.95, 3.23, 1.27, 3.23, 11.25, 1.65, 6.6, 2.18, 4.44, 4.81, 4.52, 4.88, 4.69, 9.11, 17.29, 2.82, 2.51, 4.71, 2.42, 2.53, 1.93, 2.63, 4.83, 2.75, 6.56, 5.26, 0.0, 5.24, 2.94, 6.07, 1.99, 1.07, 1.55, 9.16, 1.93, 7.42, 5.09, 1.02, 0.98, 3.79, 2.1, 6.66, 18.4, 9.03, 6.63, 2.71, 6.84, 4.87, 3.84, 4.43, 7.78, 2.7, 0.51, 5.63, 10.93, 2.89, 12.48, 1.68, 8.09], [1.57, 4.32, 7.01, 0.93, 9.18, 3.95, 8.98, 0.59, 3.11, 1.54, 7.26, 2.93, 0.87, 5.79, 3.15, 5.7, 8.24, 0.76, 0.91, 4.61, 2.23, 5.11, 1.85, 1.58, 0.76, 2.03, 1.52, 8.34, 0.85, 7.48, 10.57, 10.35, 0.57, 4.01, 3.44, 1.64, 2.86, 0.52, 4.15, 5.87, 1.61, 1.8, 3.6, 5.72, 1.59, 12.84, 5.25, 7.19, 4.81, 4.16, 1.25, 12.08, 2.82, 2.88, 10.66, 14.6, 2.25, 1.14, 2.14, 4.03, 10.68, 4.15, 1.6, 1.61, 7.42, 3.96, 3.48, 5.75, 0.0, 7.06, 3.59, 6.37, 2.79, 1.05, 7.12, 3.88, 5.73, 4.16, 0.67, 4.48, 1.89, 4.82, 5.13, 14.03, 13.26, 3.89, 9.26, 4.24, 2.92, 3.81, 3.43, 2.75, 0.93, 3.69, 5.46, 5.65, 0.52, 7.1, 0.0, 3.2], [6.49, 1.55, 3.52, 1.78, 2.0, 9.03, 13.26, 6.57, 10.81, 5.51, 2.39, 1.1, 12.55, 3.95, 9.81, 5.91, 7.15, 13.34, 3.39, 7.14, 5.73, 6.75, 2.26, 5.17, 1.01, 15.13, 12.44, 2.95, 4.16, 17.47, 12.72, 13.91, 4.71, 9.97, 5.76, 5.97, 13.15, 2.42, 8.92, 11.5, 7.05, 11.04, 1.64, 2.13, 7.9, 5.97, 6.4, 9.31, 7.37, 8.4, 2.68, 8.3, 5.01, 10.91, 10.64, 20.36, 4.8, 6.86, 4.63, 5.02, 3.79, 10.96, 10.03, 3.51, 16.72, 1.55, 2.33, 2.96, 2.69, 0.0, 4.16, 1.96, 0.82, 1.68, 11.94, 2.17, 6.31, 3.96, 1.93, 2.11, 3.28, 20.36, 6.87, 12.39, 13.96, 2.83, 1.33, 12.99, 6.49, 4.48, 9.39, 14.14, 6.18, 3.75, 2.26, 18.4, 4.32, 16.07, 2.14, 6.36], [5.85, 5.76, 2.6, 7.02, 11.65, 3.71, 2.44, 1.19, 3.34, 3.9, 5.01, 4.22, 4.21, 10.67, 2.52, 1.25, 2.34, 2.62, 4.78, 1.96, 3.03, 5.33, 11.42, 5.63, 5.33, 4.15, 1.14, 1.45, 4.81, 3.52, 1.06, 3.44, 4.02, 13.01, 2.98, 1.29, 6.5, 1.99, 3.6, 1.25, 2.86, 6.6, 3.42, 6.12, 4.36, 7.06, 0.79, 8.12, 2.09, 1.96, 5.14, 9.55, 1.3, 1.25, 7.85, 3.38, 14.02, 3.34, 3.11, 4.52, 5.31, 0.65, 4.32, 6.94, 9.06, 3.46, 9.55, 8.22, 1.13, 6.04, 0.0, 13.75, 9.66, 3.53, 2.41, 10.4, 8.55, 4.78, 3.41, 11.17, 6.35, 4.49, 1.54, 5.18, 4.66, 6.7, 6.65, 5.41, 1.74, 2.59, 12.39, 5.42, 6.03, 3.89, 8.48, 7.73, 5.09, 3.12, 7.96, 6.55], [6.34, 9.66, 9.74, 6.99, 4.69, 9.4, 3.03, 3.97, 3.43, 3.13, 2.52, 1.81, 13.99, 0.37, 9.79, 2.44, 2.96, 4.12, 5.05, 7.63, 1.11, 7.67, 0.47, 2.41, 8.87, 15.17, 7.36, 16.95, 5.23, 17.86, 2.06, 13.43, 3.25, 8.3, 11.41, 7.16, 18.54, 1.04, 10.56, 8.19, 19.32, 8.21, 3.5, 0.67, 4.1, 6.68, 12.86, 5.59, 12.05, 12.59, 4.49, 6.89, 2.57, 3.78, 2.13, 18.93, 2.57, 4.79, 8.51, 3.88, 13.83, 10.7, 10.24, 2.18, 6.94, 2.8, 3.24, 3.38, 2.27, 1.9, 3.71, 0.0, 3.81, 7.36, 7.98, 1.58, 14.76, 4.91, 0.93, 4.81, 2.12, 3.12, 8.89, 13.8, 20.57, 6.76, 9.98, 11.35, 10.47, 3.76, 11.51, 22.34, 6.09, 2.82, 2.46, 7.57, 4.12, 5.44, 4.83, 6.58], [12.91, 2.42, 4.34, 8.16, 0.26, 17.0, 8.18, 7.33, 3.37, 1.96, 1.7, 6.0, 11.17, 4.1, 7.16, 2.98, 7.59, 10.72, 4.65, 7.18, 2.97, 1.55, 1.45, 0.78, 9.12, 3.3, 9.94, 12.11, 2.94, 12.6, 7.42, 15.98, 2.32, 13.87, 7.77, 3.66, 17.92, 2.26, 15.67, 8.25, 14.94, 4.52, 0.9, 3.52, 2.96, 3.31, 5.11, 6.79, 14.55, 4.84, 7.0, 9.87, 6.83, 10.0, 7.23, 11.35, 3.4, 6.87, 7.6, 4.33, 8.99, 9.91, 6.51, 5.1, 2.02, 5.01, 6.16, 0.73, 7.82, 0.88, 4.25, 2.87, 0.0, 4.77, 11.47, 2.6, 4.03, 6.91, 3.36, 5.17, 2.66, 4.1, 4.0, 14.9, 10.82, 10.7, 2.43, 6.06, 6.46, 3.72, 11.76, 18.85, 7.49, 0.69, 5.53, 3.04, 4.81, 2.99, 6.86, 11.67], [11.33, 8.79, 4.2, 1.79, 3.82, 4.64, 7.24, 2.19, 4.54, 2.43, 2.15, 2.3, 6.48, 1.09, 4.04, 2.54, 1.94, 5.78, 3.33, 3.55, 1.12, 2.0, 5.85, 0.14, 4.46, 8.61, 1.43, 2.8, 4.91, 10.15, 3.33, 9.22, 5.68, 3.89, 4.57, 6.75, 4.07, 2.81, 9.8, 8.57, 3.79, 6.85, 0.55, 2.14, 2.07, 6.73, 9.82, 3.49, 1.6, 5.26, 1.87, 4.19, 2.56, 8.57, 1.32, 13.57, 2.81, 9.69, 1.79, 6.6, 1.43, 2.67, 6.64, 0.95, 1.97, 9.23, 2.45, 0.43, 4.69, 1.24, 3.27, 5.89, 4.17, 0.0, 7.8, 5.72, 9.54, 7.16, 0.47, 1.29, 3.05, 4.67, 6.15, 15.34, 12.92, 0.97, 2.05, 9.99, 1.62, 6.35, 2.95, 6.32, 2.13, 0.72, 5.14, 9.79, 2.14, 1.97, 2.38, 3.07], [10.73, 5.83, 2.65, 5.39, 1.23, 7.5, 6.0, 4.18, 17.67, 3.91, 6.56, 3.09, 8.61, 13.28, 7.05, 0.88, 1.08, 7.13, 6.73, 1.22, 4.47, 5.88, 4.64, 3.85, 10.18, 5.29, 0.55, 6.88, 5.74, 7.1, 7.12, 6.43, 5.43, 18.06, 2.19, 0.9, 5.89, 5.84, 5.25, 6.14, 2.93, 15.12, 1.76, 1.45, 8.87, 0.75, 4.44, 0.68, 3.05, 1.01, 8.22, 6.69, 2.03, 5.96, 0.71, 2.44, 10.78, 3.5, 3.44, 10.09, 1.72, 1.94, 3.92, 9.9, 13.64, 9.17, 3.05, 5.92, 3.21, 9.8, 0.8, 2.79, 7.5, 7.86, 0.0, 3.2, 12.26, 2.97, 8.83, 6.17, 12.11, 4.67, 3.42, 7.74, 10.16, 7.93, 2.44, 12.53, 3.63, 11.85, 1.97, 10.35, 10.72, 3.6, 8.64, 10.61, 7.93, 4.54, 4.93, 11.32], [3.28, 4.59, 7.88, 3.3, 8.04, 8.35, 4.51, 1.85, 6.74, 5.99, 0.99, 5.47, 2.84, 2.06, 4.08, 11.86, 5.42, 7.14, 0.99, 12.64, 2.82, 7.27, 0.95, 2.95, 5.45, 13.19, 2.71, 3.46, 1.17, 11.68, 11.35, 13.58, 5.17, 10.56, 6.2, 7.24, 15.41, 0.46, 11.18, 6.4, 11.08, 0.65, 5.59, 3.49, 3.79, 14.88, 3.34, 5.97, 12.17, 7.9, 2.38, 10.77, 0.0, 5.79, 5.28, 13.13, 0.73, 0.48, 1.81, 3.65, 2.21, 2.55, 9.38, 1.63, 10.9, 2.57, 0.52, 1.3, 3.91, 3.15, 6.03, 2.76, 1.24, 5.79, 9.42, 0.0, 2.32, 6.52, 3.1, 12.07, 0.9, 14.89, 8.59, 15.57, 9.63, 2.66, 8.13, 3.8, 1.66, 0.66, 7.6, 15.04, 0.67, 4.65, 0.72, 5.01, 4.57, 9.0, 3.45, 3.9], [0.95, 4.12, 7.82, 2.84, 7.41, 0.75, 7.02, 2.9, 4.85, 10.31, 15.07, 11.84, 2.43, 4.88, 6.59, 12.14, 4.21, 2.98, 7.94, 6.49, 2.16, 3.31, 10.83, 6.3, 0.91, 3.64, 8.27, 1.94, 7.18, 1.83, 11.87, 4.69, 3.43, 1.58, 0.86, 8.06, 10.07, 9.66, 0.96, 7.67, 2.48, 2.16, 14.41, 7.1, 3.48, 8.9, 1.27, 15.82, 1.67, 17.91, 1.44, 6.29, 11.83, 4.74, 2.07, 1.73, 4.67, 3.45, 3.48, 2.88, 6.72, 4.6, 0.46, 8.91, 0.48, 12.41, 9.79, 6.52, 2.15, 3.55, 6.32, 15.01, 10.84, 4.17, 14.88, 6.38, 0.0, 0.94, 3.69, 15.05, 2.41, 1.34, 8.58, 14.98, 9.2, 1.5, 4.14, 0.37, 4.6, 4.17, 1.91, 9.31, 3.12, 1.68, 9.32, 11.0, 1.0, 1.89, 7.33, 1.28], [2.05, 1.38, 9.43, 0.4, 8.09, 1.79, 4.82, 5.65, 4.1, 4.49, 6.2, 5.03, 2.1, 6.0, 3.75, 7.41, 9.64, 0.56, 0.83, 10.0, 4.94, 3.07, 10.69, 2.38, 3.18, 4.83, 6.5, 1.55, 0.79, 1.64, 7.09, 1.34, 0.38, 1.52, 3.28, 9.91, 2.19, 7.34, 0.98, 5.08, 6.15, 1.84, 5.15, 5.68, 1.57, 13.81, 5.43, 4.21, 0.82, 4.39, 6.56, 9.83, 7.58, 0.98, 6.94, 4.72, 11.37, 3.65, 6.28, 3.08, 13.65, 0.63, 1.04, 7.44, 2.96, 3.02, 2.51, 1.15, 0.96, 6.19, 1.58, 8.68, 1.69, 7.03, 9.2, 5.76, 1.85, 0.0, 2.9, 14.4, 7.51, 4.89, 11.17, 10.0, 8.47, 0.0, 12.82, 0.48, 3.54, 4.83, 2.84, 4.39, 3.67, 6.15, 6.68, 2.61, 3.32, 14.62, 2.7, 1.97], [2.72, 4.62, 5.35, 4.32, 4.12, 9.92, 10.85, 1.69, 8.99, 3.08, 1.39, 4.63, 1.92, 5.33, 6.73, 1.04, 4.98, 6.6, 1.02, 8.53, 3.45, 7.61, 3.39, 0.69, 5.82, 11.35, 2.68, 11.93, 3.75, 11.09, 3.23, 9.73, 9.11, 6.06, 1.63, 1.75, 3.56, 0.72, 3.84, 9.2, 10.38, 2.1, 2.31, 2.62, 3.31, 5.14, 2.72, 3.58, 9.04, 2.18, 2.26, 4.11, 1.06, 4.48, 6.41, 9.38, 2.92, 5.88, 0.48, 4.8, 7.53, 3.93, 3.27, 1.36, 12.3, 4.52, 0.73, 0.89, 4.64, 3.09, 7.45, 3.98, 3.34, 2.22, 5.91, 0.56, 13.07, 2.16, 0.0, 5.7, 2.17, 12.46, 3.3, 14.76, 9.59, 9.24, 3.33, 10.5, 3.96, 7.4, 2.39, 2.31, 1.16, 2.62, 0.82, 11.38, 3.45, 8.67, 3.61, 5.91], [17.22, 9.56, 4.15, 10.25, 0.72, 4.45, 10.71, 5.23, 18.92, 4.33, 10.81, 4.39, 3.06, 5.57, 9.3, 3.69, 2.74, 15.84, 8.04, 9.78, 3.71, 15.4, 3.65, 5.59, 6.23, 5.77, 1.53, 11.88, 10.84, 13.13, 13.99, 13.02, 15.12, 11.71, 7.43, 1.34, 7.91, 10.95, 9.47, 9.41, 21.37, 8.67, 4.2, 7.33, 10.89, 5.4, 4.73, 0.23, 16.64, 2.81, 9.89, 0.32, 5.41, 4.71, 1.76, 15.38, 3.31, 13.07, 6.76, 3.91, 6.27, 2.01, 3.03, 10.43, 11.84, 3.45, 8.56, 8.18, 3.02, 6.47, 6.34, 2.02, 7.29, 6.69, 2.05, 5.82, 11.12, 9.81, 3.64, 0.0, 8.32, 21.38, 0.66, 6.19, 13.04, 8.91, 0.84, 17.18, 1.54, 9.02, 17.23, 7.72, 8.54, 3.22, 11.4, 8.78, 4.17, 13.03, 1.88, 13.19], [1.63, 8.19, 4.88, 5.73, 2.4, 10.12, 8.84, 1.15, 6.25, 3.34, 2.24, 3.2, 6.42, 2.3, 7.35, 6.72, 5.19, 1.49, 0.19, 8.21, 2.32, 9.48, 0.84, 4.0, 3.76, 9.01, 9.94, 8.59, 4.61, 1.93, 14.09, 16.74, 5.59, 11.57, 2.96, 12.59, 12.65, 0.4, 2.48, 8.49, 10.57, 6.72, 4.28, 2.18, 3.06, 14.21, 2.18, 1.32, 8.77, 5.82, 4.94, 14.15, 0.15, 4.71, 9.64, 6.73, 3.15, 3.59, 1.02, 6.88, 12.72, 7.45, 2.99, 1.45, 13.31, 0.47, 1.8, 2.92, 2.0, 2.25, 1.91, 2.91, 2.32, 2.2, 10.87, 1.07, 10.49, 8.75, 2.03, 6.85, 0.0, 12.48, 11.83, 17.4, 4.19, 5.68, 5.44, 3.67, 6.09, 2.82, 2.98, 12.01, 1.37, 1.65, 0.9, 8.07, 2.48, 14.48, 1.21, 5.65], [1.65, 5.11, 14.78, 9.69, 4.72, 1.23, 6.9, 3.31, 8.12, 6.91, 14.99, 8.14, 4.98, 16.46, 3.37, 8.35, 13.69, 0.86, 12.38, 7.01, 3.54, 5.7, 13.96, 15.4, 9.07, 13.66, 6.68, 6.38, 2.28, 2.67, 9.38, 5.93, 6.5, 0.38, 9.79, 14.44, 6.94, 11.9, 6.53, 12.89, 1.01, 5.11, 17.6, 14.7, 12.57, 15.59, 7.78, 14.74, 4.21, 23.62, 10.36, 13.04, 10.46, 4.09, 2.52, 5.88, 15.83, 9.17, 2.2, 1.09, 7.04, 1.46, 5.7, 16.57, 0.82, 15.88, 10.99, 10.23, 10.42, 18.95, 3.4, 19.45, 13.43, 7.95, 6.09, 4.69, 1.5, 1.02, 13.58, 7.56, 8.7, 0.0, 10.24, 12.79, 3.31, 5.83, 20.73, 1.82, 2.33, 3.68, 4.86, 9.01, 6.32, 17.24, 9.07, 3.52, 9.56, 10.45, 6.3, 5.74], [15.47, 9.42, 6.95, 8.56, 1.55, 15.16, 6.37, 1.86, 6.13, 2.7, 8.78, 3.27, 7.27, 9.29, 3.69, 2.79, 0.54, 6.45, 7.18, 5.79, 10.78, 12.29, 10.92, 7.05, 5.15, 11.05, 3.46, 7.38, 5.15, 4.88, 2.33, 5.76, 6.62, 14.81, 12.65, 2.05, 7.17, 6.52, 9.95, 6.67, 13.27, 14.64, 2.8, 9.53, 8.65, 4.95, 9.66, 0.63, 13.67, 1.81, 1.87, 1.07, 3.79, 3.8, 0.93, 10.91, 13.06, 11.81, 4.32, 20.31, 6.52, 14.07, 11.6, 6.87, 15.97, 11.41, 10.52, 6.44, 7.02, 8.66, 6.93, 8.63, 1.53, 4.27, 5.59, 7.99, 10.18, 8.04, 2.56, 0.81, 10.96, 16.69, 0.0, 9.88, 10.71, 7.05, 2.58, 11.73, 10.42, 16.01, 17.52, 16.41, 8.88, 5.29, 7.55, 3.0, 10.51, 12.82, 4.93, 17.37], [2.71, 2.35, 4.37, 13.81, 8.32, 7.04, 5.52, 9.99, 4.69, 8.1, 25.12, 11.47, 5.82, 15.63, 9.96, 1.74, 7.44, 14.08, 16.27, 2.43, 2.34, 10.53, 17.45, 7.46, 6.31, 1.78, 7.4, 4.63, 15.08, 5.96, 2.22, 4.23, 12.3, 7.06, 12.25, 12.21, 1.13, 5.04, 10.5, 6.73, 10.33, 16.66, 1.89, 13.08, 13.71, 5.77, 4.87, 8.23, 11.51, 11.95, 12.74, 16.43, 9.43, 2.45, 14.77, 0.94, 22.86, 19.14, 12.65, 6.22, 6.12, 4.68, 5.28, 13.42, 6.75, 5.16, 8.74, 10.56, 7.38, 11.9, 7.98, 3.44, 13.77, 9.91, 1.43, 21.02, 11.8, 3.22, 3.21, 13.7, 3.73, 8.57, 6.79, 0.0, 0.93, 11.41, 7.06, 3.67, 7.24, 7.18, 6.26, 3.84, 8.81, 2.07, 13.83, 1.91, 6.96, 2.3, 10.52, 7.73], [3.44, 4.46, 7.51, 7.12, 15.03, 3.78, 1.51, 11.46, 16.13, 10.01, 20.14, 7.16, 8.23, 18.8, 3.58, 8.2, 8.8, 5.83, 7.26, 6.71, 2.02, 4.01, 19.12, 11.68, 2.92, 0.51, 2.83, 1.96, 15.4, 10.75, 2.73, 5.5, 7.62, 3.4, 8.29, 11.27, 0.62, 16.82, 6.14, 2.88, 3.75, 5.02, 8.76, 15.66, 10.59, 5.36, 1.75, 4.82, 4.34, 11.38, 4.17, 16.66, 14.04, 8.01, 9.01, 1.13, 13.03, 13.47, 8.3, 15.35, 4.04, 6.19, 8.5, 19.18, 12.81, 3.98, 9.69, 13.24, 11.09, 14.86, 4.63, 16.56, 8.31, 12.64, 6.53, 10.97, 5.01, 3.74, 2.04, 13.43, 8.7, 14.75, 9.65, 0.99, 0.0, 11.94, 2.23, 5.84, 7.25, 8.48, 17.24, 3.09, 14.1, 4.11, 6.07, 2.18, 7.57, 2.87, 15.0, 8.23], [3.31, 1.08, 5.32, 3.53, 5.76, 2.94, 5.44, 1.52, 3.04, 10.24, 4.84, 7.74, 1.94, 10.03, 1.49, 12.93, 5.74, 2.11, 2.47, 8.45, 1.03, 2.13, 10.01, 6.49, 0.66, 11.43, 10.55, 3.46, 3.09, 5.33, 4.3, 3.68, 0.86, 1.3, 2.3, 2.39, 6.22, 4.26, 1.61, 9.57, 3.02, 2.08, 6.32, 9.89, 1.57, 9.25, 6.56, 13.12, 4.62, 5.25, 4.19, 7.42, 5.99, 5.85, 15.25, 14.63, 10.85, 7.7, 1.12, 0.51, 7.82, 2.58, 2.34, 1.15, 1.32, 1.36, 3.83, 6.67, 1.78, 7.67, 1.59, 5.29, 5.87, 2.5, 9.51, 4.58, 1.4, 0.0, 9.34, 9.23, 6.75, 1.04, 6.08, 4.44, 7.95, 0.0, 9.76, 0.82, 3.15, 2.14, 2.41, 10.75, 2.85, 4.38, 3.03, 2.26, 3.59, 8.68, 1.13, 2.06], [3.0, 16.62, 1.99, 3.02, 3.33, 17.03, 7.63, 2.05, 10.73, 2.33, 8.52, 1.35, 8.73, 13.95, 3.87, 2.41, 0.52, 9.94, 8.34, 5.2, 9.29, 11.98, 3.53, 6.04, 8.0, 1.7, 3.01, 13.18, 7.52, 9.28, 10.4, 10.17, 12.99, 13.86, 5.27, 0.73, 13.35, 11.36, 4.5, 1.56, 7.97, 2.31, 3.13, 4.59, 3.38, 2.22, 8.32, 1.7, 13.35, 0.88, 1.41, 2.78, 12.93, 8.52, 0.77, 2.49, 8.02, 14.75, 3.82, 12.23, 5.12, 7.93, 14.49, 1.72, 5.79, 10.58, 4.0, 7.25, 6.07, 11.12, 5.14, 12.13, 7.39, 7.05, 3.04, 3.89, 12.09, 14.77, 3.73, 2.73, 3.8, 18.54, 1.18, 10.65, 12.49, 4.55, 0.0, 15.04, 3.47, 15.77, 11.64, 8.6, 3.43, 4.2, 3.41, 9.44, 7.22, 6.73, 2.73, 9.56], [1.32, 2.32, 2.96, 3.31, 4.21, 0.6, 6.19, 1.8, 0.77, 3.04, 8.62, 8.96, 2.2, 7.66, 4.05, 4.78, 14.35, 1.79, 9.42, 5.13, 7.42, 3.09, 1.6, 10.91, 2.35, 4.05, 12.83, 3.0, 6.26, 2.32, 10.44, 3.14, 1.06, 1.04, 4.94, 16.03, 12.07, 4.55, 5.04, 7.19, 3.87, 3.16, 10.56, 6.8, 8.02, 16.33, 1.95, 11.73, 3.31, 11.17, 6.41, 15.31, 3.54, 5.72, 16.41, 13.06, 2.67, 4.76, 7.7, 3.15, 3.1, 2.96, 1.83, 11.69, 0.96, 6.79, 8.94, 5.25, 1.63, 5.91, 9.91, 1.91, 4.99, 2.87, 3.51, 1.03, 1.86, 1.26, 4.88, 17.45, 7.89, 4.49, 4.17, 6.83, 5.54, 1.38, 2.4, 0.0, 1.97, 4.0, 1.3, 7.08, 1.35, 11.16, 1.26, 12.12, 2.54, 10.11, 4.98, 1.83], [1.49, 4.08, 3.36, 0.81, 7.89, 8.47, 5.37, 0.0, 4.94, 4.74, 6.75, 0.37, 5.59, 1.39, 0.96, 7.25, 4.98, 1.46, 2.7, 5.4, 1.86, 1.95, 8.15, 1.54, 1.93, 8.48, 4.69, 6.42, 4.66, 1.02, 2.82, 8.59, 1.48, 6.61, 1.77, 6.01, 3.16, 1.5, 1.5, 1.96, 6.79, 3.56, 1.25, 5.09, 2.04, 9.54, 5.25, 2.99, 1.76, 2.26, 1.22, 11.9, 5.01, 3.29, 5.9, 5.56, 6.26, 10.2, 1.8, 8.35, 6.61, 2.07, 3.67, 4.2, 5.21, 4.82, 3.27, 3.37, 2.26, 2.74, 0.58, 2.07, 1.36, 1.26, 3.38, 4.16, 1.78, 2.78, 2.2, 6.96, 2.38, 7.57, 3.02, 2.59, 6.63, 5.53, 2.67, 4.35, 0.0, 7.74, 7.81, 11.28, 1.27, 2.06, 1.4, 11.42, 1.43, 8.5, 0.44, 6.69], [9.73, 3.97, 8.96, 1.3, 3.65, 3.65, 3.0, 6.08, 3.53, 7.13, 2.28, 4.86, 1.86, 3.03, 1.51, 6.96, 10.75, 4.43, 2.85, 14.11, 1.71, 5.03, 4.15, 2.33, 4.01, 8.39, 2.3, 4.49, 1.09, 5.17, 17.57, 15.2, 2.41, 5.69, 7.78, 7.96, 15.47, 1.18, 9.34, 13.55, 7.6, 2.88, 5.98, 2.7, 5.81, 3.45, 8.28, 12.23, 4.19, 6.33, 4.19, 18.05, 2.72, 9.35, 10.02, 6.39, 1.94, 2.19, 5.45, 3.6, 13.41, 8.7, 4.07, 4.76, 9.34, 4.33, 2.65, 1.06, 1.0, 3.95, 3.59, 3.78, 5.06, 4.98, 9.31, 2.56, 9.42, 0.78, 2.13, 8.09, 0.76, 4.04, 7.8, 9.73, 13.63, 5.59, 11.89, 4.17, 2.49, 0.0, 1.6, 13.5, 5.42, 5.22, 0.25, 8.26, 5.22, 6.16, 3.81, 3.81], [4.56, 0.76, 3.02, 4.3, 5.0, 3.6, 2.52, 4.51, 0.89, 10.51, 1.79, 6.37, 1.04, 8.7, 1.0, 11.36, 11.43, 0.76, 5.41, 8.37, 3.09, 6.87, 4.01, 2.97, 1.96, 9.01, 8.53, 1.59, 2.25, 4.43, 13.76, 6.79, 1.32, 4.59, 3.79, 16.09, 7.49, 4.24, 5.77, 2.34, 6.85, 1.64, 12.63, 6.61, 4.36, 3.79, 6.67, 12.95, 3.4, 9.92, 8.32, 5.1, 5.08, 10.24, 7.96, 9.71, 1.23, 6.26, 6.49, 0.83, 5.11, 2.24, 1.9, 8.24, 2.43, 1.48, 1.87, 5.42, 0.6, 10.55, 5.72, 7.65, 3.6, 5.26, 13.17, 1.82, 2.7, 2.89, 8.28, 15.61, 5.49, 3.53, 2.3, 17.58, 7.27, 0.45, 3.14, 2.88, 6.51, 0.66, 0.0, 3.32, 6.91, 5.02, 5.14, 6.2, 0.88, 12.56, 1.19, 0.78], [1.25, 8.72, 7.92, 6.68, 10.21, 3.6, 2.91, 10.06, 13.64, 10.66, 17.16, 6.77, 13.64, 14.15, 9.4, 6.84, 9.46, 8.25, 6.24, 5.93, 10.7, 3.74, 5.97, 15.98, 6.25, 0.97, 3.35, 4.79, 14.8, 0.92, 0.34, 1.61, 6.31, 6.01, 2.06, 11.16, 1.79, 3.09, 1.76, 3.04, 4.93, 7.49, 7.33, 18.67, 7.51, 7.59, 0.51, 2.3, 9.16, 6.74, 4.94, 6.66, 12.87, 3.55, 1.85, 0.82, 14.59, 13.68, 6.14, 9.47, 2.32, 1.71, 6.13, 7.92, 5.42, 7.27, 1.78, 12.87, 5.61, 9.98, 6.04, 3.23, 18.4, 2.03, 8.96, 12.17, 4.34, 9.55, 4.73, 17.01, 18.74, 4.36, 16.91, 1.62, 1.29, 6.75, 5.35, 7.4, 2.46, 4.93, 13.08, 0.0, 5.52, 2.36, 10.04, 0.24, 11.12, 0.8, 2.13, 3.02], [5.51, 4.13, 3.5, 3.0, 2.7, 5.57, 9.12, 1.61, 4.37, 6.98, 3.66, 4.07, 1.35, 1.72, 1.12, 3.69, 1.54, 1.0, 2.58, 5.31, 0.85, 5.23, 2.93, 1.22, 1.21, 3.14, 2.33, 9.82, 4.78, 4.31, 6.89, 5.25, 4.43, 1.88, 2.56, 3.73, 14.06, 1.25, 1.48, 3.4, 12.3, 1.97, 5.77, 1.2, 0.13, 7.59, 6.8, 9.25, 2.9, 4.32, 1.55, 13.11, 1.04, 3.93, 7.53, 8.98, 5.27, 1.17, 1.34, 6.95, 5.82, 3.31, 2.41, 1.69, 4.16, 3.32, 0.77, 1.06, 1.04, 7.95, 7.58, 2.98, 7.92, 2.43, 1.13, 3.17, 8.71, 4.1, 1.25, 4.11, 3.93, 7.83, 10.84, 9.18, 14.28, 3.28, 9.28, 4.66, 0.5, 1.85, 4.2, 8.27, 0.0, 1.24, 6.13, 13.17, 0.31, 12.37, 0.62, 7.48], [2.25, 2.03, 4.17, 0.95, 2.38, 11.6, 3.29, 3.95, 2.27, 0.66, 1.11, 2.17, 4.71, 1.0, 4.29, 1.25, 1.96, 1.55, 1.08, 5.29, 2.37, 5.52, 5.55, 0.77, 6.25, 2.37, 1.98, 2.14, 8.61, 3.28, 2.59, 10.37, 7.72, 8.75, 3.91, 5.83, 6.45, 1.11, 2.67, 4.48, 6.39, 2.06, 1.41, 2.97, 3.94, 4.19, 2.88, 0.81, 7.62, 3.44, 1.5, 7.54, 6.37, 3.59, 5.49, 9.3, 7.82, 4.91, 2.49, 2.61, 7.38, 8.46, 4.98, 0.83, 5.73, 3.2, 6.04, 1.14, 4.73, 5.63, 3.48, 3.02, 4.07, 0.93, 3.9, 1.02, 3.95, 7.37, 2.07, 3.66, 5.28, 6.65, 5.4, 6.11, 14.81, 1.36, 1.23, 7.39, 4.5, 1.42, 7.51, 5.17, 4.84, 0.0, 2.67, 10.44, 3.93, 13.04, 4.97, 3.2], [5.93, 3.57, 13.27, 2.78, 10.13, 3.05, 10.38, 1.7, 0.9, 12.23, 2.76, 1.3, 3.42, 1.11, 2.64, 12.64, 12.55, 5.49, 3.85, 13.56, 5.87, 6.2, 0.98, 1.18, 4.13, 6.77, 10.18, 8.86, 1.28, 12.97, 13.88, 8.89, 2.39, 7.0, 2.04, 3.37, 15.86, 1.86, 2.2, 11.3, 3.73, 2.29, 7.07, 1.85, 4.0, 2.6, 7.05, 14.42, 10.11, 3.47, 7.07, 15.35, 2.32, 11.41, 1.7, 6.79, 3.9, 1.16, 7.15, 6.23, 16.28, 8.76, 7.99, 1.03, 5.26, 2.78, 1.3, 4.48, 2.93, 3.13, 13.61, 4.12, 3.87, 5.78, 13.21, 1.73, 3.1, 6.68, 4.19, 3.81, 4.26, 11.07, 9.5, 12.42, 16.55, 3.26, 10.08, 7.92, 7.25, 0.78, 4.67, 14.55, 2.09, 4.36, 0.0, 10.85, 3.44, 16.59, 4.88, 0.9], [2.43, 18.2, 1.3, 2.28, 8.75, 6.93, 3.5, 3.01, 7.33, 3.97, 19.05, 9.96, 5.42, 19.15, 8.4, 8.86, 1.7, 6.92, 16.87, 1.66, 12.6, 3.38, 14.49, 15.63, 11.29, 0.56, 7.92, 5.28, 13.22, 9.19, 1.3, 0.82, 1.66, 9.22, 7.76, 15.56, 1.24, 6.72, 2.94, 3.57, 3.72, 10.57, 11.34, 6.09, 11.01, 12.32, 0.85, 9.19, 7.22, 5.81, 8.25, 13.1, 11.58, 1.37, 2.05, 0.78, 16.53, 21.02, 3.74, 6.36, 3.58, 6.09, 16.01, 18.54, 9.93, 18.14, 15.32, 2.39, 7.58, 5.55, 4.78, 6.71, 8.17, 13.48, 3.1, 2.24, 11.63, 2.08, 5.12, 10.64, 8.31, 3.76, 6.98, 2.48, 0.58, 9.43, 10.86, 8.42, 9.51, 14.77, 4.15, 0.69, 7.84, 7.73, 20.27, 0.0, 3.29, 2.5, 6.47, 2.97], [7.15, 6.94, 0.82, 1.88, 4.6, 2.75, 9.34, 0.35, 0.83, 4.89, 2.49, 0.67, 1.49, 3.97, 0.93, 5.73, 4.44, 2.76, 1.64, 3.69, 0.22, 4.71, 2.35, 2.53, 0.85, 5.3, 6.38, 7.83, 1.92, 2.83, 3.9, 4.05, 2.94, 9.85, 0.49, 3.68, 6.71, 4.01, 1.27, 0.91, 2.38, 1.12, 3.22, 3.96, 1.13, 5.93, 10.49, 9.11, 2.9, 5.22, 0.46, 14.2, 3.65, 6.7, 6.34, 11.74, 1.67, 8.01, 0.4, 3.98, 10.7, 3.69, 5.8, 2.31, 8.64, 1.95, 0.84, 2.52, 0.23, 3.11, 6.89, 4.88, 6.65, 4.09, 10.39, 1.72, 4.1, 2.11, 3.51, 6.59, 5.31, 3.85, 12.11, 10.7, 6.07, 4.0, 3.42, 1.7, 0.36, 4.22, 6.34, 6.12, 0.33, 1.28, 4.8, 8.22, 0.0, 8.93, 0.84, 6.26], [3.87, 12.04, 3.15, 11.82, 2.72, 4.09, 3.08, 11.5, 10.16, 1.35, 22.3, 10.52, 3.73, 13.82, 9.33, 7.49, 4.31, 8.14, 6.65, 2.88, 2.84, 5.63, 7.11, 12.55, 12.12, 0.58, 4.32, 3.14, 18.96, 3.93, 0.69, 3.12, 11.78, 18.66, 3.48, 3.19, 1.75, 16.58, 2.68, 1.03, 6.71, 11.7, 6.96, 8.49, 2.12, 2.4, 1.79, 1.7, 5.46, 12.77, 10.88, 8.26, 13.77, 0.92, 8.67, 0.97, 16.08, 8.43, 5.94, 7.56, 0.96, 5.07, 5.09, 10.83, 7.73, 20.13, 2.55, 12.86, 14.09, 14.15, 3.63, 4.25, 3.13, 1.71, 4.24, 2.28, 6.78, 12.16, 15.65, 2.35, 7.66, 5.95, 1.86, 2.15, 2.49, 9.89, 7.74, 9.92, 8.26, 15.81, 2.68, 1.54, 3.77, 2.61, 16.73, 2.31, 12.02, 0.0, 11.71, 6.41], [5.76, 3.14, 4.6, 0.88, 3.27, 5.3, 5.63, 1.37, 1.77, 3.34, 8.27, 3.59, 5.37, 6.31, 4.46, 5.68, 10.09, 3.26, 3.49, 2.52, 1.12, 2.94, 6.91, 2.55, 0.92, 2.88, 1.75, 1.89, 2.33, 4.71, 2.41, 10.85, 1.03, 5.26, 3.27, 3.27, 6.53, 3.15, 3.26, 7.49, 2.86, 1.77, 2.45, 2.33, 2.13, 3.58, 3.62, 5.99, 4.39, 2.05, 0.99, 9.94, 4.09, 7.71, 6.17, 5.7, 2.74, 1.41, 1.78, 7.28, 13.08, 0.93, 5.62, 4.35, 4.19, 2.38, 1.49, 2.61, 0.0, 6.0, 8.12, 3.94, 8.79, 4.8, 2.06, 1.02, 7.12, 3.84, 1.97, 10.19, 3.73, 7.58, 9.47, 7.15, 4.76, 2.63, 4.35, 5.42, 0.93, 0.97, 1.01, 8.84, 1.02, 3.77, 4.05, 9.8, 0.73, 8.85, 0.0, 3.89], [7.63, 0.0, 14.24, 3.7, 11.38, 2.04, 5.81, 1.8, 0.39, 1.54, 9.07, 4.74, 3.33, 4.55, 5.59, 14.89, 7.58, 5.49, 5.43, 6.04, 6.6, 5.04, 7.94, 3.39, 4.95, 16.7, 13.83, 10.05, 1.58, 3.26, 2.85, 12.07, 5.31, 3.19, 3.07, 17.17, 16.95, 2.56, 10.14, 8.85, 1.86, 0.35, 11.17, 2.84, 2.56, 16.58, 12.17, 3.1, 8.63, 14.29, 3.05, 15.44, 3.81, 1.32, 17.04, 17.27, 1.24, 5.64, 7.32, 2.52, 19.88, 1.92, 2.4, 3.93, 5.79, 4.18, 4.39, 4.61, 3.19, 2.21, 2.88, 10.44, 12.8, 5.63, 16.08, 2.16, 5.98, 3.82, 9.34, 12.83, 6.28, 1.74, 15.82, 14.46, 13.53, 1.62, 2.57, 4.89, 8.68, 1.93, 0.25, 5.19, 1.15, 2.66, 4.81, 2.38, 1.19, 2.81, 1.02, 0.0]]
vans = [5, 8, 8, 9]

