J = [0, 1, 2]
K = [3, 4]
L = [5, 6, 7]
I = [0, 1, 2, 3, 4, 5, 6, 7]
N = [0, 1, 2, 3, 4, 5, 6, 7, 8, 9, 10, 11, 12, 13, 14, 15, 16, 17, 18, 19, 20, 21, 22, 23, 24, 25, 26, 27, 28, 29, 30, 31, 32, 33, 34, 35, 36, 37, 38, 39, 40, 41, 42, 43, 44, 45, 46, 47, 48, 49]
demand = [861, 612, 694, 701, 578, 595, 973, 1066, 465, 631, 993, 1059, 829, 1179, 803, 1150, 948, 1059, 1194, 789, 1148, 687, 1192, 1145, 495, 1096, 811, 683, 713, 405, 1058, 624, 825, 791, 621, 966, 487, 940, 679, 411, 422, 1084, 775, 978, 996, 1171, 621, 1114, 1121, 1179]
hub = [1, 1, 0, 2, 1, 0, 1, 0, 0, 0, 2, 0, 0, 0, 1, 1, 2, 1, 2, 0, 2, 2, 2, 2, 2, 1, 2, 1, 1, 1, 0, 0, 0, 1, 0, 1, 1, 0, 2, 0, 1, 0, 0, 1, 1, 0, 2, 1, 0, 2]
release = [23, 16, 25, 46, 17, 30, 32, 9, 41, 27, 35, 37, 1, 34, 44, 32, 22, 9, 16, 46, 21, 48, 31, 20, 11, 12, 33, 25, 48, 8, 37, 17, 38, 9, 18, 3, 48, 26, 26, 44, 22, 10, 21, 2, 13, 2, 23, 28, 29, 30]
Nj = [[2, 5, 7, 8, 9, 11, 12, 13, 19, 30, 31, 32, 34, 37, 39, 41, 42, 45, 48], [0, 1, 4, 6, 14, 15, 17, 25, 27, 28, 29, 33, 35, 36, 40, 43, 44, 47], [3, 10, 16, 18, 20, 21, 22, 23, 24, 26, 38, 46, 49]]
Gj = [[0, 1, 2, 3, 4, 5, 6, 7, 8, 9, 10, 11, 12, 13, 14, 15, 16, 17, 18], [19, 20, 21, 22, 23, 24, 25, 26, 27, 28, 29, 30, 31, 32, 33, 34, 35, 36], [37, 38, 39, 40, 41, 42, 43, 44, 45, 46, 47, 48, 49]]
G = [0, 1, 2, 3, 4, 5, 6, 7, 8, 9, 10, 11, 12, 13, 14, 15, 16, 17, 18, 19, 20, 21, 22, 23, 24, 25, 26, 27, 28, 29, 30, 31, 32, 33, 34, 35, 36, 37, 38, 39, 40, 41, 42, 43, 44, 45, 46, 47, 48, 49]
deadline = [240, 168, 240, 240, 192, 168, 168, 216, 240, 168, 192, 216, 240, 216, 216, 168, 168, 216, 168, 240, 192, 192, 216, 216, 192, 240, 192, 192, 168, 192, 192, 192, 168, 216, 192, 168, 192, 168, 168, 216, 240, 192, 168, 168, 168, 240, 192, 216, 192, 240]
weight = [60, 30, 60, 90, 10, 70, 90, 30, 50, 20, 40, 50, 90, 30, 50, 10, 30, 30, 60, 50, 50, 60, 40, 10, 60, 80, 60, 20, 30, 90, 100, 70, 10, 20, 90, 80, 30, 10, 80, 80, 50, 30, 100, 40, 20, 10, 20, 70, 30, 30]
q = 2000
M = [0, 1, 2]
M_description = ['Road', 'Rail', 'Ship']
accessibility = [[1, 1, 0], [1, 1, 0], [1, 0, 0], [1, 1, 1], [1, 1, 1], [1, 0, 0], [1, 0, 0], [1, 0, 1]]
S = [0, 1, 2, 3, 4, 5, 6, 7, 8, 9, 10, 11, 12, 13, 14, 15, 16, 17, 18, 19, 20, 21, 22, 23, 24, 25, 26, 27, 28, 29, 30, 31, 32, 33, 34, 35, 36, 37, 38, 39, 40, 41, 42, 43, 44, 45, 46, 47, 48, 49, 50, 51, 52, 53, 54, 55, 56, 57, 58, 59, 60, 61, 62, 63, 64, 65, 66, 67, 68, 69, 70, 71, 72, 73, 74, 75, 76, 77, 78, 79, 80, 81, 82, 83, 84, 85, 86, 87, 88, 89, 90, 91, 92, 93, 94, 95, 96, 97, 98, 99, 100, 101, 102, 103, 104, 105, 106, 107, 108, 109, 110, 111, 112, 113, 114, 115, 116, 117, 118, 119, 120, 121, 122, 123, 124, 125, 126, 127, 128, 129, 130, 131, 132, 133, 134, 135, 136, 137, 138, 139, 140, 141, 142, 143, 144, 145, 146, 147, 148, 149, 150, 151, 152, 153, 154, 155, 156, 157, 158, 159, 160, 161, 162, 163, 164, 165, 166, 167, 168, 169, 170, 171, 172, 173, 174, 175, 176, 177, 178, 179, 180, 181, 182, 183, 184, 185, 186, 187]
origin = [0, 0, 0, 0, 0, 0, 0, 0, 0, 0, 0, 0, 0, 0, 0, 0, 0, 0, 0, 0, 0, 0, 0, 0, 0, 0, 0, 0, 1, 1, 1, 1, 1, 1, 1, 1, 1, 1, 1, 1, 1, 1, 1, 1, 1, 1, 1, 1, 1, 1, 1, 1, 1, 1, 1, 1, 2, 2, 2, 2, 2, 2, 2, 2, 2, 2, 2, 2, 2, 2, 2, 2, 2, 2, 2, 2, 2, 2, 2, 2, 2, 2, 2, 2, 3, 3, 3, 3, 3, 3, 3, 3, 3, 3, 3, 3, 3, 3, 3, 3, 3, 3, 3, 3, 3, 3, 3, 3, 3, 3, 3, 3, 4, 4, 4, 4, 4, 4, 4, 4, 4, 4, 4, 4, 4, 4, 4, 4, 4, 4, 4, 4, 4, 4, 4, 4, 4, 4, 4, 4, 0, 0, 0, 0, 0, 0, 0, 0, 0, 1, 1, 1, 1, 1, 1, 1, 1, 1, 3, 3, 3, 3, 3, 3, 3, 3, 3, 4, 4, 4, 4, 4, 4, 4, 4, 4, 3, 3, 3, 3, 3, 3, 4, 4, 4, 4, 4, 4]
destination = [1, 1, 1, 1, 2, 2, 2, 2, 3, 3, 3, 3, 4, 4, 4, 4, 5, 5, 5, 5, 6, 6, 6, 6, 7, 7, 7, 7, 0, 0, 0, 0, 2, 2, 2, 2, 3, 3, 3, 3, 4, 4, 4, 4, 5, 5, 5, 5, 6, 6, 6, 6, 7, 7, 7, 7, 0, 0, 0, 0, 1, 1, 1, 1, 3, 3, 3, 3, 4, 4, 4, 4, 5, 5, 5, 5, 6, 6, 6, 6, 7, 7, 7, 7, 0, 0, 0, 0, 1, 1, 1, 1, 2, 2, 2, 2, 4, 4, 4, 4, 5, 5, 5, 5, 6, 6, 6, 6, 7, 7, 7, 7, 0, 0, 0, 0, 1, 1, 1, 1, 2, 2, 2, 2, 3, 3, 3, 3, 5, 5, 5, 5, 6, 6, 6, 6, 7, 7, 7, 7, 1, 1, 1, 3, 3, 3, 4, 4, 4, 0, 0, 0, 3, 3, 3, 4, 4, 4, 0, 0, 0, 1, 1, 1, 4, 4, 4, 0, 0, 0, 1, 1, 1, 3, 3, 3, 4, 4, 4, 7, 7, 7, 3, 3, 3, 7, 7, 7]
departure = [8, 56, 104, 152, 8, 56, 104, 152, 8, 56, 104, 152, 8, 56, 104, 152, 8, 56, 104, 152, 8, 56, 104, 152, 8, 56, 104, 152, 8, 56, 104, 152, 8, 56, 104, 152, 8, 56, 104, 152, 8, 56, 104, 152, 8, 56, 104, 152, 8, 56, 104, 152, 8, 56, 104, 152, 8, 56, 104, 152, 8, 56, 104, 152, 8, 56, 104, 152, 8, 56, 104, 152, 8, 56, 104, 152, 8, 56, 104, 152, 8, 56, 104, 152, 12, 60, 108, 156, 12, 60, 108, 156, 12, 60, 108, 156, 12, 60, 108, 156, 12, 60, 108, 156, 12, 60, 108, 156, 12, 60, 108, 156, 12, 60, 108, 156, 12, 60, 108, 156, 12, 60, 108, 156, 12, 60, 108, 156, 12, 60, 108, 156, 12, 60, 108, 156, 12, 60, 108, 156, 33, 81, 129, 33, 81, 129, 33, 81, 129, 33, 81, 129, 33, 81, 129, 33, 81, 129, 37, 85, 133, 37, 85, 133, 37, 85, 133, 37, 85, 133, 37, 85, 133, 37, 85, 133, 13, 61, 109, 13, 61, 109, 13, 61, 109, 13, 61, 109]
arrival = [52, 124, 124, 220, 52, 100, 124, 220, 108, 156, 204, 228, 60, 108, 156, 204, 112, 160, 184, 304, 112, 136, 184, 280, 160, 208, 256, 256, 52, 100, 196, 196, 28, 148, 124, 220, 108, 108, 180, 252, 108, 132, 180, 204, 88, 160, 184, 232, 88, 184, 208, 304, 112, 136, 184, 256, 100, 100, 148, 244, 76, 100, 196, 244, 60, 132, 180, 228, 60, 108, 204, 204, 136, 208, 232, 256, 112, 136, 232, 280, 88, 184, 208, 256, 32, 152, 200, 176, 32, 128, 200, 248, 32, 80, 176, 200, 64, 136, 160, 256, 164, 188, 188, 236, 140, 140, 236, 308, 140, 212, 236, 284, 56, 128, 152, 248, 80, 152, 152, 200, 32, 128, 200, 200, 88, 136, 184, 256, 116, 164, 260, 260, 140, 188, 188, 284, 140, 140, 188, 284, 54, 126, 174, 110, 182, 206, 86, 134, 182, 126, 174, 198, 110, 182, 230, 134, 158, 206, 106, 130, 178, 82, 154, 154, 90, 186, 186, 130, 106, 202, 130, 106, 202, 90, 138, 234, 90, 162, 186, 118, 166, 262, 114, 138, 210, 142, 142, 238]
Q = [2, 2, 2, 4, 4, 4, 2, 2, 2, 4, 2, 2, 4, 2, 4, 2, 4, 4, 4, 4, 2, 2, 2, 4, 4, 4, 4, 4, 4, 2, 2, 4, 2, 2, 2, 2, 2, 4, 4, 2, 4, 4, 2, 4, 4, 2, 2, 2, 4, 4, 4, 2, 4, 2, 2, 2, 2, 4, 2, 2, 2, 2, 2, 4, 4, 2, 4, 2, 4, 4, 4, 2, 2, 4, 4, 2, 4, 2, 4, 4, 2, 2, 2, 4, 2, 4, 4, 4, 2, 4, 4, 2, 2, 4, 4, 2, 2, 4, 4, 4, 2, 4, 2, 2, 2, 2, 4, 4, 2, 4, 2, 2, 4, 2, 4, 4, 2, 4, 2, 2, 4, 4, 4, 2, 4, 2, 2, 2, 2, 2, 4, 2, 2, 2, 2, 4, 4, 4, 2, 4, 3, 6, 6, 6, 3, 3, 3, 3, 6, 6, 3, 6, 3, 6, 3, 6, 3, 3, 6, 6, 6, 6, 3, 3, 6, 3, 3, 3, 3, 3, 3, 6, 6, 6, 6, 6, 10, 10, 5, 5, 10, 10, 10, 10, 10, 5, 5, 5]
cfixed = [241, 221, 264, 282, 296, 267, 279, 281, 228, 263, 280, 271, 263, 267, 236, 226, 217, 279, 208, 299, 236, 211, 264, 231, 274, 262, 296, 245, 265, 213, 247, 250, 207, 226, 202, 220, 211, 285, 291, 214, 290, 247, 226, 258, 202, 212, 300, 285, 248, 277, 206, 291, 230, 259, 238, 214, 253, 292, 257, 236, 202, 228, 295, 283, 272, 239, 207, 229, 225, 261, 238, 220, 222, 247, 258, 294, 285, 249, 220, 203, 242, 230, 257, 263, 299, 268, 246, 200, 249, 203, 281, 259, 299, 292, 261, 261, 268, 283, 210, 238, 228, 278, 291, 299, 283, 251, 250, 260, 212, 218, 300, 270, 215, 300, 289, 241, 210, 223, 209, 269, 233, 245, 254, 271, 246, 210, 229, 207, 217, 292, 250, 251, 216, 221, 226, 223, 228, 202, 235, 268, 302, 375, 405, 337, 366, 410, 389, 383, 439, 476, 499, 479, 475, 333, 379, 498, 472, 417, 434, 451, 377, 433, 391, 397, 484, 455, 367, 346, 313, 486, 416, 372, 499, 315, 472, 386, 632, 553, 687, 648, 551, 693, 569, 590, 513, 670, 642, 650]
ctravel = [44, 68, 20, 68, 44, 44, 20, 68, 100, 100, 100, 76, 52, 52, 52, 52, 104, 104, 80, 152, 104, 80, 80, 128, 152, 152, 152, 104, 44, 44, 92, 44, 20, 92, 20, 68, 100, 52, 76, 100, 100, 76, 76, 52, 80, 104, 80, 80, 80, 128, 104, 152, 104, 80, 80, 104, 92, 44, 44, 92, 68, 44, 92, 92, 52, 76, 76, 76, 52, 52, 100, 52, 128, 152, 128, 104, 104, 80, 128, 128, 80, 128, 104, 104, 20, 92, 92, 20, 20, 68, 92, 92, 20, 20, 68, 44, 52, 76, 52, 100, 152, 128, 80, 80, 128, 80, 128, 152, 128, 152, 128, 128, 44, 68, 44, 92, 68, 92, 44, 44, 20, 68, 92, 44, 76, 76, 76, 100, 104, 104, 152, 104, 128, 128, 80, 128, 128, 80, 80, 128, 16.8, 36.0, 36.0, 61.6, 80.80000000000001, 61.6, 42.400000000000006, 42.400000000000006, 42.400000000000006, 74.4, 74.4, 55.2, 61.6, 80.80000000000001, 80.80000000000001, 80.80000000000001, 61.6, 61.6, 55.2, 36.0, 36.0, 36.0, 55.2, 16.8, 42.400000000000006, 80.80000000000001, 42.400000000000006, 74.4, 16.8, 55.2, 74.4, 16.8, 55.2, 42.400000000000006, 42.400000000000006, 80.80000000000001, 46.199999999999996, 60.599999999999994, 46.199999999999996, 63.0, 63.0, 91.8, 60.599999999999994, 46.199999999999996, 60.599999999999994, 77.39999999999999, 48.6, 77.39999999999999]
mode = [0, 0, 0, 0, 0, 0, 0, 0, 0, 0, 0, 0, 0, 0, 0, 0, 0, 0, 0, 0, 0, 0, 0, 0, 0, 0, 0, 0, 0, 0, 0, 0, 0, 0, 0, 0, 0, 0, 0, 0, 0, 0, 0, 0, 0, 0, 0, 0, 0, 0, 0, 0, 0, 0, 0, 0, 0, 0, 0, 0, 0, 0, 0, 0, 0, 0, 0, 0, 0, 0, 0, 0, 0, 0, 0, 0, 0, 0, 0, 0, 0, 0, 0, 0, 0, 0, 0, 0, 0, 0, 0, 0, 0, 0, 0, 0, 0, 0, 0, 0, 0, 0, 0, 0, 0, 0, 0, 0, 0, 0, 0, 0, 0, 0, 0, 0, 0, 0, 0, 0, 0, 0, 0, 0, 0, 0, 0, 0, 0, 0, 0, 0, 0, 0, 0, 0, 0, 0, 0, 0, 1, 1, 1, 1, 1, 1, 1, 1, 1, 1, 1, 1, 1, 1, 1, 1, 1, 1, 1, 1, 1, 1, 1, 1, 1, 1, 1, 1, 1, 1, 1, 1, 1, 1, 1, 1, 2, 2, 2, 2, 2, 2, 2, 2, 2, 2, 2, 2]
delivery_process = ['Direct-Shipment', 'Cross-Docking', 'Direct-Shipment']
distance_ln = [[5.25, 1.96, 2.56, 1.93, 3.88, 5.99, 9.32, 3.74, 16.27, 8.79, 2.36, 3.44, 5.55, 5.48, 1.13, 7.94, 1.52, 8.76, 4.31, 2.45, 12.09, 4.26, 3.43, 2.62, 1.12, 2.05, 3.46, 5.56, 9.03, 8.63, 5.2, 9.61, 16.35, 4.22, 15.0, 7.9, 7.67, 8.9, 6.39, 10.66, 3.94, 13.36, 6.93, 9.72, 13.09, 10.35, 5.01, 3.83, 0.27, 11.13], [7.38, 12.23, 8.62, 3.32, 3.44, 15.58, 0.58, 6.43, 3.07, 9.74, 1.04, 9.16, 5.04, 10.07, 7.05, 2.89, 10.11, 6.28, 9.39, 4.64, 2.4, 2.78, 11.66, 1.66, 1.23, 2.68, 1.17, 19.02, 17.39, 3.99, 2.39, 4.35, 12.64, 17.87, 1.98, 2.25, 9.44, 6.31, 13.52, 5.36, 15.7, 8.32, 3.85, 4.88, 9.76, 7.89, 0.97, 3.69, 6.15, 3.75], [21.59, 0.6, 6.85, 7.31, 5.87, 9.41, 10.85, 3.98, 17.02, 2.74, 14.97, 4.19, 7.74, 16.49, 0.96, 3.02, 0.84, 13.27, 11.36, 21.85, 19.02, 0.71, 2.39, 18.81, 14.12, 7.19, 5.79, 2.29, 5.49, 12.59, 11.86, 11.42, 9.18, 0.56, 3.16, 4.16, 14.01, 1.77, 11.1, 9.84, 12.73, 4.38, 19.32, 22.76, 11.62, 7.18, 13.79, 10.76, 5.55, 7.13]]
distance_nn = [[0.0, 10.5, 2.17, 8.49, 12.18, 3.7, 3.43, 2.81, 12.76, 7.25, 7.81, 9.75, 0.8, 2.08, 7.74, 7.59, 20.71, 7.76, 0.76, 0.51, 2.1, 9.97, 10.68, 2.18, 6.58, 3.29, 5.77, 5.89, 5.2, 7.53, 11.96, 4.68, 4.31, 11.5, 4.96, 16.19, 5.27, 13.5, 7.25, 8.54, 3.96, 9.46, 1.12, 3.71, 1.99, 0.37, 2.5, 10.93, 2.33, 9.39], [18.16, 0.0, 5.81, 12.95, 6.23, 11.92, 7.06, 9.06, 7.6, 17.32, 15.19, 2.6, 11.68, 12.0, 3.11, 2.23, 2.86, 9.09, 13.26, 10.92, 16.31, 0.86, 3.57, 5.55, 14.18, 9.91, 7.92, 2.16, 6.42, 10.87, 6.5, 12.82, 7.0, 0.97, 6.91, 11.57, 6.4, 3.52, 9.71, 6.29, 15.34, 15.5, 8.46, 4.06, 14.53, 6.34, 15.19, 8.76, 3.98, 15.01], [15.62, 6.44, 0.0, 13.24, 1.72, 7.4, 3.67, 10.04, 9.58, 12.14, 17.59, 3.37, 7.66, 9.85, 3.23, 12.14, 5.32, 1.16, 13.41, 17.1, 12.84, 2.52, 1.95, 9.2, 15.35, 9.64, 15.31, 8.02, 6.95, 5.26, 3.67, 5.07, 12.38, 2.88, 6.29, 5.08, 6.34, 13.01, 2.47, 6.4, 6.14, 9.86, 3.01, 11.34, 1.42, 16.74, 10.43, 4.24, 3.56, 2.23], [11.07, 11.93, 6.49, 0.0, 3.69, 7.18, 0.75, 4.89, 9.94, 12.46, 1.84, 7.89, 6.75, 1.76, 11.21, 1.93, 9.47, 3.81, 12.91, 11.35, 2.84, 2.39, 11.4, 1.23, 0.92, 3.59, 0.59, 19.27, 6.05, 5.28, 14.79, 5.31, 14.22, 13.6, 15.17, 12.58, 11.53, 0.75, 13.88, 1.62, 2.93, 10.03, 8.15, 12.36, 11.04, 9.87, 3.09, 2.2, 8.93, 1.81], [6.28, 5.36, 7.76, 5.98, 0.0, 4.73, 4.49, 0.74, 12.08, 12.69, 6.44, 2.26, 8.38, 12.36, 5.24, 3.0, 8.47, 3.42, 7.63, 11.72, 4.81, 2.73, 7.81, 5.92, 3.38, 8.73, 4.46, 6.95, 3.55, 12.13, 13.05, 1.49, 11.0, 6.57, 9.76, 12.09, 3.21, 2.01, 8.8, 3.0, 2.81, 13.4, 3.4, 17.0, 7.79, 7.6, 9.3, 4.23, 4.83, 12.19], [3.39, 16.01, 1.19, 17.21, 8.45, 0.0, 17.12, 10.59, 0.74, 11.09, 14.33, 5.27, 12.1, 2.64, 7.36, 4.2, 12.66, 9.66, 3.6, 6.37, 5.05, 17.1, 8.38, 6.75, 12.0, 7.85, 4.27, 0.13, 1.91, 4.05, 2.81, 4.47, 4.8, 7.65, 1.01, 1.56, 8.21, 7.51, 2.49, 2.75, 0.78, 1.84, 11.15, 5.59, 6.83, 2.46, 5.33, 13.03, 14.55, 2.96], [12.08, 6.53, 2.55, 0.58, 5.59, 13.4, 0.0, 5.35, 15.53, 1.59, 0.93, 6.75, 7.55, 11.52, 14.0, 1.52, 17.77, 11.41, 3.44, 10.17, 0.42, 2.76, 8.09, 5.2, 0.83, 11.15, 0.69, 2.57, 8.58, 6.36, 7.33, 2.37, 7.85, 3.66, 7.51, 19.97, 9.91, 2.87, 8.81, 13.62, 15.29, 13.46, 8.33, 13.44, 16.84, 13.91, 1.83, 0.56, 9.21, 12.07], [2.0, 4.26, 3.25, 4.67, 1.37, 8.06, 4.66, 0.0, 7.91, 5.21, 1.83, 3.64, 2.88, 3.89, 3.59, 2.28, 8.35, 2.46, 7.89, 10.09, 1.04, 4.35, 4.14, 5.26, 4.28, 7.12, 4.26, 16.53, 4.54, 2.27, 1.51, 10.82, 11.29, 4.02, 12.11, 5.7, 3.54, 3.14, 12.14, 7.19, 4.47, 13.3, 3.01, 7.7, 8.4, 3.8, 6.64, 6.73, 4.17, 9.7], [5.13, 11.81, 9.25, 9.86, 18.01, 0.19, 16.06, 16.44, 0.0, 8.83, 5.57, 3.99, 12.83, 10.61, 15.77, 4.67, 12.31, 8.66, 11.3, 16.82, 22.63, 14.5, 14.51, 13.57, 18.28, 4.63, 22.82, 0.56, 1.21, 1.18, 5.51, 4.54, 7.58, 9.83, 3.3, 3.1, 3.5, 11.99, 2.84, 6.54, 2.62, 0.8, 11.65, 3.79, 1.35, 8.94, 11.69, 14.71, 4.64, 3.66], [1.44, 12.01, 11.1, 2.83, 11.19, 9.08, 13.74, 9.44, 3.37, 0.0, 13.5, 10.01, 1.14, 0.8, 5.86, 7.79, 10.67, 1.19, 1.32, 1.81, 10.62, 2.56, 12.44, 5.84, 7.29, 2.14, 15.24, 1.3, 6.84, 7.05, 3.94, 6.42, 2.67, 4.32, 6.82, 9.39, 2.93, 12.98, 4.82, 4.22, 11.78, 5.55, 0.71, 5.89, 3.23, 2.73, 3.71, 7.93, 10.35, 2.63], [4.68, 8.04, 14.73, 0.79, 3.16, 18.21, 0.38, 6.04, 13.99, 11.15, 0.0, 5.03, 9.65, 9.61, 10.24, 0.36, 2.52, 11.16, 1.76, 7.38, 0.54, 10.25, 9.98, 3.42, 0.8, 11.2, 0.27, 10.52, 7.23, 9.42, 18.48, 6.89, 1.88, 10.18, 16.33, 12.87, 13.92, 3.87, 13.51, 8.06, 9.68, 18.76, 4.01, 4.2, 6.78, 6.47, 6.89, 0.95, 3.51, 10.1], [3.65, 1.14, 5.77, 3.74, 2.05, 4.8, 5.81, 3.51, 3.02, 8.53, 1.89, 0.0, 1.72, 9.85, 3.66, 7.29, 1.05, 4.55, 1.7, 10.41, 1.29, 7.9, 5.2, 2.13, 3.32, 4.85, 7.75, 4.54, 5.57, 2.89, 5.99, 0.88, 5.11, 4.62, 5.62, 2.72, 2.63, 8.44, 8.22, 3.2, 6.36, 11.84, 3.8, 8.75, 1.61, 2.66, 9.46, 6.13, 2.77, 1.45], [3.92, 4.86, 3.48, 10.03, 5.23, 12.82, 9.88, 3.98, 6.09, 1.49, 8.35, 2.23, 0.0, 1.44, 8.85, 6.77, 8.83, 1.55, 2.28, 4.85, 6.19, 5.89, 5.67, 4.07, 8.97, 2.09, 10.76, 5.17, 5.31, 4.76, 2.86, 2.23, 5.37, 16.01, 1.52, 12.02, 0.97, 5.9, 4.2, 5.17, 9.98, 6.06, 4.29, 4.78, 3.07, 4.4, 0.61, 7.86, 4.28, 3.51], [2.81, 10.59, 2.41, 5.33, 8.36, 8.21, 3.66, 12.07, 5.67, 0.82, 9.86, 6.82, 0.8, 0.0, 14.51, 2.67, 15.45, 2.4, 0.51, 2.78, 3.44, 7.84, 11.34, 2.37, 10.75, 1.31, 10.61, 1.11, 3.9, 6.1, 4.54, 8.87, 2.28, 12.69, 1.29, 2.97, 3.61, 10.5, 1.37, 5.36, 12.24, 7.44, 0.52, 4.45, 2.8, 0.78, 2.18, 2.79, 16.64, 1.65], [4.25, 1.98, 3.25, 3.47, 6.12, 7.58, 8.29, 7.81, 2.03, 7.33, 5.88, 0.87, 8.21, 3.17, 0.0, 11.96, 2.42, 6.35, 9.3, 6.4, 12.47, 3.06, 2.86, 14.98, 4.04, 9.49, 4.51, 9.89, 2.95, 6.75, 4.61, 3.28, 15.56, 3.01, 11.46, 7.99, 1.25, 3.72, 4.79, 1.24, 11.85, 4.78, 13.1, 9.54, 2.09, 18.73, 11.34, 11.04, 2.98, 8.0], [11.46, 12.23, 2.2, 0.52, 4.77, 8.79, 2.2, 2.01, 12.4, 6.46, 1.45, 4.87, 1.82, 8.69, 8.5, 0.0, 4.08, 8.36, 5.73, 8.11, 1.04, 12.62, 3.77, 2.9, 1.27, 8.11, 0.91, 5.22, 17.66, 6.88, 5.83, 9.63, 9.87, 1.98, 7.02, 13.57, 6.94, 2.94, 4.38, 12.61, 10.72, 8.71, 9.42, 5.48, 4.51, 11.0, 1.7, 4.08, 4.11, 3.07], [3.37, 2.66, 0.77, 7.28, 4.42, 16.63, 3.85, 10.44, 9.06, 18.18, 4.24, 4.53, 10.05, 7.23, 1.35, 3.22, 0.0, 12.31, 20.61, 14.96, 6.33, 0.78, 1.26, 16.54, 10.05, 2.16, 5.17, 10.01, 7.38, 11.74, 4.14, 5.93, 20.83, 0.22, 8.12, 4.1, 6.09, 12.91, 4.02, 2.27, 1.85, 3.0, 15.15, 25.19, 3.05, 6.63, 12.19, 5.94, 3.02, 5.0], [2.69, 10.24, 5.01, 2.15, 7.51, 1.79, 6.46, 2.29, 2.01, 1.74, 10.59, 6.86, 0.98, 1.62, 9.01, 8.86, 8.42, 0.0, 1.02, 2.77, 10.6, 13.01, 4.18, 0.98, 1.9, 3.23, 10.44, 7.81, 0.94, 5.85, 8.76, 1.34, 4.95, 15.87, 6.52, 5.04, 1.62, 4.98, 1.12, 1.8, 9.9, 3.03, 2.21, 5.38, 3.81, 3.06, 5.65, 6.94, 8.92, 4.73], [3.55, 6.76, 6.11, 9.13, 13.28, 5.95, 8.65, 7.0, 5.18, 2.24, 11.52, 11.64, 3.72, 2.14, 5.01, 6.48, 17.53, 2.75, 0.0, 4.14, 7.32, 15.75, 9.42, 3.92, 7.97, 0.54, 11.71, 4.95, 5.69, 10.87, 3.3, 1.86, 4.94, 6.43, 4.45, 5.98, 4.13, 6.38, 1.23, 9.45, 10.76, 5.34, 0.51, 1.09, 1.18, 0.48, 2.08, 2.42, 8.62, 2.77], [0.6, 21.94, 15.62, 5.96, 3.05, 6.26, 3.33, 11.94, 12.07, 6.33, 4.63, 6.56, 5.99, 1.89, 16.11, 8.11, 9.69, 1.59, 3.73, 0.0, 9.07, 19.37, 6.5, 3.65, 10.74, 3.06, 7.11, 16.38, 16.29, 8.75, 11.54, 1.82, 6.26, 8.86, 5.79, 19.27, 8.92, 8.5, 4.2, 8.46, 16.04, 12.08, 1.57, 0.56, 2.95, 2.11, 1.45, 11.97, 15.55, 8.75], [11.3, 1.78, 11.95, 0.56, 7.93, 13.0, 0.41, 0.83, 10.64, 10.07, 0.22, 5.72, 10.41, 7.29, 7.62, 4.42, 12.96, 3.88, 1.57, 10.58, 0.0, 5.73, 6.3, 2.25, 1.47, 1.38, 1.69, 11.65, 14.89, 11.99, 17.8, 6.15, 10.5, 9.99, 2.47, 4.8, 8.85, 2.83, 12.73, 10.84, 19.64, 14.66, 4.15, 7.89, 10.51, 11.82, 0.9, 0.0, 6.05, 7.87], [12.24, 1.67, 3.88, 2.31, 7.58, 4.22, 3.02, 6.76, 11.49, 8.21, 11.52, 6.68, 9.18, 13.0, 2.46, 8.9, 0.97, 14.58, 2.78, 15.43, 2.39, 0.0, 3.63, 7.68, 9.53, 13.12, 2.41, 4.82, 14.75, 9.01, 8.84, 1.63, 2.41, 0.35, 14.0, 10.09, 12.58, 12.54, 12.0, 7.46, 1.86, 8.61, 7.08, 8.97, 7.9, 15.86, 17.04, 10.23, 5.9, 9.4], [18.24, 3.48, 1.06, 13.09, 9.7, 10.14, 12.05, 5.74, 5.57, 15.52, 3.81, 4.88, 2.85, 8.36, 2.53, 5.99, 1.61, 5.81, 5.27, 15.99, 17.97, 1.62, 0.0, 12.97, 8.12, 12.32, 14.53, 2.65, 6.44, 6.5, 5.16, 1.18, 15.9, 1.69, 4.43, 6.92, 10.29, 9.78, 2.34, 8.75, 5.95, 4.17, 13.71, 22.41, 7.38, 3.01, 6.55, 9.76, 5.95, 4.3], [4.24, 5.75, 9.18, 2.85, 7.33, 8.11, 1.54, 2.6, 8.45, 6.65, 6.21, 6.19, 5.18, 8.63, 15.51, 5.54, 18.15, 8.47, 8.28, 4.68, 5.13, 18.62, 4.36, 0.0, 1.98, 3.12, 5.84, 18.38, 16.46, 5.86, 2.46, 8.44, 6.44, 18.49, 9.57, 11.26, 10.58, 3.18, 11.52, 9.49, 13.98, 5.68, 2.99, 4.29, 7.16, 7.3, 1.04, 6.9, 3.62, 11.43], [11.28, 6.48, 15.19, 0.15, 1.69, 21.44, 0.73, 0.88, 7.22, 12.44, 1.13, 3.95, 1.25, 6.05, 7.97, 0.35, 5.15, 11.88, 8.49, 2.95, 1.51, 5.71, 3.47, 5.39, 0.0, 3.9, 1.02, 15.93, 20.29, 5.44, 10.84, 5.53, 16.35, 2.79, 11.01, 5.7, 6.24, 1.35, 15.55, 7.38, 16.25, 13.86, 8.53, 12.15, 8.13, 10.74, 3.78, 0.69, 2.66, 12.53], [5.09, 8.33, 10.17, 9.5, 3.25, 8.62, 6.18, 4.18, 5.58, 1.52, 7.08, 8.6, 2.23, 0.93, 12.85, 6.62, 2.51, 1.32, 3.76, 0.65, 5.49, 13.04, 6.44, 5.26, 2.49, 0.0, 10.02, 7.45, 10.64, 8.47, 8.55, 6.08, 3.12, 5.19, 2.29, 5.28, 3.1, 5.49, 3.02, 4.81, 6.56, 4.66, 3.31, 2.14, 3.6, 3.06, 1.43, 7.22, 5.82, 7.56], [13.89, 8.46, 3.76, 0.92, 4.04, 19.33, 0.63, 3.74, 15.9, 12.15, 0.42, 10.14, 11.02, 2.41, 5.81, 1.41, 7.82, 2.59, 9.25, 12.25, 0.32, 6.02, 8.4, 2.96, 0.38, 11.35, 0.0, 4.83, 11.7, 6.22, 13.8, 2.78, 14.45, 8.89, 12.42, 2.56, 11.84, 0.9, 10.75, 10.98, 16.27, 10.36, 4.18, 12.59, 5.42, 9.84, 4.77, 1.75, 9.67, 13.7], [18.17, 13.74, 9.41, 5.58, 9.68, 0.78, 19.2, 14.13, 0.77, 2.96, 9.91, 11.92, 11.38, 9.72, 9.1, 2.3, 4.82, 3.59, 3.29, 16.78, 22.38, 15.58, 8.08, 14.74, 13.92, 3.48, 14.78, 0.0, 0.96, 2.66, 3.67, 3.61, 1.21, 8.22, 3.1, 2.31, 5.83, 17.69, 4.19, 5.48, 2.04, 0.88, 6.58, 2.98, 3.54, 2.88, 2.77, 9.8, 14.35, 2.81], [14.4, 2.81, 9.55, 7.4, 7.05, 1.92, 7.67, 14.12, 0.65, 7.62, 20.44, 12.77, 4.02, 2.09, 1.92, 7.87, 11.8, 6.56, 7.29, 13.64, 3.6, 2.85, 9.6, 3.07, 7.95, 4.67, 15.26, 0.35, 0.0, 0.49, 2.61, 4.38, 3.39, 10.87, 1.62, 1.74, 1.71, 19.59, 2.67, 4.79, 0.33, 0.76, 8.37, 12.19, 3.42, 3.74, 4.71, 18.91, 8.33, 3.21], [2.17, 11.93, 4.74, 15.25, 6.82, 0.66, 15.04, 5.83, 4.56, 2.14, 3.07, 3.89, 9.43, 9.86, 8.11, 2.31, 11.92, 3.16, 4.85, 5.56, 16.28, 1.67, 5.71, 7.11, 16.93, 9.34, 7.93, 2.32, 1.31, 0.0, 0.39, 1.91, 4.46, 7.44, 3.1, 2.1, 1.18, 3.75, 3.04, 1.22, 0.7, 0.77, 8.94, 7.14, 5.96, 4.37, 6.87, 9.28, 14.26, 0.85], [20.17, 3.22, 0.6, 5.3, 11.4, 5.94, 6.65, 7.67, 5.48, 7.71, 10.91, 5.85, 5.12, 1.83, 7.34, 8.55, 10.12, 7.0, 5.17, 11.56, 20.24, 2.37, 1.05, 5.4, 15.05, 7.31, 7.14, 5.7, 3.31, 2.06, 0.0, 0.94, 3.38, 4.83, 6.26, 0.99, 2.74, 2.41, 3.86, 6.39, 2.71, 5.55, 12.77, 9.26, 5.79, 12.21, 17.98, 3.55, 8.79, 4.89], [7.84, 1.74, 6.62, 9.83, 4.3, 5.19, 6.39, 4.41, 2.63, 2.53, 7.24, 3.69, 5.88, 1.18, 5.43, 7.39, 12.95, 4.62, 7.61, 4.48, 14.69, 3.96, 1.43, 6.9, 7.7, 9.37, 9.27, 2.35, 3.27, 0.96, 3.36, 0.0, 5.62, 3.11, 1.31, 1.4, 1.92, 9.47, 1.16, 1.19, 1.86, 1.12, 10.62, 8.71, 1.82, 10.98, 10.58, 14.7, 3.55, 1.81], [9.18, 15.31, 13.97, 14.22, 12.31, 6.85, 6.55, 4.28, 7.56, 1.6, 9.49, 5.88, 4.66, 2.05, 7.64, 14.88, 4.7, 3.24, 5.01, 5.12, 15.92, 9.37, 17.89, 5.43, 7.0, 5.26, 5.46, 3.47, 2.04, 5.47, 12.11, 7.44, 0.0, 20.31, 4.7, 3.11, 5.7, 4.89, 1.86, 3.19, 8.41, 5.54, 4.39, 4.63, 2.49, 2.7, 6.19, 5.32, 16.27, 1.41], [3.18, 1.52, 2.97, 10.66, 8.02, 11.81, 14.4, 3.12, 4.04, 6.27, 6.98, 6.36, 2.55, 11.5, 3.34, 13.91, 0.27, 6.39, 13.5, 10.77, 14.06, 0.52, 0.57, 7.88, 15.36, 18.35, 15.76, 10.81, 8.89, 8.42, 2.84, 1.8, 11.74, 0.0, 3.49, 4.17, 10.02, 6.95, 10.76, 7.0, 13.18, 12.36, 7.62, 19.56, 4.5, 21.41, 18.14, 15.85, 1.83, 5.87], [7.52, 13.01, 4.54, 12.82, 10.19, 1.94, 2.36, 12.38, 3.26, 5.09, 14.2, 9.54, 4.15, 5.25, 8.21, 9.0, 15.89, 5.6, 8.1, 11.5, 10.58, 9.03, 13.01, 4.89, 16.2, 6.43, 17.09, 0.52, 1.36, 2.98, 3.45, 3.19, 3.73, 6.33, 0.0, 2.11, 4.14, 3.98, 1.64, 3.98, 3.15, 0.33, 5.34, 8.95, 0.83, 4.07, 6.32, 15.01, 17.06, 0.41], [3.69, 12.28, 7.21, 7.0, 13.88, 1.19, 9.46, 7.78, 2.59, 9.23, 3.91, 10.72, 3.91, 11.45, 10.93, 15.83, 11.53, 10.42, 5.6, 19.36, 6.96, 14.47, 6.84, 8.64, 14.08, 10.7, 9.89, 0.51, 1.01, 3.03, 1.81, 5.65, 6.45, 10.07, 3.33, 0.0, 4.24, 15.94, 3.8, 2.92, 0.48, 0.35, 14.36, 17.01, 8.52, 12.25, 7.19, 10.93, 7.35, 3.61], [7.11, 13.59, 4.61, 9.31, 5.22, 5.41, 5.99, 8.96, 3.85, 3.88, 4.3, 1.07, 3.15, 4.87, 1.75, 6.17, 11.91, 0.57, 1.93, 5.95, 4.4, 2.01, 1.65, 6.74, 10.99, 6.1, 12.59, 7.57, 1.46, 1.13, 2.29, 2.31, 1.44, 9.37, 0.79, 3.67, 0.0, 8.05, 2.18, 0.64, 6.45, 0.7, 5.84, 11.31, 0.62, 7.17, 2.02, 9.58, 12.21, 1.37], [5.05, 9.46, 7.75, 2.51, 1.22, 22.03, 2.75, 1.04, 14.06, 7.03, 3.15, 2.77, 1.38, 2.16, 3.73, 2.64, 3.03, 14.48, 4.01, 13.59, 1.44, 3.0, 14.28, 7.1, 2.03, 10.1, 0.91, 19.18, 18.72, 4.43, 10.74, 16.4, 10.37, 8.33, 2.72, 2.75, 3.89, 0.0, 14.47, 1.65, 2.91, 7.04, 14.56, 3.57, 2.51, 14.67, 3.5, 4.07, 4.62, 15.22], [10.59, 7.07, 4.13, 8.44, 10.85, 4.04, 5.25, 10.15, 3.85, 2.77, 14.57, 8.03, 2.31, 1.68, 10.54, 11.27, 2.32, 3.67, 5.1, 8.46, 9.19, 7.23, 11.81, 3.28, 6.23, 8.48, 12.49, 1.51, 4.13, 1.99, 3.42, 1.34, 1.51, 11.92, 2.2, 3.95, 1.17, 16.85, 0.0, 1.63, 1.87, 3.56, 1.39, 2.36, 1.7, 7.28, 3.9, 8.99, 10.87, 0.22], [5.13, 2.22, 3.38, 14.23, 4.28, 7.03, 12.72, 3.52, 0.95, 5.49, 5.97, 3.25, 4.3, 7.05, 3.27, 4.48, 7.89, 1.51, 3.46, 10.63, 8.82, 14.04, 2.27, 4.7, 3.31, 2.49, 6.33, 4.82, 3.82, 2.5, 2.34, 0.91, 1.9, 4.37, 1.75, 4.68, 0.89, 3.04, 1.94, 0.0, 5.43, 3.81, 4.13, 9.06, 0.84, 6.37, 8.92, 2.36, 6.9, 0.87], [14.35, 13.96, 6.5, 2.81, 10.61, 1.35, 6.98, 12.04, 1.58, 2.93, 5.46, 8.66, 1.84, 6.25, 11.11, 15.67, 14.13, 1.58, 1.97, 14.08, 8.71, 4.35, 4.06, 12.08, 16.42, 12.54, 4.0, 1.81, 2.75, 1.24, 4.45, 5.98, 3.0, 9.73, 3.68, 0.45, 2.08, 21.34, 1.68, 6.15, 0.0, 1.24, 11.56, 1.88, 4.23, 2.99, 3.25, 21.99, 18.2, 1.59], [14.0, 6.81, 5.06, 16.15, 9.08, 0.96, 14.09, 4.17, 1.73, 1.14, 15.74, 4.46, 3.55, 6.21, 10.17, 7.17, 5.65, 4.45, 8.22, 7.27, 14.94, 3.25, 9.55, 14.35, 10.84, 4.56, 9.01, 0.18, 0.97, 2.98, 2.1, 3.82, 2.44, 6.55, 1.4, 0.9, 5.37, 10.46, 0.66, 5.43, 2.07, 0.0, 12.97, 14.97, 0.62, 14.61, 2.48, 18.7, 12.03, 2.12], [1.85, 19.86, 8.36, 4.43, 5.05, 11.64, 12.92, 7.19, 8.93, 1.89, 5.12, 13.25, 4.38, 3.9, 13.95, 11.57, 19.28, 4.38, 1.2, 2.14, 2.94, 6.86, 12.19, 2.92, 8.89, 2.65, 7.29, 13.18, 3.61, 10.64, 7.66, 6.49, 5.98, 17.09, 9.27, 5.96, 1.09, 14.32, 7.93, 7.2, 4.77, 9.99, 0.0, 1.15, 5.76, 0.18, 4.3, 4.84, 3.08, 11.22], [2.63, 16.43, 16.15, 8.86, 14.5, 14.31, 6.46, 14.33, 2.18, 1.97, 11.32, 6.78, 3.26, 0.63, 17.81, 13.29, 16.04, 5.33, 2.27, 4.23, 15.99, 6.46, 7.55, 9.71, 9.0, 6.62, 16.86, 5.37, 13.61, 4.02, 7.5, 3.76, 6.59, 5.88, 7.62, 8.93, 3.32, 10.25, 5.83, 2.75, 14.73, 14.82, 2.77, 0.0, 2.45, 0.85, 1.88, 15.83, 9.55, 8.54], [4.72, 17.6, 12.13, 15.78, 8.23, 5.15, 15.58, 5.26, 0.78, 4.35, 10.18, 9.76, 1.26, 3.79, 9.13, 2.77, 7.17, 3.26, 7.29, 10.57, 2.69, 12.19, 3.79, 2.51, 7.18, 2.95, 13.09, 4.07, 2.63, 4.53, 10.3, 1.74, 1.73, 5.5, 1.16, 7.68, 0.9, 6.59, 1.82, 1.11, 2.29, 4.36, 8.64, 7.87, 0.0, 1.75, 12.69, 4.54, 14.47, 1.64], [2.33, 14.56, 16.05, 2.8, 7.0, 5.89, 9.36, 7.62, 4.95, 1.42, 3.01, 2.55, 2.62, 1.52, 14.46, 10.29, 18.57, 5.58, 1.34, 3.51, 13.11, 16.05, 6.41, 6.47, 4.64, 2.12, 7.38, 6.61, 8.24, 4.04, 5.08, 2.27, 1.98, 10.65, 4.6, 7.68, 8.52, 3.06, 8.07, 8.2, 5.6, 5.33, 1.22, 0.27, 8.77, 0.0, 4.6, 6.71, 15.44, 11.03], [3.16, 16.89, 11.33, 4.74, 6.06, 4.96, 3.52, 2.13, 13.45, 3.76, 6.46, 7.92, 1.58, 6.86, 11.25, 1.69, 19.57, 4.9, 1.29, 4.25, 7.81, 17.52, 7.67, 1.35, 4.71, 3.49, 4.92, 3.32, 1.82, 4.01, 7.67, 12.61, 7.52, 17.95, 13.9, 17.83, 3.9, 10.03, 8.21, 6.69, 7.18, 9.79, 4.28, 5.98, 12.11, 1.99, 0.0, 4.53, 11.81, 7.4], [2.41, 10.62, 16.24, 2.27, 6.36, 9.5, 0.53, 5.01, 8.2, 13.34, 0.79, 6.92, 1.86, 5.93, 11.89, 2.19, 14.28, 10.77, 15.21, 6.58, 0.0, 14.88, 10.61, 3.53, 1.24, 8.28, 2.79, 7.23, 14.11, 5.21, 7.67, 17.41, 16.67, 6.57, 17.6, 7.14, 13.44, 0.82, 14.0, 16.86, 22.8, 20.56, 12.11, 6.49, 13.93, 2.57, 6.84, 0.0, 11.77, 11.62], [3.18, 0.99, 2.98, 3.87, 0.6, 9.51, 9.11, 2.23, 4.48, 4.57, 8.81, 3.07, 9.61, 2.84, 3.19, 1.7, 2.02, 9.85, 15.89, 15.49, 1.66, 1.91, 5.67, 11.14, 6.99, 11.03, 1.72, 9.21, 15.35, 2.95, 11.37, 10.89, 2.72, 1.83, 9.16, 2.03, 4.65, 5.62, 2.81, 7.9, 12.52, 3.8, 15.06, 12.25, 2.75, 6.96, 3.77, 8.33, 0.0, 11.65], [14.18, 1.65, 6.47, 12.12, 6.11, 1.7, 16.56, 2.57, 1.08, 3.53, 3.36, 1.93, 3.19, 0.87, 3.57, 8.47, 10.09, 2.52, 10.59, 5.47, 2.85, 9.32, 4.09, 1.96, 6.57, 8.63, 18.06, 0.44, 3.27, 1.6, 1.48, 1.49, 2.84, 12.92, 0.99, 4.05, 0.99, 15.87, 0.55, 2.79, 4.69, 1.2, 9.99, 3.54, 4.21, 11.37, 13.55, 9.87, 7.64, 0.0]]
vans = [6, 9, 5]

