J = [0, 1, 2]
K = [3, 4, 5]
L = [6, 7, 8, 9]
I = [0, 1, 2, 3, 4, 5, 6, 7, 8, 9]
N = [0, 1, 2, 3, 4, 5, 6, 7, 8, 9, 10, 11, 12, 13, 14, 15, 16, 17, 18, 19, 20, 21, 22, 23, 24, 25, 26, 27, 28, 29, 30, 31, 32, 33, 34, 35, 36, 37, 38, 39, 40, 41, 42, 43, 44, 45, 46, 47, 48, 49]
demand = [725, 464, 564, 1142, 796, 660, 617, 1193, 953, 579, 933, 945, 643, 584, 939, 968, 703, 1197, 723, 857, 516, 468, 788, 968, 410, 915, 695, 417, 991, 657, 443, 563, 502, 1144, 970, 901, 987, 1014, 804, 576, 822, 735, 884, 848, 407, 1083, 1003, 446, 648, 536]
hub = [0, 1, 0, 0, 2, 1, 1, 1, 0, 1, 0, 1, 1, 2, 2, 0, 1, 2, 1, 0, 1, 0, 1, 1, 2, 1, 0, 2, 0, 2, 0, 0, 0, 0, 1, 2, 1, 1, 0, 0, 1, 1, 1, 2, 2, 0, 0, 1, 0, 1]
release = [29, 42, 1, 44, 21, 40, 27, 7, 6, 7, 10, 11, 7, 42, 6, 40, 1, 11, 12, 37, 8, 16, 48, 10, 30, 44, 46, 21, 22, 29, 13, 36, 22, 12, 42, 47, 39, 6, 28, 29, 0, 31, 35, 41, 39, 18, 45, 0, 11, 46]
Nj = [[0, 2, 3, 8, 10, 15, 19, 21, 26, 28, 30, 31, 32, 33, 38, 39, 45, 46, 48], [1, 5, 6, 7, 9, 11, 12, 16, 18, 20, 22, 23, 25, 34, 36, 37, 40, 41, 42, 47, 49], [4, 13, 14, 17, 24, 27, 29, 35, 43, 44]]
Gj = [[0, 1, 2, 3, 4, 5, 6, 7, 8, 9, 10, 11, 12, 13, 14, 15, 16, 17, 18], [19, 20, 21, 22, 23, 24, 25, 26, 27, 28, 29, 30, 31, 32, 33, 34, 35, 36, 37, 38, 39], [40, 41, 42, 43, 44, 45, 46, 47, 48, 49]]
G = [0, 1, 2, 3, 4, 5, 6, 7, 8, 9, 10, 11, 12, 13, 14, 15, 16, 17, 18, 19, 20, 21, 22, 23, 24, 25, 26, 27, 28, 29, 30, 31, 32, 33, 34, 35, 36, 37, 38, 39, 40, 41, 42, 43, 44, 45, 46, 47, 48, 49]
deadline = [240, 168, 216, 192, 216, 240, 240, 240, 192, 168, 240, 192, 192, 192, 240, 168, 240, 216, 192, 168, 192, 216, 216, 168, 216, 168, 240, 168, 240, 240, 168, 192, 168, 192, 240, 240, 192, 168, 216, 240, 192, 192, 240, 240, 168, 168, 168, 240, 216, 240]
weight = [40, 80, 60, 10, 40, 70, 20, 60, 10, 10, 50, 80, 60, 50, 70, 100, 70, 10, 20, 60, 60, 30, 40, 90, 60, 40, 10, 10, 20, 60, 20, 50, 70, 40, 100, 60, 20, 10, 40, 100, 100, 70, 90, 40, 70, 80, 20, 10, 30, 60]
q = 2000
M = [0, 1, 2]
M_description = ['Road', 'Rail', 'Ship']
accessibility = [[1, 1, 1], [1, 0, 1], [1, 1, 1], [1, 1, 1], [1, 1, 1], [1, 1, 1], [1, 0, 1], [1, 1, 0], [1, 0, 0], [1, 1, 1]]
S = [0, 1, 2, 3, 4, 5, 6, 7, 8, 9, 10, 11, 12, 13, 14, 15, 16, 17, 18, 19, 20, 21, 22, 23, 24, 25, 26, 27, 28, 29, 30, 31, 32, 33, 34, 35, 36, 37, 38, 39, 40, 41, 42, 43, 44, 45, 46, 47, 48, 49, 50, 51, 52, 53, 54, 55, 56, 57, 58, 59, 60, 61, 62, 63, 64, 65, 66, 67, 68, 69, 70, 71, 72, 73, 74, 75, 76, 77, 78, 79, 80, 81, 82, 83, 84, 85, 86, 87, 88, 89, 90, 91, 92, 93, 94, 95, 96, 97, 98, 99, 100, 101, 102, 103, 104, 105, 106, 107, 108, 109, 110, 111, 112, 113, 114, 115, 116, 117, 118, 119, 120, 121, 122, 123, 124, 125, 126, 127, 128, 129, 130, 131, 132, 133, 134, 135, 136, 137, 138, 139, 140, 141, 142, 143, 144, 145, 146, 147, 148, 149, 150, 151, 152, 153, 154, 155, 156, 157, 158, 159, 160, 161, 162, 163, 164, 165, 166, 167, 168, 169, 170, 171, 172, 173, 174, 175, 176, 177, 178, 179, 180, 181, 182, 183, 184, 185, 186, 187, 188, 189, 190, 191, 192, 193, 194, 195, 196, 197, 198, 199, 200, 201, 202, 203, 204, 205, 206, 207, 208, 209, 210, 211, 212, 213, 214, 215, 216, 217, 218, 219, 220, 221, 222, 223, 224, 225, 226, 227, 228, 229, 230, 231, 232, 233, 234, 235, 236, 237, 238, 239, 240, 241, 242, 243, 244, 245, 246, 247, 248, 249, 250, 251, 252, 253, 254, 255, 256, 257, 258, 259, 260, 261, 262, 263, 264, 265, 266, 267, 268, 269, 270, 271, 272, 273, 274, 275, 276, 277, 278, 279, 280, 281, 282, 283, 284, 285, 286, 287, 288, 289, 290, 291, 292, 293, 294, 295, 296, 297, 298, 299, 300, 301, 302, 303, 304, 305, 306, 307, 308, 309, 310, 311, 312, 313, 314, 315, 316, 317, 318, 319, 320, 321, 322, 323, 324, 325, 326, 327, 328, 329, 330, 331, 332, 333, 334, 335, 336, 337, 338, 339, 340, 341, 342, 343, 344, 345, 346, 347, 348, 349, 350, 351, 352, 353, 354, 355, 356, 357, 358, 359, 360, 361, 362, 363, 364, 365, 366, 367, 368, 369, 370, 371, 372, 373, 374, 375, 376, 377, 378, 379, 380, 381, 382, 383, 384, 385, 386, 387, 388, 389, 390, 391, 392, 393, 394, 395, 396, 397, 398, 399, 400, 401, 402, 403, 404, 405, 406, 407, 408, 409, 410, 411, 412, 413, 414, 415, 416, 417, 418, 419, 420, 421, 422, 423, 424, 425, 426, 427, 428, 429, 430, 431]
origin = [0, 0, 0, 0, 0, 0, 0, 0, 0, 0, 0, 0, 0, 0, 0, 0, 0, 0, 0, 0, 0, 0, 0, 0, 0, 0, 0, 0, 0, 0, 0, 0, 0, 0, 0, 0, 1, 1, 1, 1, 1, 1, 1, 1, 1, 1, 1, 1, 1, 1, 1, 1, 1, 1, 1, 1, 1, 1, 1, 1, 1, 1, 1, 1, 1, 1, 1, 1, 1, 1, 1, 1, 2, 2, 2, 2, 2, 2, 2, 2, 2, 2, 2, 2, 2, 2, 2, 2, 2, 2, 2, 2, 2, 2, 2, 2, 2, 2, 2, 2, 2, 2, 2, 2, 2, 2, 2, 2, 3, 3, 3, 3, 3, 3, 3, 3, 3, 3, 3, 3, 3, 3, 3, 3, 3, 3, 3, 3, 3, 3, 3, 3, 3, 3, 3, 3, 3, 3, 3, 3, 3, 3, 3, 3, 4, 4, 4, 4, 4, 4, 4, 4, 4, 4, 4, 4, 4, 4, 4, 4, 4, 4, 4, 4, 4, 4, 4, 4, 4, 4, 4, 4, 4, 4, 4, 4, 4, 4, 4, 4, 5, 5, 5, 5, 5, 5, 5, 5, 5, 5, 5, 5, 5, 5, 5, 5, 5, 5, 5, 5, 5, 5, 5, 5, 5, 5, 5, 5, 5, 5, 5, 5, 5, 5, 5, 5, 0, 0, 0, 0, 0, 0, 0, 0, 0, 0, 0, 0, 0, 0, 0, 0, 0, 0, 2, 2, 2, 2, 2, 2, 2, 2, 2, 2, 2, 2, 2, 2, 2, 2, 2, 2, 3, 3, 3, 3, 3, 3, 3, 3, 3, 3, 3, 3, 3, 3, 3, 3, 3, 3, 4, 4, 4, 4, 4, 4, 4, 4, 4, 4, 4, 4, 4, 4, 4, 4, 4, 4, 5, 5, 5, 5, 5, 5, 5, 5, 5, 5, 5, 5, 5, 5, 5, 5, 5, 5, 0, 0, 0, 0, 0, 0, 0, 0, 0, 0, 0, 0, 0, 0, 0, 0, 0, 0, 0, 0, 0, 1, 1, 1, 1, 1, 1, 1, 1, 1, 1, 1, 1, 1, 1, 1, 1, 1, 1, 1, 1, 1, 2, 2, 2, 2, 2, 2, 2, 2, 2, 2, 2, 2, 2, 2, 2, 2, 2, 2, 2, 2, 2, 3, 3, 3, 3, 3, 3, 3, 3, 3, 3, 3, 3, 3, 3, 3, 3, 3, 3, 3, 3, 3, 4, 4, 4, 4, 4, 4, 4, 4, 4, 4, 4, 4, 4, 4, 4, 4, 4, 4, 4, 4, 4, 5, 5, 5, 5, 5, 5, 5, 5, 5, 5, 5, 5, 5, 5, 5, 5, 5, 5, 5, 5, 5]
destination = [1, 1, 1, 1, 2, 2, 2, 2, 3, 3, 3, 3, 4, 4, 4, 4, 5, 5, 5, 5, 6, 6, 6, 6, 7, 7, 7, 7, 8, 8, 8, 8, 9, 9, 9, 9, 0, 0, 0, 0, 2, 2, 2, 2, 3, 3, 3, 3, 4, 4, 4, 4, 5, 5, 5, 5, 6, 6, 6, 6, 7, 7, 7, 7, 8, 8, 8, 8, 9, 9, 9, 9, 0, 0, 0, 0, 1, 1, 1, 1, 3, 3, 3, 3, 4, 4, 4, 4, 5, 5, 5, 5, 6, 6, 6, 6, 7, 7, 7, 7, 8, 8, 8, 8, 9, 9, 9, 9, 0, 0, 0, 0, 1, 1, 1, 1, 2, 2, 2, 2, 4, 4, 4, 4, 5, 5, 5, 5, 6, 6, 6, 6, 7, 7, 7, 7, 8, 8, 8, 8, 9, 9, 9, 9, 0, 0, 0, 0, 1, 1, 1, 1, 2, 2, 2, 2, 3, 3, 3, 3, 5, 5, 5, 5, 6, 6, 6, 6, 7, 7, 7, 7, 8, 8, 8, 8, 9, 9, 9, 9, 0, 0, 0, 0, 1, 1, 1, 1, 2, 2, 2, 2, 3, 3, 3, 3, 4, 4, 4, 4, 6, 6, 6, 6, 7, 7, 7, 7, 8, 8, 8, 8, 9, 9, 9, 9, 2, 2, 2, 3, 3, 3, 4, 4, 4, 5, 5, 5, 7, 7, 7, 9, 9, 9, 0, 0, 0, 3, 3, 3, 4, 4, 4, 5, 5, 5, 7, 7, 7, 9, 9, 9, 0, 0, 0, 2, 2, 2, 4, 4, 4, 5, 5, 5, 7, 7, 7, 9, 9, 9, 0, 0, 0, 2, 2, 2, 3, 3, 3, 5, 5, 5, 7, 7, 7, 9, 9, 9, 0, 0, 0, 2, 2, 2, 3, 3, 3, 4, 4, 4, 7, 7, 7, 9, 9, 9, 1, 1, 1, 2, 2, 2, 3, 3, 3, 4, 4, 4, 5, 5, 5, 6, 6, 6, 9, 9, 9, 0, 0, 0, 2, 2, 2, 3, 3, 3, 4, 4, 4, 5, 5, 5, 6, 6, 6, 9, 9, 9, 0, 0, 0, 1, 1, 1, 3, 3, 3, 4, 4, 4, 5, 5, 5, 6, 6, 6, 9, 9, 9, 0, 0, 0, 1, 1, 1, 2, 2, 2, 4, 4, 4, 5, 5, 5, 6, 6, 6, 9, 9, 9, 0, 0, 0, 1, 1, 1, 2, 2, 2, 3, 3, 3, 5, 5, 5, 6, 6, 6, 9, 9, 9, 0, 0, 0, 1, 1, 1, 2, 2, 2, 3, 3, 3, 4, 4, 4, 6, 6, 6, 9, 9, 9]
departure = [8, 56, 104, 152, 8, 56, 104, 152, 8, 56, 104, 152, 8, 56, 104, 152, 8, 56, 104, 152, 8, 56, 104, 152, 8, 56, 104, 152, 8, 56, 104, 152, 8, 56, 104, 152, 8, 56, 104, 152, 8, 56, 104, 152, 8, 56, 104, 152, 8, 56, 104, 152, 8, 56, 104, 152, 8, 56, 104, 152, 8, 56, 104, 152, 8, 56, 104, 152, 8, 56, 104, 152, 8, 56, 104, 152, 8, 56, 104, 152, 8, 56, 104, 152, 8, 56, 104, 152, 8, 56, 104, 152, 8, 56, 104, 152, 8, 56, 104, 152, 8, 56, 104, 152, 8, 56, 104, 152, 12, 60, 108, 156, 12, 60, 108, 156, 12, 60, 108, 156, 12, 60, 108, 156, 12, 60, 108, 156, 12, 60, 108, 156, 12, 60, 108, 156, 12, 60, 108, 156, 12, 60, 108, 156, 12, 60, 108, 156, 12, 60, 108, 156, 12, 60, 108, 156, 12, 60, 108, 156, 12, 60, 108, 156, 12, 60, 108, 156, 12, 60, 108, 156, 12, 60, 108, 156, 12, 60, 108, 156, 12, 60, 108, 156, 12, 60, 108, 156, 12, 60, 108, 156, 12, 60, 108, 156, 12, 60, 108, 156, 12, 60, 108, 156, 12, 60, 108, 156, 12, 60, 108, 156, 12, 60, 108, 156, 33, 81, 129, 33, 81, 129, 33, 81, 129, 33, 81, 129, 33, 81, 129, 33, 81, 129, 33, 81, 129, 33, 81, 129, 33, 81, 129, 33, 81, 129, 33, 81, 129, 33, 81, 129, 37, 85, 133, 37, 85, 133, 37, 85, 133, 37, 85, 133, 37, 85, 133, 37, 85, 133, 37, 85, 133, 37, 85, 133, 37, 85, 133, 37, 85, 133, 37, 85, 133, 37, 85, 133, 37, 85, 133, 37, 85, 133, 37, 85, 133, 37, 85, 133, 37, 85, 133, 37, 85, 133, 10, 58, 106, 10, 58, 106, 10, 58, 106, 10, 58, 106, 10, 58, 106, 10, 58, 106, 10, 58, 106, 10, 58, 106, 10, 58, 106, 10, 58, 106, 10, 58, 106, 10, 58, 106, 10, 58, 106, 10, 58, 106, 10, 58, 106, 10, 58, 106, 10, 58, 106, 10, 58, 106, 10, 58, 106, 10, 58, 106, 10, 58, 106, 13, 61, 109, 13, 61, 109, 13, 61, 109, 13, 61, 109, 13, 61, 109, 13, 61, 109, 13, 61, 109, 13, 61, 109, 13, 61, 109, 13, 61, 109, 13, 61, 109, 13, 61, 109, 13, 61, 109, 13, 61, 109, 13, 61, 109, 13, 61, 109, 13, 61, 109, 13, 61, 109, 13, 61, 109, 13, 61, 109, 13, 61, 109]
arrival = [76, 124, 148, 172, 100, 100, 196, 196, 60, 132, 156, 204, 84, 132, 180, 252, 84, 108, 156, 228, 112, 160, 256, 232, 136, 208, 184, 304, 112, 136, 184, 232, 112, 136, 184, 232, 100, 148, 172, 220, 52, 76, 196, 220, 108, 132, 204, 228, 60, 156, 180, 228, 84, 156, 204, 204, 112, 136, 184, 304, 112, 136, 256, 304, 136, 160, 208, 280, 112, 208, 208, 304, 52, 76, 196, 196, 76, 100, 148, 172, 108, 156, 156, 204, 84, 156, 180, 228, 84, 156, 180, 228, 136, 160, 184, 256, 88, 160, 184, 280, 88, 160, 232, 304, 88, 136, 184, 256, 32, 80, 128, 248, 80, 128, 176, 224, 80, 128, 152, 248, 64, 160, 208, 256, 112, 160, 184, 208, 164, 164, 236, 260, 164, 164, 236, 284, 164, 188, 212, 260, 164, 140, 212, 236, 80, 80, 200, 200, 32, 152, 200, 176, 32, 128, 152, 248, 64, 160, 160, 208, 88, 160, 208, 208, 164, 140, 236, 236, 140, 164, 260, 308, 164, 188, 260, 284, 116, 140, 212, 308, 56, 104, 152, 248, 104, 104, 152, 224, 56, 80, 152, 176, 64, 112, 184, 208, 112, 160, 208, 256, 140, 212, 260, 284, 140, 188, 212, 236, 164, 188, 188, 236, 92, 140, 260, 260, 126, 126, 174, 134, 134, 182, 134, 158, 206, 86, 134, 182, 138, 162, 258, 138, 186, 282, 126, 126, 222, 134, 134, 182, 134, 134, 206, 110, 134, 182, 138, 234, 234, 114, 210, 258, 130, 154, 226, 130, 106, 226, 114, 186, 234, 90, 162, 186, 118, 166, 214, 190, 214, 262, 130, 154, 226, 82, 130, 202, 138, 138, 234, 138, 186, 186, 190, 214, 238, 166, 214, 262, 82, 106, 178, 58, 130, 154, 138, 162, 234, 114, 162, 186, 166, 214, 238, 118, 190, 262, 32, 80, 200, 32, 80, 128, 64, 160, 160, 64, 112, 184, 88, 112, 160, 164, 212, 212, 164, 212, 212, 32, 80, 152, 104, 128, 128, 64, 112, 160, 112, 112, 160, 64, 160, 160, 164, 140, 188, 140, 212, 260, 56, 104, 176, 32, 128, 200, 64, 136, 208, 112, 112, 208, 88, 136, 160, 116, 140, 188, 140, 188, 212, 34, 130, 154, 34, 154, 202, 82, 82, 202, 66, 138, 186, 90, 138, 162, 166, 166, 214, 94, 190, 262, 106, 154, 130, 82, 82, 154, 58, 130, 154, 90, 162, 210, 114, 138, 162, 94, 214, 238, 166, 166, 190, 34, 82, 202, 106, 82, 154, 34, 106, 202, 66, 114, 186, 90, 162, 162, 94, 190, 190, 142, 142, 190]
Q = [4, 4, 4, 2, 2, 4, 4, 2, 4, 4, 2, 2, 4, 4, 4, 2, 2, 4, 2, 2, 2, 4, 4, 4, 4, 2, 4, 2, 4, 4, 4, 2, 2, 4, 4, 2, 2, 2, 4, 2, 2, 2, 2, 2, 2, 4, 4, 4, 2, 4, 2, 2, 4, 4, 4, 2, 4, 4, 2, 2, 4, 2, 2, 4, 2, 4, 4, 2, 4, 2, 2, 2, 4, 4, 2, 4, 2, 4, 2, 2, 2, 2, 4, 2, 2, 2, 2, 2, 4, 2, 4, 4, 2, 2, 2, 4, 4, 4, 4, 4, 2, 4, 2, 4, 2, 4, 4, 2, 4, 4, 4, 2, 2, 4, 2, 2, 2, 2, 2, 2, 4, 2, 4, 2, 4, 4, 2, 2, 4, 4, 4, 4, 4, 4, 4, 2, 2, 4, 4, 4, 2, 2, 4, 2, 2, 4, 4, 4, 2, 4, 2, 2, 2, 2, 2, 4, 4, 4, 4, 4, 2, 2, 4, 4, 4, 2, 2, 4, 2, 4, 4, 2, 2, 4, 4, 4, 4, 4, 2, 2, 4, 4, 4, 2, 4, 4, 4, 2, 4, 2, 4, 4, 2, 2, 4, 4, 4, 2, 4, 4, 2, 4, 4, 4, 4, 2, 4, 4, 2, 4, 4, 2, 4, 4, 4, 2, 3, 3, 3, 3, 6, 3, 3, 6, 3, 3, 3, 3, 6, 6, 3, 6, 6, 6, 6, 3, 6, 6, 3, 3, 6, 6, 6, 6, 3, 3, 6, 3, 3, 6, 3, 6, 6, 3, 3, 6, 6, 3, 3, 6, 6, 3, 6, 3, 3, 3, 3, 6, 6, 6, 6, 6, 6, 3, 3, 3, 6, 6, 6, 3, 6, 6, 3, 6, 6, 3, 6, 6, 3, 3, 6, 3, 6, 3, 3, 3, 3, 6, 6, 3, 3, 6, 6, 6, 3, 6, 10, 5, 5, 10, 5, 10, 10, 5, 5, 10, 10, 10, 10, 10, 10, 5, 5, 5, 5, 10, 10, 10, 10, 5, 10, 5, 5, 5, 10, 10, 5, 5, 10, 10, 10, 10, 10, 5, 5, 5, 10, 5, 5, 5, 5, 5, 5, 10, 10, 5, 5, 10, 10, 10, 10, 10, 5, 10, 5, 5, 10, 5, 5, 5, 10, 5, 10, 5, 10, 5, 10, 5, 5, 5, 10, 10, 10, 5, 5, 10, 10, 5, 10, 10, 5, 10, 5, 10, 5, 10, 5, 5, 5, 10, 10, 10, 5, 10, 5, 5, 10, 10, 10, 10, 5, 10, 10, 5, 10, 5, 5, 5, 5, 10, 5, 5, 5, 5, 5, 5, 10, 5, 5, 5, 5, 10]
cfixed = [282, 288, 281, 207, 295, 237, 238, 282, 204, 262, 202, 222, 257, 226, 243, 203, 251, 214, 238, 220, 200, 235, 207, 263, 212, 250, 249, 217, 279, 218, 222, 265, 285, 295, 261, 250, 297, 296, 261, 206, 296, 293, 236, 204, 264, 244, 227, 230, 249, 296, 294, 225, 273, 236, 201, 202, 258, 283, 214, 225, 293, 215, 230, 211, 291, 292, 200, 281, 296, 298, 297, 213, 228, 246, 240, 206, 280, 216, 238, 211, 238, 292, 271, 254, 238, 290, 252, 237, 293, 283, 261, 283, 299, 266, 225, 221, 269, 255, 223, 205, 218, 231, 208, 241, 299, 270, 212, 253, 230, 284, 285, 217, 262, 263, 270, 253, 245, 262, 267, 280, 231, 207, 257, 293, 223, 257, 288, 263, 286, 249, 241, 245, 257, 244, 250, 270, 240, 234, 295, 286, 276, 275, 244, 258, 209, 264, 203, 218, 238, 282, 210, 276, 241, 292, 217, 215, 229, 285, 261, 235, 221, 207, 228, 219, 214, 227, 267, 251, 257, 234, 294, 287, 256, 269, 239, 224, 257, 279, 257, 226, 295, 297, 225, 206, 226, 261, 243, 249, 223, 259, 260, 244, 234, 206, 279, 225, 254, 276, 210, 252, 204, 270, 258, 278, 262, 284, 282, 222, 256, 215, 267, 280, 206, 245, 246, 256, 474, 336, 412, 359, 315, 421, 397, 474, 414, 481, 493, 367, 302, 400, 446, 427, 452, 391, 385, 317, 491, 399, 417, 382, 336, 415, 485, 421, 437, 340, 471, 403, 324, 442, 355, 445, 399, 348, 438, 478, 351, 314, 353, 449, 424, 321, 303, 497, 316, 473, 379, 341, 462, 389, 339, 342, 316, 500, 379, 414, 450, 491, 466, 401, 463, 326, 372, 437, 477, 448, 366, 330, 471, 466, 429, 455, 492, 402, 308, 314, 404, 454, 413, 376, 467, 301, 416, 458, 372, 386, 606, 621, 692, 593, 539, 664, 530, 612, 614, 502, 576, 565, 615, 603, 617, 636, 681, 517, 585, 603, 685, 597, 566, 668, 544, 506, 537, 594, 644, 553, 653, 571, 692, 698, 678, 532, 591, 531, 636, 658, 603, 505, 511, 551, 652, 696, 687, 512, 504, 547, 507, 512, 649, 563, 551, 509, 617, 522, 660, 561, 561, 633, 503, 676, 566, 539, 541, 642, 656, 666, 590, 679, 527, 521, 681, 549, 533, 672, 634, 695, 543, 617, 555, 651, 535, 579, 611, 532, 539, 536, 686, 538, 569, 655, 637, 614, 674, 627, 564, 582, 638, 507, 564, 640, 569, 559, 601, 539, 692, 657, 643, 635, 597, 653, 644, 574, 597, 553, 540, 523, 592, 534, 561, 665, 679, 559]
ctravel = [68, 68, 44, 20, 92, 44, 92, 44, 52, 76, 52, 52, 76, 76, 76, 100, 76, 52, 52, 76, 104, 104, 152, 80, 128, 152, 80, 152, 104, 80, 80, 80, 104, 80, 80, 80, 92, 92, 68, 68, 44, 20, 92, 68, 100, 76, 100, 76, 52, 100, 76, 76, 76, 100, 100, 52, 104, 80, 80, 152, 104, 80, 152, 152, 128, 104, 104, 128, 104, 152, 104, 152, 44, 20, 92, 44, 68, 44, 44, 20, 100, 100, 52, 52, 76, 100, 76, 76, 76, 100, 76, 76, 128, 104, 80, 104, 80, 104, 80, 128, 80, 104, 128, 152, 80, 80, 80, 104, 20, 20, 20, 92, 68, 68, 68, 68, 68, 68, 44, 92, 52, 100, 100, 100, 100, 100, 76, 52, 152, 104, 128, 104, 152, 104, 128, 128, 152, 128, 104, 104, 152, 80, 104, 80, 68, 20, 92, 44, 20, 92, 92, 20, 20, 68, 44, 92, 52, 100, 52, 52, 76, 100, 100, 52, 152, 80, 128, 80, 128, 104, 152, 152, 152, 128, 152, 128, 104, 80, 104, 152, 44, 44, 44, 92, 92, 44, 44, 68, 44, 20, 44, 20, 52, 52, 76, 52, 100, 100, 100, 100, 128, 152, 152, 128, 128, 128, 104, 80, 152, 128, 80, 80, 80, 80, 152, 104, 74.4, 36.0, 36.0, 80.80000000000001, 42.400000000000006, 42.400000000000006, 80.80000000000001, 61.6, 61.6, 42.400000000000006, 42.400000000000006, 42.400000000000006, 84.0, 64.8, 103.2, 84.0, 84.0, 122.4, 74.4, 36.0, 74.4, 80.80000000000001, 42.400000000000006, 42.400000000000006, 80.80000000000001, 42.400000000000006, 61.6, 61.6, 42.400000000000006, 42.400000000000006, 84.0, 122.4, 84.0, 64.8, 103.2, 103.2, 74.4, 55.2, 74.4, 74.4, 16.8, 74.4, 61.6, 80.80000000000001, 80.80000000000001, 42.400000000000006, 61.6, 42.400000000000006, 64.8, 64.8, 64.8, 122.4, 103.2, 103.2, 74.4, 55.2, 74.4, 36.0, 36.0, 55.2, 80.80000000000001, 42.400000000000006, 80.80000000000001, 80.80000000000001, 80.80000000000001, 42.400000000000006, 122.4, 103.2, 84.0, 103.2, 103.2, 103.2, 36.0, 16.8, 36.0, 16.8, 36.0, 16.8, 80.80000000000001, 61.6, 80.80000000000001, 61.6, 61.6, 42.400000000000006, 103.2, 103.2, 84.0, 64.8, 84.0, 103.2, 13.2, 13.2, 56.4, 13.2, 13.2, 13.2, 32.4, 61.199999999999996, 32.4, 32.4, 32.4, 46.8, 46.8, 32.4, 32.4, 92.39999999999999, 92.39999999999999, 63.599999999999994, 92.39999999999999, 92.39999999999999, 63.599999999999994, 13.2, 13.2, 27.599999999999998, 56.4, 42.0, 13.2, 32.4, 32.4, 32.4, 61.199999999999996, 32.4, 32.4, 32.4, 61.199999999999996, 32.4, 92.39999999999999, 49.199999999999996, 49.199999999999996, 78.0, 92.39999999999999, 92.39999999999999, 27.599999999999998, 27.599999999999998, 42.0, 13.2, 42.0, 56.4, 32.4, 46.8, 61.199999999999996, 61.199999999999996, 32.4, 61.199999999999996, 46.8, 46.8, 32.4, 63.599999999999994, 49.199999999999996, 49.199999999999996, 78.0, 78.0, 63.599999999999994, 12.6, 41.4, 27.0, 12.6, 55.8, 55.8, 41.4, 12.6, 55.8, 31.799999999999997, 46.199999999999996, 46.199999999999996, 46.199999999999996, 46.199999999999996, 31.799999999999997, 91.8, 63.0, 63.0, 48.6, 77.39999999999999, 91.8, 55.8, 55.8, 12.6, 41.4, 12.6, 27.0, 27.0, 41.4, 27.0, 46.199999999999996, 60.599999999999994, 60.599999999999994, 60.599999999999994, 46.199999999999996, 31.799999999999997, 48.6, 91.8, 77.39999999999999, 91.8, 63.0, 48.6, 12.6, 12.6, 55.8, 55.8, 12.6, 27.0, 12.6, 27.0, 55.8, 31.799999999999997, 31.799999999999997, 46.199999999999996, 46.199999999999996, 60.599999999999994, 31.799999999999997, 48.6, 77.39999999999999, 48.6, 77.39999999999999, 48.6, 48.6]
mode = [0, 0, 0, 0, 0, 0, 0, 0, 0, 0, 0, 0, 0, 0, 0, 0, 0, 0, 0, 0, 0, 0, 0, 0, 0, 0, 0, 0, 0, 0, 0, 0, 0, 0, 0, 0, 0, 0, 0, 0, 0, 0, 0, 0, 0, 0, 0, 0, 0, 0, 0, 0, 0, 0, 0, 0, 0, 0, 0, 0, 0, 0, 0, 0, 0, 0, 0, 0, 0, 0, 0, 0, 0, 0, 0, 0, 0, 0, 0, 0, 0, 0, 0, 0, 0, 0, 0, 0, 0, 0, 0, 0, 0, 0, 0, 0, 0, 0, 0, 0, 0, 0, 0, 0, 0, 0, 0, 0, 0, 0, 0, 0, 0, 0, 0, 0, 0, 0, 0, 0, 0, 0, 0, 0, 0, 0, 0, 0, 0, 0, 0, 0, 0, 0, 0, 0, 0, 0, 0, 0, 0, 0, 0, 0, 0, 0, 0, 0, 0, 0, 0, 0, 0, 0, 0, 0, 0, 0, 0, 0, 0, 0, 0, 0, 0, 0, 0, 0, 0, 0, 0, 0, 0, 0, 0, 0, 0, 0, 0, 0, 0, 0, 0, 0, 0, 0, 0, 0, 0, 0, 0, 0, 0, 0, 0, 0, 0, 0, 0, 0, 0, 0, 0, 0, 0, 0, 0, 0, 0, 0, 0, 0, 0, 0, 0, 0, 1, 1, 1, 1, 1, 1, 1, 1, 1, 1, 1, 1, 1, 1, 1, 1, 1, 1, 1, 1, 1, 1, 1, 1, 1, 1, 1, 1, 1, 1, 1, 1, 1, 1, 1, 1, 1, 1, 1, 1, 1, 1, 1, 1, 1, 1, 1, 1, 1, 1, 1, 1, 1, 1, 1, 1, 1, 1, 1, 1, 1, 1, 1, 1, 1, 1, 1, 1, 1, 1, 1, 1, 1, 1, 1, 1, 1, 1, 1, 1, 1, 1, 1, 1, 1, 1, 1, 1, 1, 1, 2, 2, 2, 2, 2, 2, 2, 2, 2, 2, 2, 2, 2, 2, 2, 2, 2, 2, 2, 2, 2, 2, 2, 2, 2, 2, 2, 2, 2, 2, 2, 2, 2, 2, 2, 2, 2, 2, 2, 2, 2, 2, 2, 2, 2, 2, 2, 2, 2, 2, 2, 2, 2, 2, 2, 2, 2, 2, 2, 2, 2, 2, 2, 2, 2, 2, 2, 2, 2, 2, 2, 2, 2, 2, 2, 2, 2, 2, 2, 2, 2, 2, 2, 2, 2, 2, 2, 2, 2, 2, 2, 2, 2, 2, 2, 2, 2, 2, 2, 2, 2, 2, 2, 2, 2, 2, 2, 2, 2, 2, 2, 2, 2, 2, 2, 2, 2, 2, 2, 2, 2, 2, 2, 2, 2, 2]
delivery_process = ['Cross-Docking', 'Direct-Shipment', 'Direct-Shipment', 'Cross-Docking']
distance_ln = [[3.07, 5.9, 0.68, 8.21, 11.47, 5.13, 0.59, 1.37, 3.88, 5.91, 4.13, 3.3, 10.46, 5.62, 9.6, 9.71, 7.59, 4.41, 12.8, 4.41, 8.04, 5.83, 6.55, 9.77, 12.73, 3.05, 8.76, 4.9, 0.81, 3.21, 4.09, 9.24, 2.25, 5.68, 12.0, 0.96, 1.25, 6.19, 4.88, 7.45, 4.93, 4.65, 13.25, 4.83, 12.0, 2.44, 7.42, 10.81, 8.54, 10.86], [10.74, 11.51, 10.19, 6.75, 0.9, 9.42, 3.88, 5.64, 2.07, 11.55, 11.4, 4.75, 2.26, 3.54, 14.05, 1.37, 1.21, 3.32, 6.65, 3.06, 9.73, 8.09, 1.02, 1.46, 3.24, 2.82, 5.74, 2.28, 5.73, 6.05, 7.43, 7.75, 13.61, 4.45, 10.8, 12.59, 5.1, 3.24, 10.22, 1.23, 10.4, 17.64, 6.9, 1.86, 11.02, 2.15, 20.35, 4.79, 0.8, 1.61], [16.08, 6.96, 0.56, 15.66, 8.91, 3.47, 1.79, 7.79, 9.67, 3.32, 2.51, 3.46, 2.11, 8.42, 7.94, 3.28, 5.46, 0.19, 15.7, 7.35, 2.24, 1.97, 4.3, 10.24, 9.61, 8.03, 3.77, 6.23, 0.8, 5.9, 3.39, 3.9, 6.44, 1.93, 2.96, 6.53, 1.33, 6.61, 12.96, 3.45, 13.01, 5.42, 11.32, 8.35, 11.02, 2.41, 12.83, 8.95, 12.97, 3.87], [1.94, 0.66, 5.26, 0.97, 1.79, 9.05, 6.0, 3.17, 0.68, 3.47, 16.24, 7.31, 1.34, 1.18, 3.41, 4.63, 8.23, 11.14, 3.4, 1.53, 9.83, 4.47, 3.04, 1.81, 8.84, 3.24, 3.62, 7.16, 5.28, 1.33, 1.86, 1.41, 0.68, 8.6, 1.22, 2.65, 5.77, 2.48, 3.67, 2.53, 1.97, 12.36, 4.21, 2.12, 2.35, 1.56, 9.66, 2.1, 5.28, 7.96]]
distance_nn = [[0.0, 0.49, 11.03, 5.38, 4.67, 20.58, 3.14, 0.87, 3.17, 2.61, 14.88, 7.73, 3.19, 1.13, 1.76, 11.07, 10.93, 16.44, 2.97, 5.56, 20.95, 8.88, 5.81, 14.54, 6.81, 8.1, 8.31, 3.4, 6.64, 1.78, 7.59, 0.6, 2.33, 10.98, 1.43, 5.28, 11.92, 6.81, 1.77, 0.63, 5.45, 7.6, 1.97, 1.35, 4.23, 12.1, 7.15, 10.71, 11.22, 17.74], [1.9, 0.0, 11.81, 1.37, 11.17, 4.54, 2.17, 2.91, 4.82, 1.51, 9.17, 12.79, 3.27, 2.19, 1.5, 7.06, 9.4, 11.88, 1.54, 7.27, 9.0, 3.32, 5.44, 11.3, 6.84, 9.22, 2.58, 2.22, 13.36, 4.99, 0.93, 1.11, 0.6, 11.89, 0.89, 1.69, 4.14, 5.85, 1.22, 1.52, 3.29, 6.45, 2.59, 2.74, 3.48, 9.89, 7.64, 8.09, 2.02, 1.7], [13.54, 7.68, 0.0, 13.85, 11.95, 0.81, 1.6, 8.51, 5.81, 12.32, 0.89, 6.95, 10.45, 18.14, 7.1, 11.13, 7.88, 0.51, 10.44, 10.15, 4.54, 10.67, 1.57, 2.32, 12.6, 11.74, 5.94, 10.94, 1.37, 6.44, 4.16, 8.1, 2.2, 2.5, 15.77, 9.39, 5.14, 3.31, 14.14, 13.75, 8.69, 4.32, 10.45, 3.9, 6.35, 5.07, 3.71, 3.26, 2.88, 12.31], [4.76, 1.85, 5.12, 0.0, 3.02, 3.2, 8.23, 3.56, 3.79, 0.68, 5.03, 11.47, 5.45, 2.49, 1.92, 5.6, 7.71, 8.88, 2.22, 6.41, 11.96, 3.26, 2.3, 11.23, 6.63, 3.24, 3.84, 6.04, 5.37, 4.46, 2.51, 0.55, 1.02, 7.91, 1.03, 9.57, 1.29, 3.18, 0.68, 0.0, 0.5, 3.03, 0.73, 6.37, 0.57, 0.84, 1.9, 2.52, 6.36, 8.47], [14.95, 4.56, 4.98, 6.63, 0.0, 4.7, 16.36, 2.32, 10.92, 6.08, 8.41, 18.09, 3.45, 6.35, 9.82, 0.82, 0.83, 3.24, 6.43, 7.1, 5.92, 12.54, 3.91, 1.35, 2.51, 5.33, 6.31, 2.07, 9.08, 3.81, 3.34, 4.63, 3.29, 10.56, 8.01, 16.44, 2.47, 1.14, 7.82, 5.22, 5.42, 21.8, 13.02, 11.6, 10.79, 8.84, 9.32, 3.57, 4.65, 1.79], [17.44, 6.81, 2.68, 13.93, 14.93, 0.0, 3.21, 7.87, 2.99, 20.67, 1.15, 4.51, 13.07, 10.17, 18.89, 9.96, 14.09, 2.92, 8.81, 3.44, 2.99, 5.51, 11.7, 9.87, 4.34, 10.49, 18.33, 7.78, 4.98, 17.75, 12.81, 17.85, 4.34, 2.26, 21.32, 12.89, 3.37, 7.6, 5.89, 3.3, 2.86, 6.09, 22.58, 6.51, 7.45, 6.64, 16.8, 6.46, 17.12, 10.73], [13.94, 9.78, 0.22, 3.69, 3.6, 2.48, 0.0, 2.78, 2.28, 3.11, 2.62, 2.13, 3.17, 10.97, 16.44, 13.04, 17.04, 2.28, 2.89, 3.96, 2.22, 2.98, 7.18, 8.35, 8.97, 11.7, 8.37, 3.6, 1.26, 14.31, 11.67, 10.71, 10.13, 3.77, 14.79, 2.63, 1.69, 9.83, 8.31, 7.42, 3.92, 1.47, 3.91, 8.27, 13.8, 2.81, 5.08, 1.84, 6.81, 5.5], [3.56, 3.71, 2.24, 2.77, 11.04, 3.22, 2.13, 0.0, 1.17, 4.18, 1.7, 9.15, 2.02, 0.82, 1.13, 13.99, 5.49, 3.96, 1.8, 3.94, 2.77, 2.65, 4.63, 4.62, 2.76, 2.02, 4.56, 6.1, 9.72, 8.94, 4.91, 1.62, 5.03, 6.83, 4.22, 2.39, 0.7, 8.54, 2.38, 3.38, 7.96, 8.34, 4.36, 0.46, 6.14, 7.96, 3.64, 7.81, 6.13, 6.62], [1.97, 3.97, 4.33, 4.64, 10.71, 3.13, 8.44, 5.3, 0.0, 1.4, 5.8, 5.93, 1.69, 6.74, 7.59, 4.82, 12.95, 1.79, 4.39, 3.07, 7.55, 7.87, 0.71, 6.97, 5.25, 2.23, 4.46, 3.42, 3.66, 2.51, 2.02, 3.39, 5.42, 4.37, 5.15, 1.03, 2.33, 0.79, 1.72, 1.25, 7.17, 1.97, 6.2, 3.11, 3.51, 3.14, 12.89, 9.06, 7.13, 5.22], [3.63, 1.93, 5.64, 0.97, 6.31, 14.37, 6.46, 1.51, 1.62, 0.0, 10.69, 13.33, 8.69, 2.57, 2.95, 10.28, 12.82, 12.53, 1.23, 1.87, 6.22, 2.53, 0.66, 11.08, 4.54, 4.22, 1.56, 8.02, 8.26, 2.65, 1.42, 0.0, 1.72, 10.32, 1.44, 8.87, 4.82, 1.97, 6.61, 0.13, 0.41, 4.36, 2.0, 2.55, 1.03, 4.79, 4.01, 3.1, 3.44, 10.35], [8.58, 18.28, 2.75, 13.21, 10.98, 0.39, 3.17, 5.8, 7.03, 3.2, 0.0, 5.4, 9.16, 9.68, 11.4, 8.66, 8.36, 2.14, 14.03, 13.18, 3.17, 14.07, 1.63, 9.53, 6.23, 13.12, 11.26, 12.43, 3.16, 13.13, 2.9, 10.91, 11.51, 3.74, 6.14, 4.55, 6.41, 9.22, 8.02, 6.47, 10.51, 4.32, 8.57, 10.37, 10.96, 2.5, 14.53, 13.07, 6.33, 12.45], [3.7, 12.61, 7.56, 13.82, 12.91, 4.02, 1.94, 3.55, 10.03, 9.79, 4.85, 0.0, 7.98, 8.24, 13.0, 5.16, 17.86, 4.13, 11.02, 13.7, 13.11, 5.43, 10.7, 15.04, 19.78, 14.1, 8.63, 8.75, 6.65, 17.08, 6.95, 7.58, 5.13, 1.19, 12.66, 2.94, 4.64, 7.5, 10.79, 13.37, 2.51, 1.14, 10.22, 8.31, 14.84, 4.22, 5.2, 14.16, 3.69, 5.7], [1.48, 4.83, 10.02, 5.71, 8.24, 4.17, 5.13, 1.54, 8.8, 6.62, 11.74, 11.38, 0.0, 5.66, 5.06, 7.27, 11.46, 13.83, 2.26, 3.42, 16.1, 4.49, 3.63, 9.83, 3.75, 13.69, 1.91, 14.64, 13.35, 12.92, 7.94, 6.2, 2.31, 6.68, 7.28, 1.96, 5.58, 5.33, 1.51, 3.94, 9.81, 2.66, 2.53, 1.6, 3.91, 1.82, 3.82, 9.06, 12.01, 19.1], [2.14, 1.43, 8.52, 1.94, 10.12, 4.21, 6.95, 1.38, 1.0, 2.02, 14.63, 2.13, 6.32, 0.0, 0.92, 17.82, 10.1, 7.0, 5.32, 2.31, 4.77, 3.6, 5.7, 9.08, 9.33, 2.26, 7.71, 10.25, 3.52, 4.37, 6.51, 1.29, 1.01, 15.81, 1.03, 4.05, 6.53, 10.08, 4.46, 2.23, 2.18, 10.51, 0.39, 1.8, 0.82, 11.48, 9.93, 11.28, 3.21, 9.42], [1.17, 1.8, 10.6, 1.6, 4.67, 17.13, 5.78, 1.26, 3.52, 1.94, 9.37, 6.06, 2.63, 0.68, 0.0, 7.87, 11.05, 10.22, 3.56, 3.28, 13.63, 10.61, 2.32, 6.58, 4.22, 7.43, 5.19, 3.54, 13.15, 1.37, 1.85, 1.48, 2.16, 8.15, 0.79, 2.16, 11.27, 4.16, 1.08, 0.39, 2.88, 3.84, 1.01, 4.56, 1.25, 9.12, 9.45, 6.11, 5.56, 12.93], [16.05, 4.39, 9.2, 9.63, 0.95, 3.69, 15.33, 13.26, 8.28, 12.1, 1.83, 19.78, 7.11, 9.59, 9.59, 0.0, 3.08, 6.34, 2.52, 2.43, 1.42, 15.63, 3.9, 1.56, 3.39, 1.16, 5.5, 4.38, 8.4, 5.36, 9.35, 13.68, 10.64, 2.35, 3.18, 16.55, 3.95, 3.74, 8.99, 3.9, 4.69, 9.98, 4.32, 3.82, 12.27, 6.58, 9.92, 0.78, 4.03, 0.17], [4.4, 18.01, 14.04, 7.27, 1.65, 16.1, 12.74, 18.47, 9.66, 1.6, 14.8, 7.58, 9.95, 15.75, 12.51, 0.44, 0.0, 7.42, 4.14, 5.22, 9.39, 20.81, 3.48, 4.58, 5.98, 4.53, 9.91, 1.37, 15.51, 4.8, 6.99, 8.93, 6.08, 1.41, 10.5, 12.34, 19.19, 7.64, 20.2, 12.3, 11.0, 5.28, 5.8, 16.86, 11.85, 2.71, 21.49, 4.5, 4.83, 0.41], [3.52, 15.24, 0.47, 7.43, 8.01, 3.06, 3.21, 10.42, 6.13, 10.34, 0.45, 4.24, 13.12, 8.38, 4.09, 2.42, 4.23, 0.0, 3.49, 1.69, 2.49, 11.15, 3.31, 5.67, 13.53, 8.4, 1.91, 7.0, 0.97, 8.74, 6.71, 10.23, 6.61, 2.43, 12.96, 4.68, 1.62, 2.05, 6.1, 8.56, 14.63, 4.83, 6.18, 11.89, 5.08, 7.72, 8.0, 6.61, 9.25, 1.73], [7.45, 5.42, 5.91, 1.08, 10.26, 5.28, 2.41, 6.21, 3.81, 0.28, 6.85, 11.04, 7.58, 2.24, 2.72, 5.57, 2.1, 2.83, 0.0, 1.47, 11.29, 5.91, 1.79, 8.2, 3.79, 1.73, 1.93, 5.34, 5.21, 1.81, 0.96, 0.77, 0.6, 6.07, 1.76, 10.09, 10.47, 1.33, 6.77, 1.57, 1.2, 14.66, 5.86, 5.7, 2.52, 1.68, 7.61, 5.22, 3.05, 10.18], [3.32, 3.09, 9.22, 5.64, 5.15, 3.94, 3.17, 2.25, 1.34, 2.56, 3.78, 15.48, 3.8, 2.24, 7.79, 7.06, 2.99, 8.9, 1.42, 0.0, 5.96, 12.91, 1.9, 4.36, 3.2, 0.39, 3.8, 2.2, 4.82, 3.19, 0.43, 6.26, 8.09, 4.34, 5.94, 3.76, 1.41, 0.36, 6.84, 3.16, 4.34, 8.88, 7.8, 2.5, 6.55, 1.6, 14.08, 1.64, 2.26, 2.44], [6.6, 11.33, 0.98, 8.71, 4.06, 2.58, 5.5, 2.05, 6.84, 10.1, 1.92, 4.23, 8.14, 13.75, 4.02, 3.9, 5.6, 1.93, 15.46, 9.17, 0.0, 2.21, 6.93, 6.59, 6.69, 5.42, 17.1, 4.7, 1.63, 4.38, 13.1, 16.26, 13.6, 4.44, 18.28, 4.72, 6.14, 1.97, 3.72, 12.98, 18.51, 14.43, 14.11, 16.42, 13.97, 9.82, 13.56, 10.69, 6.86, 1.68], [5.79, 9.04, 2.89, 2.76, 19.26, 12.91, 5.15, 3.61, 6.21, 1.32, 11.78, 4.92, 4.26, 10.42, 8.22, 18.26, 6.01, 10.48, 1.66, 12.39, 15.37, 0.0, 9.05, 16.27, 11.76, 13.57, 4.31, 11.08, 5.46, 1.61, 5.91, 9.08, 7.34, 8.39, 3.94, 0.81, 4.26, 5.11, 0.64, 5.56, 9.3, 4.34, 6.68, 2.55, 8.44, 6.52, 3.09, 2.76, 16.12, 16.17], [5.65, 5.32, 4.71, 3.88, 6.32, 1.82, 7.79, 6.4, 2.01, 5.37, 5.4, 5.01, 11.0, 2.03, 3.63, 1.16, 1.32, 5.65, 2.56, 1.0, 3.74, 3.55, 0.0, 5.5, 5.0, 1.24, 3.09, 3.45, 1.46, 0.61, 0.51, 4.75, 2.76, 5.8, 3.33, 7.15, 2.03, 0.76, 5.93, 2.08, 2.63, 15.85, 1.27, 4.86, 2.88, 1.38, 13.84, 3.82, 1.78, 5.86], [4.91, 13.45, 5.22, 3.23, 2.0, 1.64, 5.23, 10.54, 7.4, 2.51, 8.46, 7.32, 10.44, 10.13, 3.48, 1.03, 4.69, 8.02, 4.73, 6.18, 5.71, 1.85, 4.01, 0.0, 6.26, 1.88, 7.52, 2.36, 8.7, 4.09, 7.17, 13.39, 9.71, 2.91, 9.31, 7.69, 10.84, 2.48, 7.0, 12.99, 8.28, 12.9, 13.21, 2.2, 3.46, 2.06, 6.4, 4.65, 8.23, 2.3], [13.87, 2.45, 15.89, 5.52, 1.8, 16.79, 4.48, 1.98, 6.05, 7.94, 6.26, 6.97, 10.47, 6.0, 9.83, 1.17, 5.64, 10.73, 5.4, 3.07, 14.32, 5.86, 1.99, 2.68, 0.0, 3.32, 1.1, 2.03, 8.73, 1.16, 5.16, 6.18, 9.03, 8.36, 10.3, 13.49, 2.13, 4.39, 10.18, 4.06, 7.8, 8.68, 7.19, 12.88, 9.74, 1.65, 11.11, 0.0, 0.57, 2.7], [3.38, 2.24, 5.22, 5.75, 2.04, 10.19, 9.45, 6.84, 4.6, 1.28, 14.24, 13.81, 4.77, 1.95, 7.19, 3.92, 7.47, 5.11, 3.17, 0.13, 4.72, 12.42, 2.02, 2.91, 2.31, 0.0, 3.02, 2.82, 4.75, 2.48, 0.6, 1.54, 3.72, 4.32, 8.34, 1.67, 5.04, 0.38, 8.02, 4.23, 2.94, 2.12, 8.42, 8.94, 3.05, 2.46, 13.01, 1.62, 2.2, 2.77], [5.41, 4.04, 9.32, 2.47, 3.96, 12.89, 14.54, 3.84, 1.39, 4.03, 8.32, 17.93, 1.97, 3.14, 4.33, 7.3, 3.55, 9.31, 2.79, 2.57, 15.42, 8.0, 1.41, 4.4, 3.07, 1.59, 0.0, 5.25, 10.73, 0.78, 2.6, 1.87, 1.07, 4.11, 2.48, 3.51, 6.65, 2.07, 9.05, 2.08, 1.41, 10.61, 5.72, 4.29, 0.78, 6.98, 13.96, 0.64, 1.35, 2.91], [7.12, 11.6, 3.49, 8.84, 2.37, 5.49, 9.28, 1.62, 4.57, 0.99, 7.66, 14.01, 13.44, 8.68, 4.97, 4.45, 8.39, 6.65, 6.76, 0.31, 8.86, 3.87, 2.89, 3.46, 3.2, 2.28, 6.76, 0.0, 8.56, 5.6, 1.33, 1.41, 8.82, 5.05, 1.4, 7.92, 2.53, 2.85, 7.66, 5.44, 1.69, 6.46, 11.12, 11.81, 9.84, 2.73, 9.77, 4.35, 4.36, 0.76], [14.44, 3.14, 0.93, 7.82, 11.13, 0.65, 1.5, 8.46, 2.15, 14.85, 0.98, 8.62, 7.04, 6.11, 16.0, 5.59, 9.57, 0.85, 11.46, 1.62, 3.73, 11.62, 7.69, 5.38, 4.05, 2.87, 12.9, 3.5, 0.0, 14.18, 2.77, 4.26, 3.05, 0.7, 6.66, 12.2, 3.27, 2.26, 6.93, 8.85, 7.36, 9.43, 8.87, 10.6, 14.68, 4.42, 9.8, 2.19, 3.11, 6.8], [6.41, 3.33, 11.01, 5.16, 5.59, 14.36, 10.51, 5.11, 6.27, 3.53, 14.05, 9.01, 8.27, 8.41, 2.34, 1.49, 2.43, 6.84, 2.33, 3.49, 8.96, 8.64, 2.81, 6.42, 2.76, 1.33, 0.61, 2.69, 7.82, 0.0, 0.64, 3.58, 6.83, 9.28, 3.24, 7.24, 1.56, 0.97, 8.61, 5.12, 4.66, 11.91, 1.45, 8.17, 3.31, 5.63, 9.52, 3.08, 0.69, 6.91], [2.25, 1.3, 7.33, 0.41, 3.35, 5.58, 6.99, 1.65, 2.56, 1.96, 3.55, 15.09, 3.17, 4.99, 4.76, 3.73, 9.46, 11.52, 1.0, 2.21, 15.6, 12.02, 0.7, 3.24, 2.93, 3.49, 2.57, 1.93, 5.36, 2.23, 0.0, 2.88, 2.53, 2.3, 3.27, 6.82, 5.4, 2.39, 5.65, 2.12, 2.75, 3.76, 4.98, 6.08, 0.88, 2.27, 14.28, 6.32, 2.86, 9.7], [3.92, 1.41, 14.7, 0.82, 3.38, 3.12, 8.1, 7.97, 3.49, 0.0, 19.83, 8.47, 3.99, 3.83, 1.43, 8.55, 7.52, 11.0, 0.4, 5.06, 3.99, 3.29, 1.62, 12.27, 6.47, 2.53, 0.62, 5.19, 2.52, 2.07, 0.44, 0.0, 2.3, 7.63, 1.41, 1.92, 2.18, 6.16, 4.86, 0.4, 0.83, 10.52, 1.94, 7.05, 0.21, 2.21, 4.26, 1.23, 5.39, 12.84], [1.72, 0.33, 5.7, 1.65, 6.15, 17.84, 8.81, 2.09, 3.46, 2.26, 7.71, 10.14, 1.89, 1.69, 1.48, 10.67, 6.34, 2.03, 4.05, 8.36, 10.94, 3.75, 3.1, 4.54, 6.33, 5.24, 2.11, 7.73, 5.14, 4.77, 1.93, 1.63, 0.0, 6.47, 1.53, 7.46, 5.47, 7.48, 4.21, 2.09, 0.47, 2.2, 0.35, 3.11, 1.39, 8.93, 5.6, 10.67, 3.47, 5.83], [2.94, 6.92, 4.24, 3.14, 7.78, 4.25, 2.05, 1.77, 3.67, 1.65, 3.66, 10.6, 1.97, 7.97, 8.14, 4.91, 2.36, 1.45, 9.79, 5.23, 2.78, 2.98, 7.15, 1.36, 5.57, 1.4, 8.34, 5.53, 1.12, 5.85, 8.32, 12.54, 4.77, 0.0, 10.93, 4.34, 5.23, 0.88, 1.89, 3.63, 10.59, 11.69, 15.26, 9.85, 13.78, 4.04, 12.16, 8.21, 1.43, 5.27], [3.16, 1.69, 13.04, 0.61, 7.85, 16.35, 3.99, 1.97, 2.2, 1.38, 16.5, 9.37, 5.88, 0.25, 0.21, 6.94, 13.4, 14.84, 2.6, 2.32, 12.49, 4.62, 1.28, 11.7, 7.38, 3.04, 1.34, 9.27, 16.7, 3.43, 3.11, 1.79, 1.79, 3.03, 0.0, 6.04, 2.91, 4.59, 1.74, 1.46, 1.58, 14.99, 0.79, 4.21, 0.22, 3.72, 3.35, 11.07, 6.84, 8.87], [6.57, 4.86, 3.67, 6.24, 2.69, 17.6, 9.72, 2.99, 2.57, 2.18, 5.73, 1.43, 1.8, 9.37, 4.52, 16.91, 9.34, 6.46, 7.51, 9.52, 7.89, 0.82, 3.49, 17.2, 9.78, 3.98, 7.66, 11.93, 6.46, 6.75, 2.0, 1.31, 7.63, 6.18, 9.1, 0.0, 2.97, 3.96, 3.55, 9.81, 6.57, 4.42, 4.24, 4.67, 3.93, 3.69, 1.27, 15.96, 10.51, 19.01], [10.11, 5.69, 5.78, 9.51, 7.98, 7.88, 2.28, 2.62, 3.22, 7.0, 7.3, 4.44, 8.84, 10.09, 9.07, 8.68, 13.39, 5.94, 4.08, 10.69, 2.26, 4.97, 4.95, 7.53, 3.23, 6.84, 7.36, 4.41, 3.94, 12.82, 8.99, 9.12, 10.47, 4.12, 2.55, 1.02, 0.0, 1.0, 8.03, 3.22, 4.76, 1.79, 6.6, 8.17, 8.24, 4.61, 1.64, 1.7, 9.43, 7.19], [3.96, 3.94, 2.66, 1.39, 2.45, 8.3, 6.6, 2.14, 1.67, 1.09, 8.93, 6.46, 4.91, 1.56, 6.22, 5.03, 4.58, 10.01, 1.67, 1.07, 5.5, 4.72, 0.73, 5.32, 3.56, 2.04, 2.19, 0.94, 2.0, 0.93, 0.42, 2.71, 0.86, 6.18, 1.13, 12.58, 8.81, 0.0, 1.21, 4.39, 1.01, 4.08, 2.67, 4.87, 5.8, 1.2, 7.64, 5.75, 3.45, 6.56], [0.45, 2.98, 9.46, 3.15, 5.31, 19.38, 8.96, 1.28, 1.12, 5.3, 8.57, 5.24, 0.39, 3.82, 2.03, 9.06, 5.21, 13.72, 6.67, 3.66, 3.3, 6.01, 2.82, 13.78, 13.58, 10.38, 1.29, 7.15, 5.03, 8.06, 6.93, 1.0, 4.28, 13.75, 3.08, 3.81, 8.9, 5.22, 0.0, 2.73, 1.24, 4.96, 3.39, 0.0, 5.03, 6.38, 8.75, 14.84, 1.39, 12.25], [3.94, 2.7, 1.62, 0.0, 6.31, 5.79, 11.31, 5.86, 1.65, 0.97, 18.14, 5.21, 4.79, 3.96, 0.88, 1.9, 8.59, 8.52, 1.05, 6.5, 9.93, 8.81, 3.19, 3.51, 1.35, 1.18, 1.93, 8.31, 1.6, 3.67, 2.87, 0.42, 1.18, 7.7, 0.51, 10.11, 3.17, 1.53, 4.69, 0.0, 1.98, 3.67, 4.73, 5.73, 1.62, 4.14, 15.77, 7.09, 6.43, 3.81], [5.87, 1.1, 13.01, 1.34, 9.04, 7.31, 14.22, 1.49, 4.81, 0.83, 17.96, 12.09, 6.34, 0.79, 2.09, 4.55, 14.6, 12.94, 1.58, 2.38, 18.02, 4.45, 1.53, 8.88, 2.06, 6.18, 3.06, 4.67, 7.93, 4.03, 2.85, 0.65, 2.34, 2.07, 2.0, 1.43, 2.55, 5.0, 5.24, 0.48, 0.0, 16.45, 1.17, 1.76, 0.43, 4.97, 1.85, 7.5, 3.24, 11.62], [6.3, 12.03, 4.42, 15.23, 4.94, 7.73, 8.45, 5.61, 3.32, 4.6, 14.54, 0.95, 8.86, 2.98, 3.37, 15.95, 23.85, 3.91, 15.85, 12.11, 2.39, 0.63, 14.25, 12.72, 19.18, 13.86, 3.39, 16.55, 11.37, 13.54, 10.06, 6.25, 8.89, 14.3, 6.07, 1.56, 2.31, 13.64, 9.2, 3.74, 2.2, 0.0, 14.39, 10.47, 2.03, 3.04, 2.94, 17.0, 12.73, 13.77], [1.37, 0.82, 8.64, 3.7, 15.75, 11.17, 7.38, 5.81, 4.89, 2.15, 19.69, 5.85, 6.09, 0.31, 1.05, 13.18, 9.6, 2.19, 1.34, 2.77, 9.51, 5.17, 6.13, 13.57, 11.67, 10.01, 2.5, 5.03, 7.77, 4.54, 2.26, 2.91, 1.14, 4.03, 2.3, 1.87, 6.19, 2.54, 5.09, 0.97, 2.42, 8.45, 0.0, 5.08, 1.08, 10.05, 7.83, 10.2, 11.33, 7.96], [0.6, 1.18, 11.02, 4.81, 9.21, 4.2, 11.37, 1.95, 4.82, 7.0, 7.78, 4.15, 1.42, 3.69, 5.22, 4.61, 12.1, 14.56, 8.24, 4.34, 8.25, 6.08, 5.46, 12.85, 2.0, 6.54, 8.18, 10.43, 3.88, 3.87, 5.24, 4.14, 1.64, 2.21, 4.91, 1.45, 7.39, 5.96, 0.0, 1.88, 1.74, 7.87, 2.74, 0.0, 1.26, 1.94, 8.09, 13.53, 11.44, 14.21], [5.29, 2.67, 6.96, 0.33, 12.26, 12.87, 15.9, 7.42, 5.26, 0.63, 6.17, 9.08, 8.12, 1.53, 1.59, 14.28, 9.01, 11.85, 1.19, 7.04, 3.3, 11.8, 1.16, 3.57, 7.05, 5.98, 1.96, 2.49, 11.22, 5.05, 1.02, 0.91, 2.06, 3.67, 1.27, 2.23, 6.17, 3.11, 6.32, 0.67, 0.72, 11.47, 3.49, 2.12, 0.0, 8.39, 15.66, 5.98, 5.03, 11.54], [3.09, 7.19, 3.94, 5.75, 4.24, 12.29, 1.68, 5.2, 1.35, 4.52, 5.17, 9.33, 3.35, 5.44, 2.77, 0.89, 8.82, 8.89, 2.77, 1.92, 2.98, 7.24, 3.12, 4.51, 1.0, 0.42, 5.94, 2.38, 8.47, 3.52, 5.58, 7.78, 2.41, 4.07, 9.67, 11.08, 4.31, 1.45, 5.04, 6.98, 3.01, 4.22, 8.08, 6.85, 9.88, 0.0, 14.67, 6.5, 6.75, 7.34], [10.93, 2.84, 11.56, 4.62, 20.94, 2.58, 1.75, 7.47, 5.8, 10.27, 9.14, 6.77, 7.11, 4.52, 3.04, 16.1, 26.48, 15.82, 2.77, 13.41, 7.14, 1.7, 14.47, 21.39, 2.56, 5.99, 19.85, 9.04, 10.19, 15.18, 9.72, 3.89, 9.61, 9.96, 2.19, 1.49, 4.29, 13.97, 7.11, 4.14, 5.81, 2.37, 5.26, 2.34, 14.43, 11.7, 0.0, 8.08, 5.76, 2.66], [13.45, 9.63, 13.65, 7.52, 1.32, 15.49, 4.27, 7.35, 8.97, 3.23, 13.94, 3.19, 10.83, 2.82, 3.85, 3.8, 5.91, 5.06, 2.15, 3.86, 5.88, 8.44, 2.33, 5.05, 0.0, 2.08, 0.8, 2.55, 9.54, 3.72, 6.21, 3.99, 4.63, 7.83, 4.97, 18.05, 10.33, 2.46, 9.17, 3.81, 7.13, 13.57, 11.94, 3.77, 8.15, 3.39, 21.73, 0.0, 0.49, 2.09], [4.23, 10.43, 6.5, 2.14, 1.92, 4.8, 5.8, 4.0, 8.62, 5.64, 2.32, 2.87, 2.04, 6.75, 1.96, 4.43, 2.49, 6.95, 0.91, 3.84, 11.28, 4.24, 4.71, 6.81, 1.81, 3.69, 0.91, 5.78, 11.74, 1.01, 3.02, 2.38, 6.58, 9.96, 1.22, 16.68, 8.18, 2.65, 13.15, 4.37, 2.1, 17.74, 4.1, 5.61, 1.51, 1.27, 4.6, 2.35, 0.0, 2.97], [7.4, 11.26, 8.49, 6.25, 0.3, 13.04, 6.65, 11.94, 7.23, 7.58, 14.66, 16.61, 15.05, 15.08, 11.69, 0.17, 1.82, 11.53, 6.28, 4.38, 3.0, 8.39, 1.71, 3.79, 1.3, 1.09, 4.49, 2.78, 1.42, 2.87, 3.62, 4.06, 1.97, 3.23, 6.61, 18.63, 7.35, 1.97, 16.92, 3.04, 8.19, 15.14, 6.68, 17.32, 4.82, 5.71, 6.83, 1.1, 1.03, 0.0]]
vans = [8, 6, 10, 8]

