J = [0, 1, 2]
K = [3, 4]
L = [5, 6, 7]
I = [0, 1, 2, 3, 4, 5, 6, 7]
N = [0, 1, 2, 3, 4, 5, 6, 7, 8, 9, 10, 11, 12, 13, 14, 15, 16, 17, 18, 19, 20, 21, 22, 23, 24, 25, 26, 27, 28, 29, 30, 31, 32, 33, 34, 35, 36, 37, 38, 39, 40, 41, 42, 43, 44, 45, 46, 47, 48, 49, 50, 51, 52, 53, 54, 55, 56, 57, 58, 59, 60, 61, 62, 63, 64, 65, 66, 67, 68, 69, 70, 71, 72, 73, 74]
demand = [478, 486, 863, 895, 757, 453, 475, 699, 785, 804, 849, 1073, 913, 453, 534, 889, 479, 407, 773, 789, 1127, 1176, 525, 570, 585, 1143, 1008, 1011, 879, 419, 630, 512, 554, 1182, 669, 710, 1019, 1096, 770, 506, 718, 501, 454, 889, 960, 782, 828, 966, 749, 596, 836, 749, 1092, 597, 1198, 489, 1171, 503, 459, 493, 620, 835, 1003, 771, 1082, 750, 743, 688, 926, 1158, 484, 1059, 1177, 473, 884]
hub = [1, 1, 2, 0, 2, 0, 0, 2, 1, 1, 1, 0, 2, 0, 0, 1, 1, 0, 1, 2, 1, 2, 0, 0, 2, 2, 2, 1, 0, 1, 0, 0, 2, 0, 0, 2, 2, 1, 1, 0, 0, 0, 0, 2, 2, 2, 1, 1, 2, 1, 1, 1, 0, 2, 1, 2, 1, 2, 2, 1, 1, 2, 2, 0, 1, 1, 2, 2, 1, 0, 0, 1, 0, 0, 1]
release = [45, 13, 5, 22, 43, 3, 1, 34, 30, 14, 1, 10, 33, 38, 26, 20, 8, 44, 18, 31, 13, 15, 41, 35, 5, 26, 15, 18, 33, 32, 48, 32, 46, 48, 20, 36, 7, 14, 8, 25, 29, 3, 42, 25, 17, 28, 35, 33, 30, 7, 12, 34, 11, 16, 1, 9, 30, 29, 5, 46, 3, 25, 38, 44, 39, 9, 15, 35, 45, 5, 28, 32, 31, 18, 33]
Nj = [[3, 5, 6, 11, 13, 14, 17, 22, 23, 28, 30, 31, 33, 34, 39, 40, 41, 42, 52, 63, 69, 70, 72, 73], [0, 1, 8, 9, 10, 15, 16, 18, 20, 27, 29, 37, 38, 46, 47, 49, 50, 51, 54, 56, 59, 60, 64, 65, 68, 71, 74], [2, 4, 7, 12, 19, 21, 24, 25, 26, 32, 35, 36, 43, 44, 45, 48, 53, 55, 57, 58, 61, 62, 66, 67]]
Gj = [[0, 1, 2, 3, 4, 5, 6, 7, 8, 9, 10, 11, 12, 13, 14, 15, 16, 17, 18, 19, 20, 21, 22, 23], [24, 25, 26, 27, 28, 29, 30, 31, 32, 33, 34, 35, 36, 37, 38, 39, 40, 41, 42, 43, 44, 45, 46, 47, 48, 49, 50], [51, 52, 53, 54, 55, 56, 57, 58, 59, 60, 61, 62, 63, 64, 65, 66, 67, 68, 69, 70, 71, 72, 73, 74]]
G = [0, 1, 2, 3, 4, 5, 6, 7, 8, 9, 10, 11, 12, 13, 14, 15, 16, 17, 18, 19, 20, 21, 22, 23, 24, 25, 26, 27, 28, 29, 30, 31, 32, 33, 34, 35, 36, 37, 38, 39, 40, 41, 42, 43, 44, 45, 46, 47, 48, 49, 50, 51, 52, 53, 54, 55, 56, 57, 58, 59, 60, 61, 62, 63, 64, 65, 66, 67, 68, 69, 70, 71, 72, 73, 74]
deadline = [192, 240, 216, 168, 216, 216, 216, 216, 168, 168, 192, 192, 216, 168, 240, 216, 192, 240, 240, 216, 192, 240, 216, 192, 240, 192, 192, 192, 192, 192, 168, 216, 168, 168, 192, 240, 240, 216, 168, 192, 216, 192, 216, 240, 168, 216, 216, 168, 240, 216, 216, 192, 168, 240, 216, 168, 240, 216, 168, 240, 192, 192, 216, 168, 240, 192, 240, 240, 192, 240, 216, 192, 240, 240, 216]
weight = [90, 10, 50, 50, 20, 50, 10, 40, 100, 30, 10, 80, 60, 40, 50, 40, 40, 60, 20, 10, 40, 80, 70, 90, 100, 100, 30, 60, 60, 80, 30, 10, 40, 100, 10, 10, 30, 90, 20, 30, 100, 70, 40, 30, 80, 60, 80, 80, 40, 40, 60, 70, 50, 60, 20, 80, 80, 40, 70, 80, 20, 70, 20, 70, 80, 10, 80, 70, 50, 20, 80, 90, 100, 10, 70]
q = 2000
M = [0, 1, 2]
M_description = ['Road', 'Rail', 'Ship']
accessibility = [[1, 0, 0], [1, 0, 1], [1, 0, 0], [1, 1, 1], [1, 1, 1], [1, 1, 1], [1, 0, 1], [1, 0, 0]]
S = [0, 1, 2, 3, 4, 5, 6, 7, 8, 9, 10, 11, 12, 13, 14, 15, 16, 17, 18, 19, 20, 21, 22, 23, 24, 25, 26, 27, 28, 29, 30, 31, 32, 33, 34, 35, 36, 37, 38, 39, 40, 41, 42, 43, 44, 45, 46, 47, 48, 49, 50, 51, 52, 53, 54, 55, 56, 57, 58, 59, 60, 61, 62, 63, 64, 65, 66, 67, 68, 69, 70, 71, 72, 73, 74, 75, 76, 77, 78, 79, 80, 81, 82, 83, 84, 85, 86, 87, 88, 89, 90, 91, 92, 93, 94, 95, 96, 97, 98, 99, 100, 101, 102, 103, 104, 105, 106, 107, 108, 109, 110, 111, 112, 113, 114, 115, 116, 117, 118, 119, 120, 121, 122, 123, 124, 125, 126, 127, 128, 129, 130, 131, 132, 133, 134, 135, 136, 137, 138, 139, 140, 141, 142, 143, 144, 145, 146, 147, 148, 149, 150, 151, 152, 153, 154, 155, 156, 157, 158, 159, 160, 161, 162, 163, 164, 165, 166, 167, 168, 169, 170, 171, 172, 173, 174, 175, 176, 177, 178, 179, 180, 181, 182, 183, 184, 185, 186, 187]
origin = [0, 0, 0, 0, 0, 0, 0, 0, 0, 0, 0, 0, 0, 0, 0, 0, 0, 0, 0, 0, 0, 0, 0, 0, 0, 0, 0, 0, 1, 1, 1, 1, 1, 1, 1, 1, 1, 1, 1, 1, 1, 1, 1, 1, 1, 1, 1, 1, 1, 1, 1, 1, 1, 1, 1, 1, 2, 2, 2, 2, 2, 2, 2, 2, 2, 2, 2, 2, 2, 2, 2, 2, 2, 2, 2, 2, 2, 2, 2, 2, 2, 2, 2, 2, 3, 3, 3, 3, 3, 3, 3, 3, 3, 3, 3, 3, 3, 3, 3, 3, 3, 3, 3, 3, 3, 3, 3, 3, 3, 3, 3, 3, 4, 4, 4, 4, 4, 4, 4, 4, 4, 4, 4, 4, 4, 4, 4, 4, 4, 4, 4, 4, 4, 4, 4, 4, 4, 4, 4, 4, 3, 3, 3, 3, 3, 3, 4, 4, 4, 4, 4, 4, 1, 1, 1, 1, 1, 1, 1, 1, 1, 1, 1, 1, 3, 3, 3, 3, 3, 3, 3, 3, 3, 3, 3, 3, 4, 4, 4, 4, 4, 4, 4, 4, 4, 4, 4, 4]
destination = [1, 1, 1, 1, 2, 2, 2, 2, 3, 3, 3, 3, 4, 4, 4, 4, 5, 5, 5, 5, 6, 6, 6, 6, 7, 7, 7, 7, 0, 0, 0, 0, 2, 2, 2, 2, 3, 3, 3, 3, 4, 4, 4, 4, 5, 5, 5, 5, 6, 6, 6, 6, 7, 7, 7, 7, 0, 0, 0, 0, 1, 1, 1, 1, 3, 3, 3, 3, 4, 4, 4, 4, 5, 5, 5, 5, 6, 6, 6, 6, 7, 7, 7, 7, 0, 0, 0, 0, 1, 1, 1, 1, 2, 2, 2, 2, 4, 4, 4, 4, 5, 5, 5, 5, 6, 6, 6, 6, 7, 7, 7, 7, 0, 0, 0, 0, 1, 1, 1, 1, 2, 2, 2, 2, 3, 3, 3, 3, 5, 5, 5, 5, 6, 6, 6, 6, 7, 7, 7, 7, 4, 4, 4, 5, 5, 5, 3, 3, 3, 5, 5, 5, 3, 3, 3, 4, 4, 4, 5, 5, 5, 6, 6, 6, 1, 1, 1, 4, 4, 4, 5, 5, 5, 6, 6, 6, 1, 1, 1, 3, 3, 3, 5, 5, 5, 6, 6, 6]
departure = [8, 56, 104, 152, 8, 56, 104, 152, 8, 56, 104, 152, 8, 56, 104, 152, 8, 56, 104, 152, 8, 56, 104, 152, 8, 56, 104, 152, 8, 56, 104, 152, 8, 56, 104, 152, 8, 56, 104, 152, 8, 56, 104, 152, 8, 56, 104, 152, 8, 56, 104, 152, 8, 56, 104, 152, 8, 56, 104, 152, 8, 56, 104, 152, 8, 56, 104, 152, 8, 56, 104, 152, 8, 56, 104, 152, 8, 56, 104, 152, 8, 56, 104, 152, 12, 60, 108, 156, 12, 60, 108, 156, 12, 60, 108, 156, 12, 60, 108, 156, 12, 60, 108, 156, 12, 60, 108, 156, 12, 60, 108, 156, 12, 60, 108, 156, 12, 60, 108, 156, 12, 60, 108, 156, 12, 60, 108, 156, 12, 60, 108, 156, 12, 60, 108, 156, 12, 60, 108, 156, 37, 85, 133, 37, 85, 133, 37, 85, 133, 37, 85, 133, 10, 58, 106, 10, 58, 106, 10, 58, 106, 10, 58, 106, 13, 61, 109, 13, 61, 109, 13, 61, 109, 13, 61, 109, 13, 61, 109, 13, 61, 109, 13, 61, 109, 13, 61, 109]
arrival = [76, 124, 172, 220, 28, 148, 172, 196, 60, 132, 204, 204, 108, 108, 180, 228, 160, 184, 232, 280, 112, 160, 232, 280, 136, 160, 256, 256, 76, 76, 124, 196, 100, 148, 196, 172, 108, 108, 204, 228, 108, 108, 204, 204, 88, 184, 256, 280, 160, 160, 232, 280, 136, 208, 232, 256, 100, 76, 196, 244, 52, 76, 196, 172, 60, 156, 204, 252, 84, 132, 204, 228, 136, 136, 232, 304, 112, 184, 232, 256, 88, 160, 232, 256, 56, 128, 128, 176, 80, 104, 152, 200, 56, 104, 200, 176, 64, 112, 184, 208, 164, 212, 260, 236, 140, 212, 260, 260, 92, 212, 260, 236, 56, 152, 128, 224, 80, 80, 176, 248, 80, 80, 128, 248, 112, 112, 184, 256, 92, 188, 236, 284, 92, 140, 188, 260, 92, 164, 188, 284, 90, 186, 210, 142, 166, 214, 114, 162, 210, 142, 190, 238, 112, 112, 184, 112, 136, 208, 164, 188, 260, 164, 212, 260, 34, 154, 130, 90, 114, 162, 166, 190, 214, 166, 190, 238, 106, 130, 202, 90, 114, 210, 118, 142, 214, 118, 166, 190]
Q = [2, 2, 4, 4, 4, 2, 4, 2, 4, 4, 4, 4, 2, 2, 2, 2, 4, 2, 2, 4, 2, 2, 2, 4, 4, 4, 2, 4, 2, 4, 4, 4, 2, 4, 4, 4, 2, 4, 4, 4, 2, 2, 4, 2, 2, 2, 2, 2, 2, 2, 2, 2, 4, 2, 2, 4, 4, 2, 4, 4, 2, 4, 2, 2, 4, 2, 2, 4, 4, 4, 4, 2, 4, 4, 2, 4, 2, 4, 2, 4, 4, 2, 4, 2, 2, 2, 2, 4, 2, 4, 4, 4, 2, 4, 4, 4, 2, 2, 4, 2, 4, 2, 2, 2, 4, 2, 2, 2, 4, 4, 2, 2, 2, 4, 2, 4, 4, 2, 2, 2, 4, 2, 4, 4, 2, 2, 4, 4, 2, 2, 2, 2, 2, 2, 2, 4, 2, 2, 4, 4, 3, 6, 6, 6, 6, 3, 6, 6, 3, 3, 3, 6, 5, 5, 10, 5, 10, 10, 5, 10, 5, 10, 5, 5, 10, 10, 5, 5, 5, 5, 5, 10, 10, 10, 10, 5, 5, 10, 10, 10, 5, 10, 10, 10, 10, 10, 5, 10]
cfixed = [266, 266, 248, 206, 246, 271, 247, 238, 282, 299, 275, 297, 286, 289, 246, 299, 241, 282, 208, 203, 201, 209, 255, 282, 236, 292, 219, 282, 251, 299, 261, 297, 228, 283, 254, 242, 206, 227, 270, 219, 241, 209, 218, 210, 262, 212, 228, 296, 259, 231, 256, 237, 275, 242, 243, 294, 206, 250, 281, 228, 259, 268, 204, 270, 272, 249, 263, 203, 204, 221, 252, 265, 273, 223, 298, 281, 251, 204, 274, 298, 234, 277, 277, 245, 288, 225, 232, 297, 280, 245, 216, 212, 232, 250, 239, 220, 214, 297, 232, 246, 290, 283, 296, 283, 203, 237, 291, 212, 235, 251, 218, 224, 258, 262, 256, 239, 216, 255, 215, 221, 233, 276, 245, 200, 221, 272, 219, 278, 214, 258, 277, 230, 290, 288, 214, 257, 241, 267, 241, 248, 368, 406, 440, 422, 339, 500, 369, 424, 499, 378, 374, 369, 663, 515, 655, 674, 535, 522, 659, 628, 521, 504, 535, 655, 631, 516, 567, 633, 696, 528, 645, 594, 653, 592, 673, 586, 663, 538, 676, 630, 641, 555, 696, 603, 661, 688, 513, 585]
ctravel = [68, 68, 68, 68, 20, 92, 68, 44, 52, 76, 100, 52, 100, 52, 76, 76, 152, 128, 128, 128, 104, 104, 128, 128, 128, 104, 152, 104, 68, 20, 20, 44, 92, 92, 92, 20, 100, 52, 100, 76, 100, 52, 100, 52, 80, 128, 152, 128, 152, 104, 128, 128, 128, 152, 128, 104, 92, 20, 92, 92, 44, 20, 92, 20, 52, 100, 100, 100, 76, 76, 100, 76, 128, 80, 128, 152, 104, 128, 128, 104, 80, 104, 128, 104, 44, 68, 20, 20, 68, 44, 44, 44, 44, 44, 92, 20, 52, 52, 76, 52, 152, 152, 152, 80, 128, 152, 152, 104, 80, 152, 152, 80, 44, 92, 20, 68, 68, 20, 68, 92, 68, 20, 20, 92, 100, 52, 76, 100, 80, 128, 128, 128, 80, 80, 80, 104, 80, 104, 80, 128, 42.400000000000006, 80.80000000000001, 61.6, 84.0, 64.8, 64.8, 61.6, 61.6, 61.6, 84.0, 84.0, 84.0, 61.199999999999996, 32.4, 46.8, 61.199999999999996, 46.8, 61.199999999999996, 92.39999999999999, 78.0, 92.39999999999999, 92.39999999999999, 92.39999999999999, 92.39999999999999, 12.6, 55.8, 12.6, 46.199999999999996, 31.799999999999997, 31.799999999999997, 91.8, 77.39999999999999, 63.0, 91.8, 77.39999999999999, 77.39999999999999, 55.8, 41.4, 55.8, 46.199999999999996, 31.799999999999997, 60.599999999999994, 63.0, 48.6, 63.0, 63.0, 63.0, 48.6]
mode = [0, 0, 0, 0, 0, 0, 0, 0, 0, 0, 0, 0, 0, 0, 0, 0, 0, 0, 0, 0, 0, 0, 0, 0, 0, 0, 0, 0, 0, 0, 0, 0, 0, 0, 0, 0, 0, 0, 0, 0, 0, 0, 0, 0, 0, 0, 0, 0, 0, 0, 0, 0, 0, 0, 0, 0, 0, 0, 0, 0, 0, 0, 0, 0, 0, 0, 0, 0, 0, 0, 0, 0, 0, 0, 0, 0, 0, 0, 0, 0, 0, 0, 0, 0, 0, 0, 0, 0, 0, 0, 0, 0, 0, 0, 0, 0, 0, 0, 0, 0, 0, 0, 0, 0, 0, 0, 0, 0, 0, 0, 0, 0, 0, 0, 0, 0, 0, 0, 0, 0, 0, 0, 0, 0, 0, 0, 0, 0, 0, 0, 0, 0, 0, 0, 0, 0, 0, 0, 0, 0, 1, 1, 1, 1, 1, 1, 1, 1, 1, 1, 1, 1, 2, 2, 2, 2, 2, 2, 2, 2, 2, 2, 2, 2, 2, 2, 2, 2, 2, 2, 2, 2, 2, 2, 2, 2, 2, 2, 2, 2, 2, 2, 2, 2, 2, 2, 2, 2]
delivery_process = ['Cross-Docking', 'Direct-Shipment', 'Cross-Docking']
distance_ln = [[2.5, 2.2, 1.09, 3.23, 7.55, 2.81, 5.0, 3.15, 1.98, 5.04, 11.55, 8.93, 1.51, 2.47, 8.32, 1.33, 0.58, 2.57, 10.36, 7.08, 5.95, 1.47, 4.17, 3.0, 13.24, 3.1, 8.73, 9.87, 5.14, 9.44, 2.39, 1.49, 3.35, 1.42, 0.94, 6.93, 1.38, 4.49, 6.83, 1.35, 1.8, 7.84, 2.78, 7.41, 10.87, 6.59, 1.62, 7.08, 6.88, 1.14, 2.07, 6.64, 7.28, 3.96, 4.93, 3.46, 12.35, 6.63, 1.77, 12.42, 4.2, 1.97, 4.89, 3.89, 6.58, 13.53, 8.1, 8.02, 2.16, 0.96, 6.95, 0.5, 2.03, 13.52, 4.1], [10.94, 0.3, 7.59, 0.11, 2.16, 2.22, 13.87, 8.39, 8.9, 0.53, 12.52, 11.52, 1.86, 0.5, 14.83, 7.71, 1.55, 1.05, 11.93, 8.34, 6.5, 1.12, 5.01, 6.59, 10.95, 3.68, 6.7, 2.23, 3.49, 7.82, 10.34, 4.19, 4.42, 8.13, 5.24, 3.44, 5.78, 10.97, 15.85, 1.43, 6.08, 2.58, 0.33, 5.62, 9.54, 1.84, 15.91, 8.81, 15.22, 1.74, 0.94, 11.09, 0.84, 7.05, 5.46, 1.63, 10.89, 7.97, 13.18, 17.19, 7.6, 1.81, 16.22, 17.77, 6.69, 13.97, 10.59, 14.36, 11.86, 3.45, 14.53, 0.55, 11.71, 2.64, 14.67], [3.41, 2.51, 5.35, 3.6, 19.65, 7.09, 5.44, 1.07, 3.99, 11.72, 9.41, 3.16, 2.24, 3.1, 7.05, 6.63, 5.48, 13.29, 9.15, 6.94, 18.36, 2.8, 19.34, 1.54, 4.55, 6.84, 0.92, 8.14, 8.87, 8.41, 5.96, 6.18, 5.17, 4.99, 0.87, 9.24, 9.59, 8.41, 1.95, 3.52, 7.46, 9.93, 7.46, 5.23, 11.25, 19.3, 10.12, 14.54, 14.3, 3.3, 6.76, 14.77, 15.23, 2.31, 3.42, 4.54, 9.63, 2.42, 2.17, 12.67, 18.81, 18.62, 2.38, 10.87, 14.3, 14.45, 2.59, 3.16, 8.22, 1.43, 4.2, 4.29, 0.96, 11.79, 23.63]]
distance_nn = [[0.0, 9.13, 0.89, 7.71, 3.59, 6.62, 0.97, 2.13, 0.34, 1.73, 6.14, 2.46, 7.95, 13.93, 3.16, 1.1, 5.03, 5.54, 2.95, 3.46, 17.34, 5.54, 15.82, 1.85, 2.55, 6.16, 2.24, 19.55, 4.26, 14.46, 4.63, 1.59, 10.8, 1.48, 1.83, 2.87, 5.52, 11.76, 8.03, 2.21, 8.61, 9.5, 4.49, 10.25, 15.76, 15.95, 3.13, 4.35, 5.32, 1.02, 5.86, 17.81, 11.68, 2.33, 2.07, 16.02, 12.74, 0.36, 0.54, 7.59, 8.72, 3.57, 2.1, 9.67, 6.83, 3.23, 1.63, 3.5, 3.35, 1.15, 5.95, 3.4, 1.31, 17.41, 16.5], [3.71, 0.0, 2.29, 0.94, 3.25, 5.43, 10.02, 8.44, 8.1, 1.12, 8.6, 2.03, 3.03, 3.63, 9.53, 12.66, 0.75, 1.21, 8.41, 1.94, 3.32, 1.84, 1.21, 5.28, 12.3, 4.4, 14.22, 7.34, 9.45, 4.41, 3.75, 1.71, 4.03, 3.77, 8.96, 4.53, 2.0, 9.93, 8.08, 0.89, 3.47, 9.59, 2.92, 7.47, 4.27, 3.76, 6.59, 3.91, 13.97, 1.94, 1.0, 4.24, 3.69, 1.49, 4.69, 4.75, 7.4, 1.2, 2.92, 15.14, 6.08, 3.16, 8.41, 5.42, 9.88, 14.3, 11.02, 9.27, 11.64, 4.2, 9.56, 2.9, 8.8, 9.72, 7.43], [4.33, 3.05, 0.0, 2.91, 11.36, 0.77, 2.61, 5.5, 5.04, 3.58, 6.64, 3.29, 2.5, 1.96, 4.85, 5.19, 2.81, 1.89, 6.56, 1.27, 3.18, 4.52, 5.47, 0.82, 8.31, 3.51, 2.48, 8.8, 4.1, 11.62, 2.73, 1.38, 1.29, 1.62, 3.08, 6.85, 2.45, 9.74, 7.28, 0.88, 1.07, 8.23, 4.7, 6.29, 6.5, 5.38, 1.41, 4.19, 14.02, 4.16, 2.03, 1.52, 3.77, 2.14, 1.02, 8.68, 1.67, 1.64, 0.89, 4.69, 8.57, 4.67, 3.03, 4.64, 5.03, 1.76, 1.04, 0.99, 0.72, 2.0, 4.73, 3.62, 2.2, 8.48, 4.19], [1.49, 0.91, 1.53, 0.0, 12.71, 4.24, 15.51, 11.27, 12.27, 0.37, 9.4, 1.6, 4.79, 2.9, 4.66, 7.85, 1.93, 1.03, 2.76, 12.49, 2.53, 2.79, 7.12, 5.32, 10.79, 14.5, 12.61, 1.07, 9.09, 6.89, 1.51, 1.02, 2.95, 6.69, 13.46, 3.7, 4.02, 8.97, 14.7, 1.49, 11.0, 2.48, 1.55, 8.65, 5.15, 2.24, 6.54, 8.69, 18.28, 2.4, 5.64, 5.41, 1.64, 1.35, 3.08, 3.55, 7.0, 4.16, 6.15, 16.36, 2.74, 1.67, 11.07, 7.45, 3.32, 9.76, 1.76, 13.41, 7.42, 3.02, 9.89, 0.58, 9.89, 2.77, 4.84], [10.44, 2.0, 12.9, 7.56, 0.0, 3.24, 11.77, 7.8, 10.58, 10.65, 2.04, 18.17, 2.3, 7.74, 1.55, 11.22, 10.86, 13.08, 6.24, 2.54, 1.56, 6.27, 1.59, 11.68, 0.75, 3.58, 5.04, 4.33, 2.68, 1.6, 3.95, 4.86, 10.05, 3.09, 8.59, 4.53, 1.82, 0.94, 12.51, 4.56, 1.22, 0.71, 13.12, 5.57, 1.44, 11.07, 1.63, 2.65, 7.66, 4.37, 5.67, 1.66, 10.02, 6.96, 4.73, 5.22, 2.16, 4.1, 9.96, 1.49, 1.31, 6.63, 1.6, 6.48, 3.48, 7.09, 12.42, 11.87, 10.95, 4.24, 12.19, 9.05, 4.71, 3.31, 2.31], [3.8, 5.13, 1.81, 3.92, 8.18, 0.0, 4.8, 2.8, 2.04, 7.59, 2.98, 5.61, 2.88, 9.65, 4.15, 2.49, 0.57, 3.91, 3.05, 3.8, 5.05, 1.62, 7.08, 1.77, 5.48, 2.38, 2.03, 9.08, 3.86, 2.9, 0.76, 0.96, 6.41, 2.11, 0.99, 3.89, 2.58, 9.46, 1.53, 2.51, 1.94, 2.24, 2.99, 3.44, 5.67, 7.04, 7.83, 5.2, 3.68, 4.44, 1.92, 3.8, 5.43, 0.41, 1.83, 6.49, 9.26, 2.79, 8.59, 10.56, 2.4, 2.03, 2.53, 9.9, 3.99, 5.84, 5.6, 5.21, 0.9, 3.21, 1.49, 5.85, 8.43, 7.04, 10.22], [1.14, 15.15, 2.1, 3.94, 6.8, 6.26, 0.0, 4.58, 5.55, 12.44, 4.16, 1.44, 7.02, 6.98, 1.39, 1.65, 9.3, 14.51, 4.64, 3.22, 2.63, 4.44, 3.5, 3.25, 14.92, 3.73, 1.84, 17.77, 2.14, 4.43, 1.77, 12.87, 2.96, 2.82, 1.59, 8.44, 10.66, 7.91, 0.0, 2.32, 2.0, 7.43, 16.31, 1.45, 11.72, 2.58, 2.23, 0.79, 5.96, 5.28, 13.79, 5.96, 11.64, 1.41, 2.25, 2.63, 5.14, 9.69, 8.41, 3.96, 7.84, 16.94, 3.9, 4.23, 1.95, 2.08, 9.14, 0.5, 1.1, 6.26, 0.57, 7.84, 9.76, 14.33, 15.28], [0.97, 6.21, 3.53, 3.6, 15.33, 2.9, 2.45, 0.0, 0.4, 10.54, 5.02, 1.32, 2.16, 12.51, 5.57, 1.96, 7.29, 6.13, 5.18, 1.86, 11.16, 8.71, 5.92, 5.19, 2.37, 4.65, 2.71, 13.94, 5.58, 15.35, 5.88, 5.35, 5.96, 1.37, 0.86, 1.98, 0.87, 7.73, 3.69, 1.04, 7.44, 2.19, 9.47, 1.98, 14.23, 12.0, 5.43, 7.01, 10.18, 5.34, 12.63, 6.39, 3.53, 1.66, 1.87, 9.92, 4.56, 3.91, 2.98, 10.56, 11.52, 9.01, 2.98, 5.17, 4.85, 2.26, 2.24, 1.86, 0.88, 0.85, 1.38, 5.26, 4.43, 21.1, 5.62], [1.62, 2.2, 3.7, 7.0, 3.52, 3.26, 6.98, 0.79, 0.0, 8.72, 3.34, 4.42, 6.59, 13.16, 1.78, 0.44, 7.58, 4.25, 14.68, 2.96, 16.06, 3.02, 11.68, 2.69, 6.91, 4.86, 2.52, 9.44, 2.78, 4.59, 1.25, 3.32, 2.76, 1.34, 0.52, 2.71, 2.59, 12.13, 6.39, 2.66, 3.1, 2.97, 12.5, 1.4, 2.3, 4.44, 2.83, 10.41, 12.84, 3.25, 5.84, 15.17, 10.93, 3.14, 2.75, 2.16, 7.16, 2.55, 1.69, 5.39, 3.26, 7.13, 9.99, 5.7, 10.39, 3.94, 2.95, 2.55, 2.8, 2.72, 3.58, 9.07, 4.49, 12.26, 20.85], [4.01, 0.47, 8.16, 0.17, 7.03, 2.58, 3.88, 2.21, 12.2, 0.0, 14.68, 11.78, 4.78, 0.64, 4.7, 15.27, 2.11, 0.73, 11.49, 15.28, 8.26, 4.16, 7.89, 4.48, 8.56, 5.8, 14.97, 8.21, 3.05, 8.06, 1.73, 5.86, 3.8, 3.77, 1.79, 14.71, 5.26, 2.16, 13.71, 4.69, 5.27, 9.21, 1.77, 3.55, 10.19, 1.85, 8.16, 8.2, 10.14, 4.78, 1.09, 3.9, 1.48, 4.94, 8.36, 6.39, 17.98, 3.12, 9.91, 9.31, 7.28, 2.22, 14.35, 18.62, 9.5, 9.18, 3.36, 8.26, 9.53, 5.73, 5.69, 1.21, 4.17, 6.73, 6.31], [8.16, 9.1, 7.05, 10.95, 1.68, 7.11, 3.63, 3.5, 1.74, 7.79, 0.0, 9.89, 4.06, 13.98, 1.88, 5.39, 12.69, 2.11, 11.22, 1.06, 7.6, 14.58, 7.85, 12.68, 11.48, 2.79, 12.17, 12.6, 1.33, 12.42, 3.41, 4.81, 12.36, 5.36, 8.41, 3.08, 14.14, 3.48, 1.34, 2.39, 5.95, 2.84, 8.71, 1.94, 5.31, 3.21, 1.18, 5.59, 1.98, 2.9, 12.2, 7.99, 9.51, 1.96, 5.94, 4.68, 0.6, 5.39, 3.86, 0.76, 9.35, 7.96, 2.07, 1.64, 3.88, 1.73, 7.04, 4.43, 5.59, 14.65, 3.27, 11.87, 6.64, 6.07, 4.32], [1.47, 1.69, 3.78, 9.48, 3.08, 6.76, 6.21, 0.8, 3.66, 12.0, 12.74, 0.0, 8.16, 11.93, 6.22, 3.16, 11.0, 1.8, 7.68, 6.35, 9.69, 11.65, 15.83, 7.41, 7.38, 8.53, 1.49, 13.78, 15.3, 5.78, 7.76, 8.4, 2.65, 1.3, 2.85, 10.43, 7.45, 2.76, 6.82, 5.03, 9.6, 14.37, 4.67, 12.85, 18.53, 6.31, 6.1, 6.86, 4.39, 1.27, 12.64, 18.32, 13.3, 1.45, 4.06, 3.12, 7.22, 2.29, 0.0, 1.93, 16.9, 16.49, 2.86, 18.4, 2.68, 16.33, 0.99, 3.65, 7.34, 0.71, 12.56, 10.26, 0.0, 13.78, 24.56], [1.13, 3.3, 2.62, 6.22, 4.57, 2.91, 9.99, 2.88, 8.68, 5.85, 5.15, 4.87, 0.0, 2.1, 4.91, 1.86, 2.01, 3.56, 2.73, 6.59, 2.12, 0.98, 3.05, 2.64, 3.32, 6.61, 3.24, 7.73, 2.72, 1.38, 1.77, 4.55, 6.52, 5.28, 6.72, 5.88, 1.01, 8.18, 6.59, 4.29, 4.64, 5.46, 0.88, 3.99, 2.7, 7.29, 5.89, 1.52, 12.11, 0.65, 2.84, 0.95, 4.21, 5.49, 1.14, 6.06, 1.93, 8.8, 12.67, 2.89, 1.85, 5.37, 4.23, 4.38, 2.71, 1.62, 4.16, 7.09, 2.09, 2.69, 4.13, 1.96, 12.73, 8.3, 11.52], [9.53, 2.61, 9.53, 0.9, 12.27, 8.15, 11.56, 3.33, 14.87, 1.09, 5.2, 7.86, 1.71, 0.0, 15.06, 12.59, 6.0, 2.07, 9.81, 10.52, 1.56, 0.98, 5.45, 1.36, 5.64, 7.75, 6.62, 1.68, 8.06, 14.31, 4.7, 1.74, 3.36, 7.21, 12.61, 2.67, 8.77, 6.43, 6.46, 9.25, 2.4, 1.45, 1.57, 13.33, 4.31, 2.59, 6.39, 12.17, 17.84, 6.88, 0.96, 8.16, 0.57, 7.97, 6.39, 7.73, 12.83, 11.9, 5.2, 20.49, 6.8, 0.0, 16.3, 19.45, 2.22, 2.55, 6.29, 9.95, 13.62, 6.36, 2.19, 2.0, 14.92, 1.46, 10.37], [4.67, 4.93, 6.07, 2.79, 9.4, 1.96, 0.63, 5.32, 6.49, 10.38, 3.51, 10.88, 3.01, 12.07, 0.0, 2.16, 1.36, 11.66, 9.69, 3.2, 11.59, 9.25, 4.62, 7.6, 7.19, 2.14, 10.93, 2.04, 4.17, 5.52, 0.45, 5.6, 10.35, 1.74, 2.73, 5.18, 7.46, 1.71, 0.84, 2.12, 0.57, 4.41, 9.36, 1.16, 14.01, 4.02, 3.3, 4.85, 6.44, 2.84, 10.04, 3.79, 4.6, 5.31, 4.05, 7.99, 2.72, 3.14, 5.9, 2.93, 10.76, 15.38, 2.05, 7.15, 1.91, 1.06, 8.1, 3.58, 0.71, 3.45, 0.0, 1.78, 6.3, 1.85, 13.02], [3.58, 9.66, 1.71, 2.27, 5.63, 6.43, 4.0, 1.69, 1.53, 10.53, 3.02, 7.82, 8.01, 2.72, 1.39, 0.0, 10.79, 2.75, 5.03, 0.54, 4.12, 7.75, 13.87, 6.75, 12.49, 2.55, 1.84, 4.42, 4.12, 18.39, 3.11, 6.24, 13.63, 3.51, 2.06, 3.53, 4.1, 13.16, 0.52, 4.73, 0.75, 9.78, 1.66, 4.8, 17.65, 13.42, 2.92, 3.56, 9.88, 7.83, 7.62, 11.43, 7.43, 4.85, 2.76, 9.8, 3.82, 5.69, 5.92, 5.29, 10.04, 14.26, 1.01, 6.02, 7.91, 7.73, 3.4, 1.19, 1.29, 2.7, 3.11, 9.58, 5.63, 5.96, 19.04], [4.36, 1.23, 3.68, 2.04, 11.3, 4.18, 5.87, 3.79, 4.04, 4.58, 12.89, 7.45, 0.77, 5.33, 10.32, 9.9, 0.0, 0.57, 9.5, 4.16, 2.94, 0.88, 4.24, 3.24, 10.38, 4.66, 3.49, 4.64, 3.87, 3.44, 1.09, 0.9, 3.86, 1.66, 6.73, 4.91, 1.6, 4.06, 5.91, 1.53, 5.43, 1.8, 4.52, 8.76, 9.6, 3.38, 9.36, 8.72, 4.69, 1.7, 1.15, 8.17, 4.35, 1.69, 2.59, 4.45, 9.94, 3.51, 5.17, 12.8, 3.15, 4.94, 2.32, 15.64, 2.32, 7.81, 10.56, 10.94, 5.79, 1.26, 2.5, 2.48, 1.36, 6.33, 10.57], [3.31, 0.9, 4.01, 1.51, 7.8, 6.91, 2.05, 9.32, 3.66, 2.42, 4.3, 8.65, 5.67, 2.76, 10.44, 4.22, 2.52, 0.0, 11.89, 7.85, 4.87, 0.6, 6.57, 5.06, 9.42, 13.84, 12.11, 8.62, 3.12, 4.49, 4.34, 1.08, 2.19, 7.46, 3.88, 5.32, 0.85, 2.53, 13.07, 6.72, 6.72, 5.26, 2.05, 8.62, 1.5, 2.9, 14.31, 11.67, 7.42, 0.74, 6.5, 6.46, 4.89, 2.64, 4.35, 3.75, 3.28, 4.31, 1.7, 4.82, 5.54, 4.18, 11.2, 6.54, 4.77, 5.51, 2.26, 5.08, 3.99, 5.76, 13.5, 0.67, 1.99, 12.55, 11.6], [2.94, 7.68, 11.64, 2.45, 5.29, 12.02, 2.63, 16.85, 19.55, 5.0, 12.52, 17.54, 2.31, 2.33, 11.6, 5.31, 2.0, 12.96, 0.0, 16.62, 1.91, 4.29, 5.36, 8.53, 5.93, 13.09, 6.86, 2.62, 6.05, 3.5, 6.36, 13.55, 0.85, 15.86, 15.28, 10.89, 13.7, 1.91, 5.02, 4.83, 9.02, 7.4, 2.11, 11.88, 0.28, 0.83, 11.66, 12.03, 8.96, 8.08, 2.18, 0.62, 6.87, 14.32, 2.15, 2.5, 15.96, 15.71, 15.87, 9.64, 2.12, 9.85, 9.43, 2.4, 7.86, 5.46, 11.0, 4.41, 9.37, 5.14, 14.43, 10.34, 12.61, 0.71, 2.58], [3.79, 5.74, 2.38, 11.83, 6.7, 2.05, 0.43, 2.44, 2.99, 4.06, 6.63, 7.48, 7.47, 16.84, 3.26, 0.91, 3.81, 6.17, 7.16, 0.0, 8.41, 3.68, 10.79, 0.96, 4.73, 7.16, 3.89, 12.29, 8.28, 3.51, 2.64, 4.24, 11.76, 2.39, 1.59, 3.36, 3.26, 12.64, 3.76, 1.34, 4.02, 1.62, 9.83, 1.1, 4.04, 9.93, 10.28, 4.85, 3.85, 4.12, 1.7, 6.91, 9.72, 0.51, 3.15, 4.68, 4.12, 2.05, 1.68, 1.47, 3.53, 16.77, 3.9, 5.0, 3.99, 4.93, 6.7, 1.48, 1.7, 7.02, 3.85, 10.82, 3.31, 15.01, 7.79], [9.56, 1.23, 6.96, 2.82, 1.78, 2.34, 12.32, 17.94, 14.29, 7.05, 10.19, 18.63, 6.49, 3.56, 9.27, 15.5, 1.53, 6.39, 2.83, 5.57, 0.0, 7.34, 0.32, 9.68, 1.6, 10.92, 5.0, 2.97, 1.07, 2.64, 5.06, 7.22, 2.46, 3.24, 3.47, 6.53, 3.98, 5.68, 4.55, 4.33, 6.96, 6.56, 8.23, 8.97, 1.48, 1.64, 7.49, 7.8, 9.48, 6.14, 0.73, 0.22, 1.41, 8.98, 1.77, 0.71, 14.14, 4.91, 18.45, 14.71, 1.73, 6.23, 10.67, 3.73, 4.72, 12.03, 14.4, 16.95, 2.34, 3.83, 2.13, 1.94, 9.41, 4.0, 1.61], [6.55, 0.44, 0.98, 1.41, 3.83, 3.44, 2.57, 7.25, 4.44, 2.91, 11.33, 11.24, 0.71, 3.55, 3.13, 6.02, 0.11, 1.88, 1.4, 3.99, 7.85, 0.0, 6.75, 1.97, 4.42, 2.2, 2.79, 5.95, 5.49, 3.79, 9.91, 1.63, 3.08, 2.15, 1.5, 4.61, 1.16, 3.53, 8.3, 5.58, 8.51, 1.38, 2.54, 4.32, 10.33, 4.84, 9.73, 4.13, 9.84, 2.2, 3.04, 9.13, 5.69, 6.54, 0.78, 2.49, 14.71, 4.75, 9.06, 10.21, 2.28, 5.05, 7.74, 4.69, 5.44, 4.55, 8.19, 9.84, 2.45, 4.43, 12.52, 1.28, 3.06, 4.48, 3.3], [8.48, 7.37, 4.06, 5.59, 3.19, 3.95, 11.72, 10.33, 4.17, 4.52, 8.81, 14.98, 4.73, 5.63, 4.61, 12.15, 2.43, 5.35, 2.84, 4.07, 0.29, 3.04, 0.0, 8.6, 2.53, 5.45, 3.78, 2.64, 1.66, 4.31, 2.57, 7.58, 5.78, 5.68, 11.03, 7.54, 10.71, 1.14, 11.39, 3.36, 1.11, 3.62, 4.37, 5.65, 3.45, 4.54, 5.18, 1.53, 7.39, 7.27, 2.51, 1.18, 5.02, 1.95, 11.37, 1.14, 4.88, 1.65, 13.65, 11.83, 0.62, 3.58, 8.33, 8.71, 2.25, 7.54, 2.57, 9.77, 2.39, 9.43, 9.69, 7.59, 13.63, 1.69, 0.62], [1.19, 3.05, 0.39, 5.18, 8.87, 0.77, 7.43, 1.14, 4.03, 6.75, 11.93, 1.94, 3.44, 3.52, 1.75, 6.89, 1.72, 5.8, 16.07, 4.88, 11.43, 5.01, 9.16, 0.0, 11.3, 9.56, 6.74, 14.22, 7.83, 6.77, 1.56, 3.52, 9.49, 1.45, 0.8, 11.33, 1.43, 7.47, 1.51, 0.47, 4.11, 8.9, 5.62, 1.12, 9.61, 3.41, 2.73, 1.03, 4.53, 3.34, 1.93, 5.3, 8.59, 1.87, 0.43, 6.4, 8.4, 3.56, 6.13, 5.07, 1.48, 3.93, 3.16, 12.6, 2.84, 13.14, 3.5, 0.99, 6.37, 0.4, 8.82, 2.65, 6.63, 12.23, 3.29], [4.92, 13.8, 12.44, 13.88, 0.71, 3.83, 2.79, 14.95, 8.02, 5.68, 6.34, 6.11, 9.02, 5.97, 5.48, 17.54, 11.39, 4.41, 5.06, 6.08, 5.42, 9.02, 3.05, 3.61, 0.0, 2.51, 13.52, 7.38, 3.6, 0.53, 11.64, 5.14, 8.48, 12.46, 5.63, 5.58, 9.92, 4.27, 11.65, 10.85, 3.58, 0.67, 14.16, 3.12, 2.28, 11.75, 2.29, 7.86, 4.27, 9.73, 0.87, 4.89, 1.46, 15.3, 7.38, 5.22, 9.43, 4.42, 16.28, 5.1, 3.22, 11.55, 9.71, 11.19, 4.13, 8.29, 21.08, 14.26, 2.81, 4.25, 8.27, 8.76, 21.71, 1.88, 3.65], [6.97, 6.4, 6.71, 7.21, 3.71, 6.85, 1.25, 6.0, 8.76, 2.33, 1.13, 13.2, 8.16, 8.98, 2.11, 2.18, 9.04, 11.09, 14.38, 2.27, 10.9, 6.24, 9.36, 3.02, 4.99, 0.0, 7.17, 4.08, 8.19, 6.1, 0.87, 9.01, 14.47, 11.13, 4.93, 1.16, 7.06, 5.18, 3.46, 1.2, 2.66, 4.36, 16.41, 3.35, 3.89, 10.18, 5.32, 2.71, 4.92, 12.4, 10.58, 5.27, 14.59, 4.08, 7.16, 4.74, 1.54, 10.65, 9.43, 3.53, 7.79, 14.67, 0.78, 3.6, 5.68, 2.78, 12.34, 6.05, 1.64, 6.14, 2.75, 13.42, 3.02, 11.7, 13.67], [0.55, 14.54, 8.3, 8.35, 9.29, 10.14, 3.58, 3.48, 2.81, 7.71, 15.0, 2.55, 4.4, 9.53, 11.17, 1.15, 10.94, 7.49, 22.07, 3.65, 17.8, 1.94, 19.47, 1.8, 10.71, 10.08, 0.0, 14.31, 8.48, 4.11, 8.61, 10.63, 10.56, 2.93, 1.49, 9.47, 7.62, 4.84, 1.21, 6.96, 5.56, 16.77, 10.83, 10.89, 15.74, 15.14, 2.8, 5.14, 14.55, 5.73, 11.8, 20.74, 14.21, 4.48, 5.52, 2.8, 9.71, 1.09, 0.69, 14.48, 8.35, 14.26, 6.16, 8.51, 9.89, 9.42, 2.83, 6.01, 9.42, 7.63, 10.92, 13.13, 2.54, 4.6, 18.69], [19.14, 1.29, 10.55, 1.2, 5.33, 5.65, 18.77, 19.85, 6.65, 6.58, 3.51, 11.04, 7.9, 6.73, 16.54, 16.07, 10.37, 7.44, 2.57, 13.51, 1.96, 2.79, 2.36, 8.75, 2.75, 13.3, 16.37, 0.0, 3.1, 4.33, 4.24, 9.26, 2.73, 13.01, 6.39, 6.11, 1.53, 7.86, 15.21, 4.95, 11.07, 4.94, 9.7, 3.57, 2.75, 3.15, 1.41, 4.89, 7.05, 4.14, 0.71, 1.91, 1.32, 4.93, 11.79, 0.79, 5.99, 10.09, 19.98, 7.79, 3.86, 4.58, 2.08, 14.63, 3.01, 5.76, 13.3, 16.94, 3.14, 8.24, 9.94, 8.36, 20.85, 5.17, 4.79], [12.48, 8.71, 1.82, 7.72, 1.48, 3.01, 10.08, 7.29, 14.53, 7.13, 3.71, 7.13, 2.89, 3.42, 5.36, 11.6, 2.16, 2.5, 4.15, 2.6, 1.8, 8.21, 1.69, 5.7, 3.33, 8.05, 12.65, 6.26, 0.0, 2.46, 6.9, 3.94, 3.05, 1.76, 9.03, 5.96, 9.2, 1.95, 12.0, 2.44, 0.85, 2.96, 3.26, 3.61, 1.67, 7.07, 2.11, 1.52, 5.66, 7.72, 3.7, 4.11, 5.15, 2.44, 3.39, 2.48, 9.71, 4.8, 5.34, 8.57, 0.68, 8.19, 4.24, 7.65, 1.37, 1.32, 6.3, 7.69, 7.9, 10.93, 10.54, 12.15, 17.1, 5.43, 2.36], [15.54, 11.8, 1.82, 7.04, 2.39, 2.67, 14.69, 6.66, 3.58, 4.55, 14.46, 7.49, 6.6, 9.52, 10.95, 12.21, 11.0, 4.36, 0.98, 9.1, 1.15, 4.2, 4.5, 5.86, 1.9, 2.69, 23.25, 1.8, 2.56, 0.0, 4.16, 3.61, 2.92, 6.71, 17.97, 1.47, 3.66, 5.01, 8.74, 7.87, 12.49, 1.91, 13.5, 5.66, 3.03, 11.16, 6.15, 7.49, 3.12, 6.48, 4.14, 3.52, 6.15, 12.77, 13.72, 2.84, 9.41, 20.03, 11.64, 11.89, 1.3, 8.81, 6.97, 14.57, 1.58, 4.38, 22.3, 2.6, 12.72, 3.64, 3.79, 4.69, 21.58, 0.55, 1.1], [4.91, 9.99, 4.79, 3.03, 2.1, 3.13, 2.03, 1.87, 4.95, 5.79, 1.15, 4.54, 7.07, 8.04, 0.65, 2.12, 6.61, 3.23, 15.3, 4.49, 5.34, 10.23, 9.54, 4.01, 7.62, 0.46, 1.85, 7.3, 7.19, 13.02, 0.0, 10.07, 2.35, 6.49, 2.49, 5.53, 7.76, 5.95, 1.17, 6.13, 2.07, 7.35, 7.7, 5.05, 6.7, 14.06, 4.4, 1.79, 1.7, 5.41, 2.44, 13.63, 4.32, 7.25, 2.1, 11.02, 0.69, 1.7, 2.64, 5.57, 4.99, 14.01, 0.61, 0.88, 1.06, 3.02, 9.16, 2.13, 1.61, 1.48, 0.5, 1.97, 6.39, 6.11, 6.24], [5.62, 4.63, 3.96, 1.16, 14.67, 4.85, 4.57, 3.34, 7.98, 1.4, 4.8, 6.97, 4.52, 2.87, 6.09, 10.89, 2.98, 3.36, 12.58, 7.26, 8.42, 0.91, 6.93, 3.22, 11.51, 5.62, 2.32, 3.78, 4.69, 14.1, 7.32, 0.0, 9.08, 2.7, 3.23, 8.9, 0.36, 11.58, 6.11, 2.95, 7.25, 5.54, 1.11, 12.67, 10.2, 9.92, 4.22, 8.55, 13.44, 1.67, 6.34, 10.54, 9.0, 3.5, 4.68, 1.28, 2.08, 3.36, 6.73, 11.14, 11.18, 6.14, 2.26, 18.75, 1.22, 3.77, 5.89, 5.9, 9.59, 1.73, 4.84, 2.05, 0.95, 15.07, 15.26], [8.11, 4.12, 7.57, 2.66, 5.2, 1.19, 11.34, 4.41, 3.31, 2.31, 14.13, 16.54, 2.51, 2.77, 4.06, 8.03, 1.36, 3.24, 3.8, 14.53, 1.13, 1.19, 4.81, 4.84, 5.78, 9.39, 8.0, 1.63, 2.96, 7.55, 1.84, 9.82, 0.0, 6.1, 5.21, 8.77, 4.76, 7.57, 2.06, 6.08, 9.84, 1.06, 1.25, 2.34, 1.07, 0.81, 1.58, 6.42, 4.27, 7.19, 0.7, 4.25, 0.0, 9.04, 1.47, 1.8, 11.06, 7.06, 8.05, 17.11, 3.13, 4.0, 5.68, 5.72, 4.88, 3.07, 9.62, 12.79, 4.57, 11.48, 15.34, 1.06, 4.43, 2.77, 2.95], [1.17, 7.19, 0.56, 1.61, 10.44, 3.22, 1.55, 2.84, 2.36, 4.15, 1.63, 1.43, 4.76, 4.59, 8.0, 6.37, 6.29, 6.96, 12.83, 1.43, 5.69, 4.07, 1.7, 0.58, 17.5, 10.24, 0.73, 15.21, 1.43, 6.01, 8.14, 3.87, 9.29, 0.0, 3.34, 10.35, 1.54, 6.97, 8.62, 2.05, 1.04, 8.07, 5.09, 11.64, 3.53, 1.86, 1.76, 6.23, 15.36, 4.58, 9.39, 9.86, 5.03, 1.72, 0.45, 4.63, 4.93, 1.91, 3.8, 10.66, 7.5, 1.92, 1.68, 11.72, 4.62, 13.71, 3.45, 4.24, 0.96, 0.37, 5.13, 1.9, 2.86, 11.78, 17.09], [2.84, 7.23, 0.75, 7.05, 13.31, 5.15, 3.05, 0.13, 0.67, 5.49, 6.71, 3.78, 3.16, 15.21, 1.55, 1.72, 7.41, 10.46, 16.49, 0.45, 14.87, 8.73, 5.74, 4.31, 10.24, 3.26, 0.96, 4.46, 14.42, 11.15, 4.41, 9.21, 3.36, 2.92, 0.0, 6.02, 3.46, 4.86, 4.21, 2.59, 1.03, 11.69, 9.45, 3.72, 4.02, 10.22, 5.78, 7.53, 2.05, 9.52, 4.63, 4.64, 10.64, 1.15, 4.27, 3.85, 2.83, 2.72, 5.87, 1.71, 7.8, 9.88, 7.83, 2.79, 4.12, 1.42, 1.75, 0.75, 3.58, 4.64, 5.91, 2.81, 2.14, 14.98, 21.24], [11.56, 10.84, 6.47, 14.36, 0.65, 4.21, 5.01, 2.66, 2.99, 14.5, 3.28, 16.22, 4.27, 12.22, 6.59, 7.14, 2.12, 12.93, 5.77, 7.84, 6.02, 2.09, 4.99, 4.09, 1.08, 1.85, 16.92, 7.45, 0.84, 4.84, 5.72, 11.4, 13.41, 2.21, 10.9, 0.0, 1.35, 0.22, 5.59, 2.27, 5.19, 3.34, 9.1, 0.61, 3.33, 3.95, 0.38, 2.88, 3.85, 12.89, 5.8, 8.93, 5.0, 10.8, 2.15, 4.37, 4.51, 4.79, 3.06, 4.46, 0.8, 8.1, 1.37, 3.56, 3.27, 2.79, 2.77, 5.55, 1.11, 6.21, 3.48, 2.0, 9.08, 2.19, 3.69], [7.1, 4.78, 0.71, 1.1, 14.24, 4.26, 11.2, 7.01, 6.65, 5.97, 9.82, 2.7, 2.44, 7.36, 6.13, 8.01, 0.86, 1.8, 6.61, 6.29, 3.18, 1.38, 2.56, 1.77, 3.48, 8.25, 7.15, 6.25, 4.62, 5.93, 3.86, 2.17, 1.32, 2.81, 6.44, 4.83, 0.0, 6.07, 11.06, 0.88, 6.58, 2.48, 5.67, 1.97, 7.12, 1.61, 4.06, 7.32, 12.08, 0.37, 5.64, 2.73, 3.09, 2.65, 1.95, 1.66, 10.67, 1.77, 1.57, 10.56, 10.0, 5.47, 10.75, 9.67, 7.31, 13.87, 6.98, 1.1, 3.26, 1.08, 3.98, 1.65, 8.47, 2.35, 15.0], [11.56, 11.18, 3.57, 11.8, 3.16, 6.98, 3.42, 11.62, 11.25, 13.12, 6.17, 2.39, 5.75, 12.16, 2.45, 4.19, 4.92, 9.04, 1.27, 9.98, 4.48, 6.97, 3.6, 2.04, 2.94, 2.91, 18.69, 1.4, 4.56, 7.06, 7.18, 7.29, 3.75, 15.22, 14.64, 0.94, 9.32, 0.0, 6.86, 10.5, 2.13, 1.64, 7.22, 2.98, 6.98, 3.9, 0.8, 4.08, 1.32, 2.81, 8.86, 5.74, 6.67, 11.97, 8.57, 7.1, 4.48, 8.55, 5.41, 1.35, 0.79, 3.41, 4.72, 2.69, 2.97, 3.32, 14.79, 8.07, 5.86, 12.53, 6.01, 16.5, 15.43, 4.32, 2.2], [0.95, 7.25, 2.62, 12.96, 2.36, 4.75, 0.0, 3.63, 4.64, 7.82, 1.47, 7.29, 6.81, 14.57, 1.01, 3.98, 3.93, 10.75, 3.33, 3.02, 13.55, 12.04, 8.94, 7.97, 6.72, 2.32, 6.23, 9.75, 10.61, 16.69, 1.3, 5.06, 16.18, 2.66, 5.07, 1.88, 10.57, 6.57, 0.0, 6.7, 3.81, 8.47, 17.23, 4.6, 15.82, 15.87, 2.18, 4.39, 3.62, 8.19, 7.37, 2.32, 13.23, 6.31, 2.81, 6.37, 3.91, 3.25, 7.22, 5.97, 5.12, 18.88, 3.63, 7.37, 7.03, 1.64, 4.68, 1.19, 1.89, 2.89, 0.26, 3.77, 8.07, 9.79, 11.3], [1.05, 3.1, 0.38, 5.69, 5.11, 1.33, 6.17, 0.99, 1.9, 5.45, 10.22, 3.37, 1.05, 2.94, 8.28, 3.94, 2.83, 5.34, 3.32, 2.71, 4.63, 3.4, 4.19, 0.34, 15.54, 4.04, 3.58, 10.8, 10.82, 1.91, 7.53, 0.94, 7.69, 1.1, 1.98, 4.43, 1.1, 10.55, 2.15, 0.0, 2.0, 5.12, 1.86, 6.29, 6.84, 2.88, 11.87, 5.74, 9.97, 5.06, 4.14, 1.98, 10.84, 1.0, 1.41, 6.44, 6.54, 4.03, 6.21, 8.8, 2.76, 5.1, 5.13, 14.65, 6.56, 7.33, 4.31, 4.02, 1.41, 0.63, 4.26, 5.01, 1.68, 4.61, 4.98], [7.42, 7.28, 3.87, 3.97, 8.51, 2.34, 2.22, 6.19, 5.59, 7.52, 2.16, 7.93, 2.36, 13.81, 2.2, 5.56, 4.78, 1.43, 10.7, 2.07, 11.32, 0.95, 1.82, 1.76, 11.15, 1.27, 9.89, 11.71, 3.52, 8.12, 1.57, 9.39, 2.8, 1.62, 3.06, 1.96, 5.45, 0.88, 0.85, 3.83, 0.0, 5.05, 7.19, 3.04, 8.69, 6.92, 4.25, 3.13, 7.82, 2.44, 5.55, 10.0, 10.88, 4.56, 2.64, 3.92, 6.88, 7.43, 4.25, 6.32, 2.71, 5.55, 3.2, 1.81, 2.91, 4.51, 7.1, 4.63, 1.78, 1.2, 3.97, 2.89, 5.5, 12.5, 13.85], [9.2, 9.98, 1.34, 9.88, 3.45, 3.32, 9.81, 2.17, 12.47, 12.38, 1.53, 12.07, 4.49, 9.63, 5.99, 6.41, 1.37, 7.7, 6.54, 6.61, 1.85, 5.04, 1.45, 6.83, 0.62, 4.25, 9.41, 5.21, 3.0, 4.43, 3.09, 6.21, 3.08, 2.93, 12.8, 0.41, 7.45, 0.98, 4.03, 8.76, 1.28, 0.0, 13.24, 1.28, 4.26, 5.24, 0.83, 2.7, 2.42, 8.86, 3.92, 4.74, 7.26, 3.82, 4.92, 0.88, 1.42, 3.3, 10.45, 1.41, 0.53, 8.09, 4.71, 5.93, 0.85, 6.91, 10.65, 2.52, 7.2, 5.0, 1.62, 2.81, 2.2, 1.09, 5.33], [2.56, 2.45, 4.7, 2.96, 8.45, 5.85, 8.61, 12.49, 12.98, 1.26, 4.29, 4.65, 8.17, 3.23, 14.67, 15.3, 3.49, 1.17, 10.94, 8.85, 5.0, 1.01, 6.69, 2.3, 5.97, 4.9, 7.05, 10.33, 11.7, 6.21, 5.88, 0.81, 4.65, 9.82, 7.83, 6.77, 6.29, 9.99, 4.09, 8.95, 3.45, 3.02, 0.0, 6.01, 13.48, 4.61, 2.32, 10.9, 14.34, 3.5, 1.15, 6.06, 6.71, 5.16, 2.5, 8.45, 3.99, 6.89, 11.28, 20.05, 8.13, 0.87, 3.41, 13.88, 4.68, 9.72, 1.8, 9.8, 9.53, 7.44, 8.1, 1.03, 8.35, 11.07, 9.55], [5.41, 8.82, 2.68, 7.25, 4.56, 2.75, 2.54, 2.62, 5.01, 12.68, 2.87, 5.12, 1.43, 7.99, 1.03, 8.04, 2.72, 6.37, 10.36, 2.04, 8.27, 6.92, 2.53, 6.28, 6.23, 2.32, 10.06, 4.94, 1.22, 7.49, 0.94, 8.25, 9.41, 2.96, 4.32, 2.09, 10.63, 0.61, 7.87, 7.2, 2.69, 1.96, 6.37, 0.0, 5.64, 3.46, 1.86, 1.04, 2.38, 10.03, 4.17, 8.47, 9.4, 7.58, 1.15, 1.31, 1.99, 4.4, 6.33, 1.07, 4.94, 11.29, 2.68, 1.86, 1.67, 4.69, 12.47, 3.98, 3.75, 9.47, 1.29, 10.69, 8.64, 9.03, 1.28], [2.78, 6.99, 11.73, 1.63, 1.97, 1.53, 2.68, 7.64, 13.92, 5.93, 8.39, 21.92, 5.06, 8.05, 12.18, 18.13, 8.59, 11.35, 1.12, 4.57, 1.01, 10.78, 3.46, 3.71, 0.74, 13.66, 3.44, 1.8, 1.0, 1.5, 14.33, 5.85, 4.83, 15.98, 6.2, 9.16, 11.86, 7.09, 14.53, 14.51, 4.79, 2.16, 12.72, 5.71, 0.0, 5.52, 3.06, 9.02, 8.72, 2.33, 4.96, 0.5, 4.35, 12.83, 2.47, 1.48, 5.54, 17.95, 7.84, 13.71, 2.59, 3.75, 13.79, 16.82, 6.79, 5.02, 17.34, 7.89, 4.34, 15.85, 7.72, 9.5, 9.03, 2.26, 1.23], [10.87, 3.38, 7.5, 1.77, 9.42, 10.61, 2.51, 16.05, 5.09, 0.49, 17.17, 7.91, 2.28, 1.31, 15.25, 4.21, 6.05, 1.82, 5.13, 3.24, 3.78, 3.28, 1.02, 9.17, 6.3, 3.46, 9.3, 4.17, 3.14, 5.47, 8.81, 4.47, 0.66, 10.32, 7.42, 3.5, 6.74, 11.88, 3.08, 8.99, 9.39, 3.13, 4.71, 12.38, 7.41, 0.0, 3.67, 9.43, 11.31, 7.55, 4.89, 2.39, 1.22, 8.97, 3.81, 1.81, 20.88, 14.7, 8.65, 11.08, 3.93, 1.89, 11.66, 18.25, 1.51, 14.75, 17.41, 5.28, 5.13, 6.28, 4.79, 4.67, 15.13, 2.58, 8.55], [9.77, 8.71, 9.34, 14.93, 2.09, 2.1, 5.17, 14.92, 9.2, 14.03, 4.73, 11.09, 7.58, 15.3, 5.93, 9.25, 11.18, 14.33, 7.44, 9.28, 4.24, 8.44, 4.13, 5.63, 3.2, 1.16, 7.76, 6.08, 3.98, 7.48, 3.12, 3.69, 5.3, 10.05, 2.71, 1.17, 12.64, 0.87, 2.42, 10.55, 7.17, 1.11, 9.82, 1.25, 4.94, 7.07, 0.0, 2.33, 4.84, 5.34, 4.92, 1.21, 13.34, 6.58, 1.34, 7.19, 6.66, 13.53, 9.94, 2.27, 3.16, 5.8, 3.89, 3.13, 3.46, 2.17, 12.43, 5.87, 6.72, 13.9, 1.04, 11.51, 6.82, 4.62, 9.9], [1.57, 5.02, 8.0, 5.79, 2.0, 1.17, 4.19, 10.24, 3.07, 8.24, 0.71, 7.41, 1.04, 5.69, 5.03, 4.6, 7.71, 7.46, 4.58, 7.18, 4.82, 3.38, 3.34, 5.96, 4.85, 1.89, 2.34, 1.79, 4.21, 6.96, 3.76, 12.46, 5.48, 5.5, 8.09, 0.46, 4.23, 3.83, 3.88, 6.38, 1.33, 1.13, 8.67, 0.56, 4.08, 11.27, 3.87, 0.0, 0.8, 6.9, 1.08, 7.97, 4.79, 1.53, 3.75, 3.04, 3.78, 10.73, 8.46, 1.37, 0.99, 11.0, 1.9, 3.11, 1.57, 1.36, 8.89, 1.45, 3.4, 4.53, 2.37, 13.37, 2.59, 6.19, 7.32], [14.78, 11.7, 7.9, 13.42, 4.41, 7.36, 7.3, 2.39, 2.83, 2.34, 1.66, 3.03, 12.69, 19.26, 4.61, 6.83, 5.29, 14.53, 9.83, 6.95, 4.75, 9.08, 13.42, 14.12, 11.65, 2.29, 6.42, 11.69, 8.85, 6.78, 4.46, 2.97, 7.49, 12.96, 9.82, 0.99, 8.09, 2.57, 4.06, 4.98, 3.76, 5.03, 20.4, 2.65, 13.18, 10.26, 0.9, 4.36, 0.0, 17.43, 9.17, 15.84, 9.34, 3.48, 1.7, 15.14, 1.81, 12.12, 18.61, 0.46, 12.05, 12.02, 2.45, 0.61, 8.93, 1.01, 7.86, 5.82, 6.3, 10.96, 3.14, 12.61, 16.73, 3.73, 15.49], [5.21, 2.39, 2.57, 2.83, 2.81, 3.35, 6.04, 1.43, 2.08, 3.97, 2.78, 7.07, 3.68, 1.03, 6.79, 2.1, 0.7, 0.77, 9.88, 3.84, 10.52, 1.18, 3.47, 2.51, 2.94, 5.64, 11.5, 6.37, 5.06, 3.12, 4.51, 1.36, 7.23, 2.55, 8.41, 1.4, 1.08, 4.0, 4.68, 2.64, 5.93, 8.35, 1.45, 9.24, 6.79, 4.46, 6.65, 8.69, 5.67, 0.0, 7.02, 8.08, 2.01, 1.03, 3.92, 6.66, 17.0, 1.21, 6.52, 13.03, 4.71, 0.83, 6.47, 14.24, 10.03, 5.19, 3.89, 11.46, 6.36, 3.32, 8.19, 2.59, 9.08, 1.76, 15.95], [11.33, 3.05, 7.54, 0.63, 5.94, 6.09, 5.27, 9.75, 2.33, 4.44, 7.93, 16.08, 2.3, 1.64, 7.78, 4.86, 5.39, 1.31, 6.43, 3.61, 2.41, 1.1, 2.36, 6.53, 1.74, 4.59, 16.97, 0.66, 2.11, 7.15, 7.24, 3.47, 1.71, 1.86, 2.56, 1.15, 7.09, 7.83, 8.56, 5.88, 8.78, 0.69, 0.98, 6.2, 5.4, 2.87, 3.79, 2.46, 4.95, 1.24, 0.0, 1.44, 2.48, 3.71, 9.52, 1.64, 8.16, 6.59, 7.76, 4.13, 2.29, 7.02, 10.4, 14.01, 0.77, 2.74, 13.29, 11.53, 10.31, 8.03, 6.36, 8.83, 5.55, 6.85, 4.53], [6.98, 8.35, 4.39, 6.44, 5.57, 11.56, 2.7, 15.06, 10.87, 4.12, 14.41, 7.85, 2.57, 6.71, 5.81, 16.04, 6.42, 1.77, 0.78, 3.77, 1.18, 4.76, 1.72, 11.59, 4.89, 11.61, 5.03, 1.75, 1.74, 2.99, 8.85, 11.31, 5.54, 9.94, 10.34, 8.9, 6.94, 9.14, 4.46, 3.02, 1.28, 7.31, 6.9, 4.79, 0.57, 2.39, 8.01, 5.31, 14.64, 3.4, 0.89, 0.0, 2.7, 7.81, 2.22, 2.68, 4.67, 6.79, 8.27, 8.54, 0.78, 7.43, 7.85, 16.09, 4.17, 8.79, 11.56, 10.61, 1.79, 8.24, 4.23, 4.04, 4.05, 2.28, 3.13], [3.43, 0.98, 9.53, 2.01, 3.5, 9.42, 10.93, 12.36, 12.09, 4.39, 18.29, 3.94, 1.96, 2.76, 3.26, 1.9, 3.25, 2.58, 0.9, 6.36, 0.98, 3.45, 0.68, 9.01, 7.09, 4.15, 3.5, 2.6, 1.05, 2.29, 7.21, 4.71, 0.0, 6.75, 10.0, 2.61, 7.25, 5.42, 6.67, 9.95, 6.17, 3.88, 2.5, 11.52, 4.13, 0.16, 10.15, 6.86, 12.76, 2.65, 1.05, 5.28, 0.0, 11.36, 3.86, 4.43, 19.21, 8.55, 6.86, 15.53, 5.17, 2.37, 7.9, 11.96, 1.38, 9.46, 8.92, 15.59, 2.65, 5.6, 10.6, 4.54, 6.87, 2.53, 2.41], [2.22, 8.16, 0.5, 1.55, 6.52, 0.38, 5.06, 0.82, 0.99, 2.11, 7.29, 4.52, 2.3, 12.86, 1.17, 1.78, 4.13, 2.29, 2.93, 3.36, 3.37, 0.88, 9.92, 1.76, 10.61, 6.24, 0.75, 7.95, 6.11, 10.46, 3.59, 1.7, 7.66, 1.85, 1.19, 2.09, 3.57, 11.01, 4.0, 0.73, 1.01, 5.93, 7.93, 6.79, 12.62, 12.44, 11.29, 7.63, 11.54, 5.69, 9.75, 4.18, 8.45, 0.0, 0.76, 10.28, 4.85, 2.7, 4.58, 6.85, 1.19, 10.75, 8.2, 3.31, 5.73, 5.36, 1.17, 0.68, 1.63, 2.23, 0.95, 5.52, 1.55, 8.74, 17.72], [0.77, 3.03, 1.08, 7.32, 5.08, 1.9, 2.46, 2.4, 1.52, 3.13, 4.22, 2.1, 2.63, 10.63, 4.79, 3.27, 1.54, 4.8, 10.05, 0.42, 6.27, 2.78, 11.1, 0.69, 12.98, 4.15, 3.89, 14.94, 9.2, 13.19, 5.67, 1.94, 7.43, 0.51, 1.97, 4.7, 1.38, 1.86, 1.92, 1.96, 0.42, 5.49, 5.33, 3.58, 7.61, 11.51, 9.69, 0.74, 7.64, 4.37, 4.28, 13.16, 6.41, 1.43, 0.0, 10.26, 2.79, 5.94, 6.95, 2.03, 7.39, 2.77, 3.23, 4.67, 1.11, 1.92, 3.07, 1.62, 3.4, 4.28, 4.88, 8.68, 7.67, 8.57, 1.99], [14.67, 7.57, 10.18, 5.46, 5.34, 8.28, 11.29, 5.94, 12.42, 4.44, 8.8, 7.51, 3.43, 1.08, 3.37, 7.12, 0.88, 7.04, 1.76, 3.72, 0.66, 6.7, 0.34, 4.18, 1.9, 2.67, 11.86, 0.74, 2.8, 3.47, 6.54, 9.89, 1.4, 4.57, 15.52, 1.34, 6.57, 7.88, 10.61, 2.12, 7.77, 2.28, 8.15, 3.5, 0.87, 3.3, 9.01, 4.47, 4.82, 1.79, 1.08, 1.85, 4.24, 6.15, 10.07, 0.0, 8.02, 11.01, 13.58, 2.9, 2.9, 2.38, 8.07, 12.86, 5.49, 5.54, 10.73, 6.18, 2.66, 12.17, 3.63, 6.1, 17.95, 5.02, 1.73], [14.1, 10.61, 7.2, 19.18, 12.74, 10.79, 6.39, 6.27, 7.04, 11.64, 0.39, 2.74, 10.89, 4.05, 3.08, 4.87, 7.59, 9.17, 6.18, 9.47, 5.94, 1.85, 9.3, 9.94, 12.62, 5.04, 3.58, 2.3, 9.87, 6.97, 5.09, 12.85, 10.81, 16.13, 3.08, 2.44, 14.25, 4.18, 0.98, 1.77, 2.08, 8.23, 14.56, 3.21, 3.49, 13.87, 0.81, 3.74, 1.29, 14.55, 7.86, 8.22, 9.32, 7.55, 10.01, 3.02, 0.0, 3.21, 4.34, 0.91, 10.92, 7.96, 1.05, 0.17, 1.96, 1.1, 10.73, 7.83, 2.73, 14.16, 3.25, 6.45, 2.8, 11.98, 4.46], [2.4, 9.1, 3.26, 7.75, 13.4, 4.51, 4.78, 4.62, 3.35, 6.08, 1.72, 2.39, 8.06, 3.97, 8.0, 3.84, 6.8, 6.94, 13.61, 6.16, 8.88, 1.41, 3.43, 1.22, 17.48, 2.12, 0.74, 8.49, 9.74, 12.87, 11.13, 4.45, 10.2, 1.18, 5.04, 4.83, 2.79, 16.27, 7.02, 3.27, 2.88, 8.88, 9.97, 13.52, 18.32, 5.24, 16.13, 3.44, 12.27, 4.12, 5.55, 4.38, 12.78, 2.7, 3.73, 11.63, 14.43, 0.0, 1.03, 3.02, 2.76, 7.65, 13.31, 10.99, 11.38, 8.48, 1.59, 4.78, 8.21, 2.4, 4.29, 7.56, 2.38, 20.26, 21.4], [0.97, 7.0, 6.18, 10.06, 14.14, 5.43, 5.24, 4.84, 2.38, 10.77, 10.21, 0.0, 4.47, 13.07, 5.57, 6.17, 4.97, 9.66, 22.66, 1.66, 18.59, 2.02, 9.01, 6.41, 22.51, 6.1, 2.83, 3.39, 12.46, 6.8, 3.61, 1.77, 7.71, 3.95, 3.06, 15.9, 2.95, 10.04, 5.01, 1.3, 9.63, 2.56, 7.82, 5.92, 7.16, 7.0, 14.13, 11.32, 15.96, 4.27, 8.22, 7.48, 17.4, 1.8, 1.64, 10.88, 12.78, 2.0, 0.0, 16.31, 3.47, 5.62, 12.36, 4.78, 16.34, 15.75, 0.75, 8.1, 5.77, 1.24, 5.1, 10.49, 0.0, 10.68, 23.25], [3.42, 17.91, 12.22, 17.84, 7.57, 8.66, 4.47, 6.93, 4.63, 16.46, 0.36, 5.1, 9.58, 10.24, 2.29, 4.49, 10.05, 9.68, 15.83, 5.37, 10.88, 10.74, 3.71, 2.89, 11.5, 1.56, 2.05, 13.14, 10.27, 12.45, 2.52, 11.95, 3.68, 7.33, 7.62, 3.87, 9.43, 6.21, 4.12, 6.69, 2.95, 2.06, 17.38, 4.35, 13.68, 15.29, 3.76, 3.53, 0.62, 11.61, 10.96, 5.39, 12.27, 7.79, 4.34, 7.49, 0.75, 2.48, 9.47, 0.0, 4.09, 12.48, 1.09, 2.07, 7.89, 0.39, 5.55, 10.05, 7.26, 9.38, 4.19, 8.23, 8.4, 8.05, 13.37], [4.15, 6.71, 3.09, 3.8, 2.0, 5.27, 1.99, 5.77, 1.88, 7.73, 1.79, 6.03, 3.71, 6.78, 9.53, 10.94, 4.43, 4.31, 6.55, 8.97, 3.3, 5.36, 1.02, 1.4, 4.45, 6.71, 7.85, 2.6, 0.4, 0.88, 5.36, 10.55, 7.06, 10.8, 2.91, 4.47, 9.5, 3.17, 3.8, 6.77, 7.24, 1.0, 1.51, 2.04, 1.13, 7.11, 2.88, 1.44, 4.55, 2.07, 3.18, 0.72, 6.78, 10.12, 7.49, 1.03, 6.33, 7.36, 11.82, 3.79, 0.0, 3.37, 8.3, 3.02, 2.31, 7.07, 2.9, 1.49, 5.44, 6.69, 6.38, 9.97, 14.45, 1.08, 6.13], [5.99, 3.16, 9.3, 1.09, 12.35, 9.79, 8.18, 11.31, 11.92, 0.39, 3.16, 13.39, 6.82, 0.0, 8.34, 15.41, 2.98, 1.78, 2.11, 10.11, 2.19, 6.08, 3.94, 9.99, 7.58, 12.12, 14.69, 3.28, 2.73, 9.13, 7.57, 1.19, 1.69, 13.02, 4.0, 12.96, 1.84, 2.87, 9.7, 3.02, 5.4, 13.44, 3.57, 7.97, 6.83, 1.84, 8.85, 7.01, 5.3, 4.75, 6.09, 5.95, 3.9, 5.4, 4.33, 1.26, 22.53, 11.45, 7.44, 15.5, 8.8, 0.0, 10.29, 4.33, 11.13, 2.65, 1.99, 6.74, 14.21, 1.37, 2.55, 3.7, 9.38, 10.37, 12.49], [10.36, 11.71, 6.65, 10.3, 6.75, 7.97, 4.52, 3.67, 1.62, 7.17, 1.85, 9.81, 2.22, 12.52, 2.9, 7.24, 2.37, 5.04, 11.43, 1.64, 12.21, 2.77, 3.23, 9.67, 5.36, 1.15, 12.87, 16.18, 5.99, 3.93, 0.64, 3.16, 9.88, 3.51, 2.64, 1.72, 4.39, 1.55, 4.61, 11.0, 3.71, 0.94, 8.87, 2.05, 6.43, 2.39, 1.17, 3.59, 1.62, 9.56, 10.0, 3.85, 8.0, 6.26, 2.37, 4.97, 3.64, 11.06, 2.78, 2.58, 8.32, 3.2, 0.0, 3.48, 0.78, 2.16, 13.54, 3.85, 2.16, 1.93, 2.47, 16.95, 12.37, 2.93, 9.75], [16.6, 10.77, 9.45, 13.38, 6.17, 12.72, 3.78, 2.47, 8.33, 22.07, 0.48, 14.94, 10.87, 18.99, 2.2, 10.16, 16.59, 5.43, 12.32, 2.18, 8.46, 14.27, 5.35, 15.92, 13.41, 2.32, 9.04, 16.43, 10.51, 2.74, 5.74, 4.56, 3.19, 15.13, 8.7, 6.59, 12.6, 1.43, 2.51, 6.93, 8.27, 3.5, 6.65, 5.12, 7.25, 21.62, 7.35, 4.85, 1.73, 15.58, 4.8, 16.46, 5.59, 10.19, 13.17, 16.88, 0.32, 8.48, 6.2, 1.95, 4.6, 13.77, 1.09, 0.0, 8.37, 2.38, 14.92, 8.8, 5.57, 10.8, 4.32, 19.04, 14.83, 4.08, 9.51], [13.08, 5.99, 2.32, 8.81, 4.57, 5.03, 1.49, 6.12, 1.56, 3.09, 3.92, 11.31, 1.55, 5.29, 5.71, 9.86, 3.62, 6.61, 6.16, 4.93, 4.6, 1.23, 1.11, 4.08, 3.78, 0.78, 3.26, 5.47, 2.45, 6.71, 5.29, 8.52, 9.27, 7.82, 10.95, 1.27, 9.31, 0.5, 3.37, 8.43, 3.27, 0.87, 4.09, 2.08, 4.18, 10.36, 2.59, 2.99, 2.19, 7.23, 4.5, 2.11, 8.16, 3.85, 3.93, 1.41, 7.64, 9.64, 6.03, 7.39, 2.12, 11.11, 4.45, 1.79, 0.0, 1.27, 1.9, 10.62, 6.84, 2.29, 6.28, 10.42, 13.55, 7.21, 1.5], [9.38, 10.72, 7.09, 7.55, 3.46, 5.4, 5.42, 12.55, 3.76, 8.08, 2.38, 10.21, 2.13, 8.55, 1.31, 10.36, 7.63, 1.95, 9.36, 7.87, 11.0, 8.65, 6.1, 4.82, 5.88, 1.36, 2.71, 14.8, 3.03, 9.71, 2.16, 12.86, 12.79, 2.75, 9.97, 1.5, 12.73, 0.94, 5.31, 7.26, 5.4, 4.06, 4.39, 1.4, 6.47, 14.07, 2.24, 4.15, 0.59, 13.25, 1.4, 8.89, 6.27, 12.3, 2.44, 12.26, 0.95, 15.07, 15.19, 0.32, 8.02, 15.63, 0.3, 1.45, 1.27, 0.0, 11.97, 5.37, 2.32, 14.02, 4.28, 17.9, 12.32, 11.35, 10.29], [1.92, 10.13, 4.93, 2.67, 6.07, 3.09, 9.77, 0.96, 3.81, 8.22, 2.28, 0.75, 11.69, 7.1, 2.14, 4.22, 3.45, 3.54, 22.06, 4.31, 17.08, 7.99, 7.25, 2.34, 20.82, 13.37, 1.79, 8.87, 17.58, 15.56, 9.03, 5.9, 14.48, 0.78, 4.75, 13.74, 7.93, 14.19, 8.73, 6.1, 5.95, 10.27, 2.89, 3.4, 4.6, 16.17, 17.64, 5.43, 3.65, 3.74, 13.35, 2.15, 16.68, 2.92, 1.18, 6.25, 11.98, 0.86, 0.43, 14.99, 17.09, 13.04, 10.36, 14.15, 2.6, 14.05, 0.0, 7.7, 8.12, 0.75, 4.65, 9.98, 0.26, 8.06, 3.97], [6.7, 5.08, 1.58, 15.33, 10.25, 7.09, 2.07, 4.06, 1.64, 11.29, 7.09, 3.16, 9.37, 15.33, 0.49, 0.44, 1.95, 7.2, 14.58, 0.52, 11.8, 9.69, 12.6, 4.32, 13.73, 7.12, 1.41, 5.75, 3.99, 8.56, 2.81, 5.33, 7.71, 7.79, 3.25, 4.43, 7.85, 5.38, 2.32, 3.95, 6.66, 4.81, 10.21, 3.29, 9.7, 7.84, 4.06, 2.99, 9.74, 11.75, 10.51, 15.02, 5.24, 3.2, 1.14, 11.39, 5.52, 8.06, 8.25, 9.45, 4.39, 18.9, 8.82, 8.63, 5.43, 2.36, 1.97, 0.0, 3.85, 6.15, 3.0, 13.54, 6.16, 17.43, 18.53], [7.29, 7.23, 2.75, 12.68, 7.47, 1.52, 2.3, 0.74, 3.53, 1.84, 4.38, 5.93, 3.11, 8.77, 1.0, 3.68, 2.36, 11.6, 8.64, 1.21, 13.2, 8.97, 2.94, 0.96, 7.65, 2.14, 8.59, 5.38, 1.04, 6.18, 0.64, 6.79, 12.96, 6.83, 4.28, 7.52, 6.2, 9.32, 1.84, 5.06, 1.84, 1.17, 11.84, 6.0, 11.3, 4.01, 1.68, 0.52, 3.85, 4.24, 1.44, 10.16, 11.16, 4.89, 0.94, 10.88, 0.95, 8.74, 4.11, 7.28, 9.13, 15.79, 5.84, 9.41, 3.93, 5.81, 5.62, 3.97, 0.0, 6.3, 2.22, 12.24, 9.57, 1.86, 12.78], [1.98, 7.12, 1.48, 1.3, 12.74, 0.79, 2.7, 4.89, 1.39, 6.08, 3.12, 1.49, 6.62, 5.49, 4.21, 1.72, 3.5, 4.01, 17.52, 4.32, 9.25, 1.71, 11.43, 1.68, 13.7, 11.23, 4.91, 5.84, 5.59, 5.56, 8.85, 1.1, 3.42, 0.91, 1.16, 10.59, 1.68, 3.34, 8.99, 1.55, 6.61, 5.8, 3.6, 11.11, 11.9, 2.48, 14.74, 9.02, 5.2, 0.48, 5.61, 6.11, 10.99, 2.13, 4.3, 9.15, 7.82, 1.69, 5.1, 6.63, 10.56, 7.28, 7.07, 17.52, 7.43, 14.98, 4.12, 7.6, 7.72, 0.0, 4.92, 5.09, 5.84, 16.16, 2.82], [2.15, 14.19, 6.15, 5.98, 6.03, 6.45, 0.52, 4.34, 2.27, 2.56, 3.32, 12.36, 2.72, 10.35, 0.0, 3.47, 8.84, 5.18, 7.5, 3.66, 6.66, 3.52, 12.16, 6.18, 6.62, 1.67, 7.12, 4.27, 4.03, 7.52, 0.67, 2.71, 4.6, 8.95, 2.09, 4.24, 8.43, 5.13, 0.51, 8.52, 1.08, 1.71, 9.36, 4.32, 5.32, 8.7, 1.61, 2.69, 3.35, 5.94, 10.83, 4.89, 6.43, 3.21, 3.41, 9.79, 2.81, 7.44, 9.57, 4.28, 4.87, 8.63, 3.05, 5.42, 2.89, 4.88, 11.92, 0.93, 0.84, 1.63, 0.0, 7.24, 6.07, 14.68, 4.18], [2.91, 1.47, 4.44, 1.54, 14.85, 3.76, 7.98, 3.82, 5.72, 0.6, 5.25, 6.79, 4.02, 4.9, 2.3, 8.56, 1.85, 0.3, 5.9, 9.36, 6.51, 0.98, 8.46, 6.24, 14.65, 4.64, 3.4, 6.05, 11.5, 15.89, 13.13, 1.78, 6.12, 1.71, 7.64, 10.64, 3.61, 12.94, 12.61, 6.48, 5.77, 3.98, 1.65, 9.55, 3.48, 4.36, 7.26, 4.3, 17.97, 1.52, 3.56, 6.96, 6.4, 3.15, 7.78, 4.29, 11.19, 3.47, 9.03, 3.87, 3.21, 2.01, 13.75, 21.86, 11.86, 13.22, 11.06, 12.29, 12.41, 5.6, 2.83, 0.0, 3.92, 1.91, 14.24], [1.77, 11.76, 3.49, 9.29, 11.2, 9.79, 8.1, 4.54, 4.87, 14.64, 7.12, 0.0, 2.34, 9.35, 9.51, 1.2, 4.02, 7.68, 14.37, 0.85, 4.27, 7.44, 10.49, 4.67, 4.29, 9.88, 2.73, 15.24, 11.44, 19.47, 5.14, 2.13, 5.55, 2.64, 4.34, 3.56, 5.19, 13.45, 2.4, 4.71, 7.82, 2.77, 7.48, 3.3, 17.75, 18.1, 2.92, 4.94, 19.48, 9.88, 14.41, 12.4, 3.99, 5.52, 4.49, 4.74, 17.2, 1.5, 0.0, 15.67, 9.94, 2.16, 8.06, 4.36, 4.07, 16.25, 0.52, 8.13, 8.56, 4.02, 3.76, 7.62, 0.0, 12.8, 22.68], [8.92, 5.94, 12.57, 8.76, 2.93, 8.49, 6.8, 18.01, 6.42, 9.12, 8.12, 7.07, 4.9, 6.28, 14.49, 5.61, 10.68, 13.97, 2.42, 19.32, 0.61, 12.63, 1.5, 7.77, 0.97, 2.06, 3.14, 3.47, 2.53, 1.11, 9.05, 17.67, 5.4, 12.87, 4.8, 9.47, 8.99, 5.86, 18.52, 6.53, 5.43, 1.88, 13.0, 7.41, 2.56, 7.49, 3.82, 2.2, 8.0, 2.81, 3.16, 1.06, 3.12, 18.02, 7.02, 2.22, 13.12, 6.13, 9.42, 15.02, 4.62, 11.1, 1.66, 8.59, 7.09, 12.42, 17.18, 10.35, 4.02, 15.67, 11.81, 8.13, 9.71, 0.0, 0.0], [2.49, 3.26, 4.64, 5.35, 1.0, 11.94, 13.94, 18.78, 8.28, 7.94, 2.87, 4.38, 9.94, 5.3, 8.97, 16.3, 8.22, 13.25, 1.33, 11.1, 4.92, 2.34, 3.43, 6.3, 3.13, 2.63, 20.55, 5.46, 4.85, 1.15, 8.71, 15.81, 5.52, 18.47, 11.29, 4.14, 3.17, 6.16, 12.0, 7.66, 9.46, 3.99, 11.11, 4.85, 1.63, 8.9, 6.78, 5.73, 9.67, 4.39, 5.55, 2.92, 6.43, 6.48, 8.27, 3.63, 7.26, 18.92, 20.9, 2.45, 6.65, 13.7, 9.4, 16.7, 6.41, 7.78, 17.26, 14.35, 14.94, 14.84, 15.69, 15.54, 4.34, 0.0, 0.0]]
vans = [5, 9, 9]

