J = [0, 1, 2, 3]
K = [4, 5, 6]
L = [7, 8, 9]
I = [0, 1, 2, 3, 4, 5, 6, 7, 8, 9]
N = [0, 1, 2, 3, 4, 5, 6, 7, 8, 9, 10, 11, 12, 13, 14, 15, 16, 17, 18, 19, 20, 21, 22, 23, 24, 25, 26, 27, 28, 29, 30, 31, 32, 33, 34, 35, 36, 37, 38, 39, 40, 41, 42, 43, 44, 45, 46, 47, 48, 49]
demand = [895, 711, 976, 677, 829, 489, 661, 1116, 1110, 509, 1169, 1108, 835, 1067, 588, 628, 880, 660, 1082, 502, 1059, 570, 1192, 678, 1116, 709, 1159, 795, 807, 1102, 856, 1023, 846, 997, 700, 490, 443, 1097, 425, 705, 680, 911, 969, 634, 744, 681, 438, 1096, 1117, 959]
hub = [2, 3, 1, 3, 0, 1, 1, 0, 3, 3, 0, 1, 0, 1, 0, 3, 3, 1, 2, 1, 3, 1, 0, 1, 0, 0, 1, 0, 2, 2, 1, 3, 3, 3, 3, 0, 0, 0, 3, 1, 1, 0, 1, 2, 2, 2, 0, 0, 0, 2]
release = [39, 3, 27, 42, 24, 37, 43, 12, 30, 35, 3, 38, 0, 47, 48, 8, 35, 19, 10, 37, 35, 2, 40, 43, 32, 2, 41, 35, 19, 39, 22, 27, 0, 8, 28, 3, 34, 21, 43, 36, 26, 18, 37, 36, 43, 23, 5, 28, 25, 29]
Nj = [[4, 7, 10, 12, 14, 22, 24, 25, 27, 35, 36, 37, 41, 46, 47, 48], [2, 5, 6, 11, 13, 17, 19, 21, 23, 26, 30, 39, 40, 42], [0, 18, 28, 29, 43, 44, 45, 49], [1, 3, 8, 9, 15, 16, 20, 31, 32, 33, 34, 38]]
Gj = [[0, 1, 2, 3, 4, 5, 6, 7, 8, 9, 10, 11, 12, 13, 14, 15], [16, 17, 18, 19, 20, 21, 22, 23, 24, 25, 26, 27, 28, 29], [30, 31, 32, 33, 34, 35, 36, 37], [38, 39, 40, 41, 42, 43, 44, 45, 46, 47, 48, 49]]
G = [0, 1, 2, 3, 4, 5, 6, 7, 8, 9, 10, 11, 12, 13, 14, 15, 16, 17, 18, 19, 20, 21, 22, 23, 24, 25, 26, 27, 28, 29, 30, 31, 32, 33, 34, 35, 36, 37, 38, 39, 40, 41, 42, 43, 44, 45, 46, 47, 48, 49]
deadline = [168, 240, 192, 240, 192, 168, 168, 216, 216, 240, 216, 240, 216, 216, 216, 168, 216, 168, 216, 168, 216, 240, 240, 216, 192, 216, 168, 192, 240, 168, 216, 240, 168, 216, 192, 168, 168, 192, 216, 168, 192, 216, 216, 168, 240, 216, 216, 216, 216, 216]
weight = [50, 30, 10, 10, 20, 20, 50, 90, 70, 50, 40, 70, 90, 50, 50, 70, 10, 70, 80, 40, 40, 40, 60, 50, 60, 20, 60, 50, 90, 100, 70, 30, 50, 90, 50, 40, 70, 100, 40, 10, 30, 10, 60, 50, 40, 30, 80, 20, 20, 60]
q = 2000
M = [0, 1, 2]
M_description = ['Road', 'Rail', 'Ship']
accessibility = [[1, 0, 0], [1, 1, 1], [1, 0, 0], [1, 1, 1], [1, 1, 1], [1, 1, 1], [1, 1, 1], [1, 1, 0], [1, 1, 1], [1, 0, 1]]
S = [0, 1, 2, 3, 4, 5, 6, 7, 8, 9, 10, 11, 12, 13, 14, 15, 16, 17, 18, 19, 20, 21, 22, 23, 24, 25, 26, 27, 28, 29, 30, 31, 32, 33, 34, 35, 36, 37, 38, 39, 40, 41, 42, 43, 44, 45, 46, 47, 48, 49, 50, 51, 52, 53, 54, 55, 56, 57, 58, 59, 60, 61, 62, 63, 64, 65, 66, 67, 68, 69, 70, 71, 72, 73, 74, 75, 76, 77, 78, 79, 80, 81, 82, 83, 84, 85, 86, 87, 88, 89, 90, 91, 92, 93, 94, 95, 96, 97, 98, 99, 100, 101, 102, 103, 104, 105, 106, 107, 108, 109, 110, 111, 112, 113, 114, 115, 116, 117, 118, 119, 120, 121, 122, 123, 124, 125, 126, 127, 128, 129, 130, 131, 132, 133, 134, 135, 136, 137, 138, 139, 140, 141, 142, 143, 144, 145, 146, 147, 148, 149, 150, 151, 152, 153, 154, 155, 156, 157, 158, 159, 160, 161, 162, 163, 164, 165, 166, 167, 168, 169, 170, 171, 172, 173, 174, 175, 176, 177, 178, 179, 180, 181, 182, 183, 184, 185, 186, 187, 188, 189, 190, 191, 192, 193, 194, 195, 196, 197, 198, 199, 200, 201, 202, 203, 204, 205, 206, 207, 208, 209, 210, 211, 212, 213, 214, 215, 216, 217, 218, 219, 220, 221, 222, 223, 224, 225, 226, 227, 228, 229, 230, 231, 232, 233, 234, 235, 236, 237, 238, 239, 240, 241, 242, 243, 244, 245, 246, 247, 248, 249, 250, 251, 252, 253, 254, 255, 256, 257, 258, 259, 260, 261, 262, 263, 264, 265, 266, 267, 268, 269, 270, 271, 272, 273, 274, 275, 276, 277, 278, 279, 280, 281, 282, 283, 284, 285, 286, 287, 288, 289, 290, 291, 292, 293, 294, 295, 296, 297, 298, 299, 300, 301, 302, 303, 304, 305, 306, 307, 308, 309, 310, 311, 312, 313, 314, 315, 316, 317, 318, 319, 320, 321, 322, 323, 324, 325, 326, 327, 328, 329, 330, 331, 332, 333, 334, 335, 336, 337, 338, 339, 340, 341, 342, 343, 344, 345, 346, 347, 348, 349, 350, 351, 352, 353, 354, 355, 356, 357, 358, 359, 360, 361, 362, 363, 364, 365, 366, 367, 368, 369, 370, 371, 372, 373, 374, 375, 376, 377, 378, 379, 380, 381, 382, 383, 384, 385, 386, 387, 388, 389, 390, 391, 392, 393, 394, 395, 396, 397, 398, 399, 400, 401, 402, 403, 404, 405, 406, 407, 408, 409, 410, 411, 412, 413, 414, 415, 416, 417, 418, 419, 420, 421, 422, 423, 424, 425, 426, 427, 428, 429, 430, 431]
origin = [0, 0, 0, 0, 0, 0, 0, 0, 0, 0, 0, 0, 0, 0, 0, 0, 0, 0, 0, 0, 0, 0, 0, 0, 0, 0, 0, 0, 0, 0, 0, 0, 0, 0, 0, 0, 1, 1, 1, 1, 1, 1, 1, 1, 1, 1, 1, 1, 1, 1, 1, 1, 1, 1, 1, 1, 1, 1, 1, 1, 1, 1, 1, 1, 1, 1, 1, 1, 1, 1, 1, 1, 2, 2, 2, 2, 2, 2, 2, 2, 2, 2, 2, 2, 2, 2, 2, 2, 2, 2, 2, 2, 2, 2, 2, 2, 2, 2, 2, 2, 2, 2, 2, 2, 2, 2, 2, 2, 3, 3, 3, 3, 3, 3, 3, 3, 3, 3, 3, 3, 3, 3, 3, 3, 3, 3, 3, 3, 3, 3, 3, 3, 3, 3, 3, 3, 3, 3, 3, 3, 3, 3, 3, 3, 4, 4, 4, 4, 4, 4, 4, 4, 4, 4, 4, 4, 4, 4, 4, 4, 4, 4, 4, 4, 4, 4, 4, 4, 4, 4, 4, 4, 4, 4, 4, 4, 4, 4, 4, 4, 5, 5, 5, 5, 5, 5, 5, 5, 5, 5, 5, 5, 5, 5, 5, 5, 5, 5, 5, 5, 5, 5, 5, 5, 5, 5, 5, 5, 5, 5, 5, 5, 5, 5, 5, 5, 6, 6, 6, 6, 6, 6, 6, 6, 6, 6, 6, 6, 6, 6, 6, 6, 6, 6, 6, 6, 6, 6, 6, 6, 6, 6, 6, 6, 6, 6, 6, 6, 6, 6, 6, 6, 1, 1, 1, 1, 1, 1, 1, 1, 1, 1, 1, 1, 1, 1, 1, 1, 1, 1, 3, 3, 3, 3, 3, 3, 3, 3, 3, 3, 3, 3, 3, 3, 3, 3, 3, 3, 4, 4, 4, 4, 4, 4, 4, 4, 4, 4, 4, 4, 4, 4, 4, 4, 4, 4, 5, 5, 5, 5, 5, 5, 5, 5, 5, 5, 5, 5, 5, 5, 5, 5, 5, 5, 6, 6, 6, 6, 6, 6, 6, 6, 6, 6, 6, 6, 6, 6, 6, 6, 6, 6, 1, 1, 1, 1, 1, 1, 1, 1, 1, 1, 1, 1, 1, 1, 1, 1, 1, 1, 3, 3, 3, 3, 3, 3, 3, 3, 3, 3, 3, 3, 3, 3, 3, 3, 3, 3, 4, 4, 4, 4, 4, 4, 4, 4, 4, 4, 4, 4, 4, 4, 4, 4, 4, 4, 5, 5, 5, 5, 5, 5, 5, 5, 5, 5, 5, 5, 5, 5, 5, 5, 5, 5, 6, 6, 6, 6, 6, 6, 6, 6, 6, 6, 6, 6, 6, 6, 6, 6, 6, 6]
destination = [1, 1, 1, 1, 2, 2, 2, 2, 3, 3, 3, 3, 4, 4, 4, 4, 5, 5, 5, 5, 6, 6, 6, 6, 7, 7, 7, 7, 8, 8, 8, 8, 9, 9, 9, 9, 0, 0, 0, 0, 2, 2, 2, 2, 3, 3, 3, 3, 4, 4, 4, 4, 5, 5, 5, 5, 6, 6, 6, 6, 7, 7, 7, 7, 8, 8, 8, 8, 9, 9, 9, 9, 0, 0, 0, 0, 1, 1, 1, 1, 3, 3, 3, 3, 4, 4, 4, 4, 5, 5, 5, 5, 6, 6, 6, 6, 7, 7, 7, 7, 8, 8, 8, 8, 9, 9, 9, 9, 0, 0, 0, 0, 1, 1, 1, 1, 2, 2, 2, 2, 4, 4, 4, 4, 5, 5, 5, 5, 6, 6, 6, 6, 7, 7, 7, 7, 8, 8, 8, 8, 9, 9, 9, 9, 0, 0, 0, 0, 1, 1, 1, 1, 2, 2, 2, 2, 3, 3, 3, 3, 5, 5, 5, 5, 6, 6, 6, 6, 7, 7, 7, 7, 8, 8, 8, 8, 9, 9, 9, 9, 0, 0, 0, 0, 1, 1, 1, 1, 2, 2, 2, 2, 3, 3, 3, 3, 4, 4, 4, 4, 6, 6, 6, 6, 7, 7, 7, 7, 8, 8, 8, 8, 9, 9, 9, 9, 0, 0, 0, 0, 1, 1, 1, 1, 2, 2, 2, 2, 3, 3, 3, 3, 4, 4, 4, 4, 5, 5, 5, 5, 7, 7, 7, 7, 8, 8, 8, 8, 9, 9, 9, 9, 3, 3, 3, 4, 4, 4, 5, 5, 5, 6, 6, 6, 7, 7, 7, 8, 8, 8, 1, 1, 1, 4, 4, 4, 5, 5, 5, 6, 6, 6, 7, 7, 7, 8, 8, 8, 1, 1, 1, 3, 3, 3, 5, 5, 5, 6, 6, 6, 7, 7, 7, 8, 8, 8, 1, 1, 1, 3, 3, 3, 4, 4, 4, 6, 6, 6, 7, 7, 7, 8, 8, 8, 1, 1, 1, 3, 3, 3, 4, 4, 4, 5, 5, 5, 7, 7, 7, 8, 8, 8, 3, 3, 3, 4, 4, 4, 5, 5, 5, 6, 6, 6, 8, 8, 8, 9, 9, 9, 1, 1, 1, 4, 4, 4, 5, 5, 5, 6, 6, 6, 8, 8, 8, 9, 9, 9, 1, 1, 1, 3, 3, 3, 5, 5, 5, 6, 6, 6, 8, 8, 8, 9, 9, 9, 1, 1, 1, 3, 3, 3, 4, 4, 4, 6, 6, 6, 8, 8, 8, 9, 9, 9, 1, 1, 1, 3, 3, 3, 4, 4, 4, 5, 5, 5, 8, 8, 8, 9, 9, 9]
departure = [8, 56, 104, 152, 8, 56, 104, 152, 8, 56, 104, 152, 8, 56, 104, 152, 8, 56, 104, 152, 8, 56, 104, 152, 8, 56, 104, 152, 8, 56, 104, 152, 8, 56, 104, 152, 8, 56, 104, 152, 8, 56, 104, 152, 8, 56, 104, 152, 8, 56, 104, 152, 8, 56, 104, 152, 8, 56, 104, 152, 8, 56, 104, 152, 8, 56, 104, 152, 8, 56, 104, 152, 8, 56, 104, 152, 8, 56, 104, 152, 8, 56, 104, 152, 8, 56, 104, 152, 8, 56, 104, 152, 8, 56, 104, 152, 8, 56, 104, 152, 8, 56, 104, 152, 8, 56, 104, 152, 8, 56, 104, 152, 8, 56, 104, 152, 8, 56, 104, 152, 8, 56, 104, 152, 8, 56, 104, 152, 8, 56, 104, 152, 8, 56, 104, 152, 8, 56, 104, 152, 8, 56, 104, 152, 12, 60, 108, 156, 12, 60, 108, 156, 12, 60, 108, 156, 12, 60, 108, 156, 12, 60, 108, 156, 12, 60, 108, 156, 12, 60, 108, 156, 12, 60, 108, 156, 12, 60, 108, 156, 12, 60, 108, 156, 12, 60, 108, 156, 12, 60, 108, 156, 12, 60, 108, 156, 12, 60, 108, 156, 12, 60, 108, 156, 12, 60, 108, 156, 12, 60, 108, 156, 12, 60, 108, 156, 12, 60, 108, 156, 12, 60, 108, 156, 12, 60, 108, 156, 12, 60, 108, 156, 12, 60, 108, 156, 12, 60, 108, 156, 12, 60, 108, 156, 12, 60, 108, 156, 12, 60, 108, 156, 33, 81, 129, 33, 81, 129, 33, 81, 129, 33, 81, 129, 33, 81, 129, 33, 81, 129, 33, 81, 129, 33, 81, 129, 33, 81, 129, 33, 81, 129, 33, 81, 129, 33, 81, 129, 37, 85, 133, 37, 85, 133, 37, 85, 133, 37, 85, 133, 37, 85, 133, 37, 85, 133, 37, 85, 133, 37, 85, 133, 37, 85, 133, 37, 85, 133, 37, 85, 133, 37, 85, 133, 37, 85, 133, 37, 85, 133, 37, 85, 133, 37, 85, 133, 37, 85, 133, 37, 85, 133, 10, 58, 106, 10, 58, 106, 10, 58, 106, 10, 58, 106, 10, 58, 106, 10, 58, 106, 10, 58, 106, 10, 58, 106, 10, 58, 106, 10, 58, 106, 10, 58, 106, 10, 58, 106, 13, 61, 109, 13, 61, 109, 13, 61, 109, 13, 61, 109, 13, 61, 109, 13, 61, 109, 13, 61, 109, 13, 61, 109, 13, 61, 109, 13, 61, 109, 13, 61, 109, 13, 61, 109, 13, 61, 109, 13, 61, 109, 13, 61, 109, 13, 61, 109, 13, 61, 109, 13, 61, 109]
arrival = [28, 148, 124, 196, 76, 100, 172, 196, 52, 148, 196, 244, 108, 108, 156, 252, 60, 156, 156, 204, 108, 108, 204, 228, 136, 208, 184, 232, 112, 184, 232, 256, 160, 184, 184, 304, 52, 76, 148, 244, 52, 100, 196, 196, 76, 100, 124, 220, 60, 108, 156, 204, 108, 132, 156, 228, 108, 156, 156, 252, 136, 184, 256, 304, 136, 160, 208, 280, 112, 160, 184, 256, 76, 124, 124, 172, 52, 124, 172, 244, 28, 100, 172, 172, 108, 108, 204, 204, 60, 132, 180, 228, 60, 132, 156, 228, 112, 160, 184, 232, 112, 184, 208, 232, 112, 184, 232, 280, 52, 76, 172, 220, 100, 76, 148, 244, 76, 76, 124, 172, 60, 156, 204, 204, 60, 156, 156, 228, 84, 108, 180, 252, 112, 160, 256, 304, 160, 184, 208, 232, 112, 184, 256, 304, 56, 104, 152, 224, 80, 80, 176, 176, 80, 152, 200, 200, 56, 152, 176, 224, 88, 112, 184, 256, 64, 112, 160, 208, 116, 188, 236, 308, 164, 212, 212, 308, 92, 164, 212, 284, 80, 152, 176, 176, 56, 128, 152, 224, 56, 128, 152, 224, 104, 80, 152, 176, 112, 112, 160, 256, 112, 136, 208, 208, 92, 212, 212, 308, 116, 164, 260, 284, 164, 164, 188, 284, 56, 152, 176, 248, 56, 128, 200, 200, 80, 128, 152, 248, 56, 104, 176, 200, 88, 160, 184, 208, 88, 136, 184, 232, 164, 164, 260, 284, 116, 140, 236, 236, 92, 140, 260, 284, 54, 126, 198, 134, 134, 182, 134, 158, 230, 86, 158, 182, 162, 186, 258, 186, 210, 234, 54, 126, 198, 134, 134, 182, 134, 158, 230, 134, 158, 230, 138, 162, 282, 138, 210, 282, 130, 130, 178, 82, 178, 202, 114, 162, 234, 138, 162, 234, 142, 238, 214, 118, 190, 262, 130, 154, 178, 130, 106, 154, 138, 186, 234, 114, 138, 234, 118, 238, 214, 190, 166, 214, 106, 154, 226, 58, 154, 178, 90, 162, 210, 138, 138, 234, 166, 166, 286, 142, 190, 214, 56, 128, 128, 88, 136, 184, 64, 136, 208, 88, 160, 208, 116, 140, 236, 92, 140, 188, 56, 104, 152, 64, 112, 208, 112, 112, 160, 64, 136, 184, 164, 164, 260, 92, 140, 188, 82, 154, 130, 58, 154, 130, 90, 114, 210, 66, 138, 186, 166, 190, 190, 118, 142, 262, 34, 106, 154, 106, 82, 178, 66, 162, 210, 66, 162, 162, 166, 142, 214, 166, 142, 214, 58, 82, 202, 106, 106, 178, 114, 162, 210, 114, 114, 162, 118, 166, 190, 166, 142, 262]
Q = [4, 2, 4, 4, 4, 4, 4, 4, 2, 2, 4, 4, 2, 4, 4, 4, 4, 2, 2, 2, 2, 2, 4, 4, 4, 2, 4, 2, 2, 2, 4, 2, 4, 2, 2, 4, 2, 2, 4, 4, 4, 4, 4, 4, 2, 2, 4, 4, 4, 4, 2, 4, 2, 4, 4, 2, 4, 4, 4, 2, 4, 4, 4, 2, 4, 4, 4, 2, 2, 2, 2, 4, 2, 2, 4, 4, 4, 2, 4, 2, 4, 2, 2, 4, 4, 2, 4, 2, 2, 2, 4, 2, 2, 4, 2, 2, 2, 4, 4, 2, 4, 2, 4, 2, 2, 4, 2, 4, 2, 4, 4, 4, 4, 4, 2, 2, 2, 2, 2, 4, 2, 2, 2, 4, 4, 2, 2, 2, 2, 4, 2, 4, 4, 2, 4, 2, 2, 4, 2, 2, 4, 4, 4, 2, 4, 2, 2, 4, 4, 4, 4, 4, 2, 2, 4, 2, 2, 2, 4, 4, 4, 2, 2, 4, 2, 2, 2, 4, 2, 4, 2, 4, 4, 2, 4, 2, 4, 2, 2, 2, 4, 4, 4, 4, 2, 4, 4, 4, 4, 4, 2, 2, 2, 2, 2, 4, 4, 2, 2, 2, 4, 2, 2, 4, 2, 2, 2, 4, 2, 2, 4, 2, 4, 2, 4, 2, 2, 4, 4, 2, 2, 4, 2, 2, 2, 4, 2, 4, 4, 2, 2, 4, 2, 4, 4, 2, 2, 4, 4, 4, 2, 2, 2, 2, 4, 2, 4, 4, 4, 4, 4, 4, 3, 3, 6, 6, 3, 6, 3, 6, 6, 6, 3, 6, 6, 3, 6, 3, 6, 6, 6, 6, 3, 3, 3, 6, 6, 6, 6, 3, 3, 6, 6, 6, 6, 3, 6, 6, 6, 6, 3, 6, 6, 3, 3, 6, 6, 3, 3, 6, 3, 3, 6, 3, 6, 3, 3, 3, 3, 6, 6, 6, 3, 6, 6, 6, 3, 3, 3, 3, 6, 3, 6, 3, 6, 6, 6, 6, 3, 6, 6, 3, 3, 3, 6, 6, 6, 6, 3, 3, 6, 6, 10, 10, 10, 10, 10, 5, 10, 10, 5, 5, 10, 10, 10, 10, 10, 10, 10, 10, 5, 5, 5, 10, 10, 10, 5, 10, 5, 5, 5, 5, 5, 5, 5, 5, 5, 5, 10, 10, 10, 10, 10, 10, 10, 10, 10, 10, 10, 10, 10, 10, 5, 10, 5, 10, 10, 5, 10, 5, 10, 10, 5, 10, 10, 10, 5, 5, 5, 5, 5, 5, 5, 10, 5, 10, 5, 5, 5, 10, 10, 5, 10, 5, 10, 5, 5, 10, 5, 5, 5, 5]
cfixed = [257, 256, 233, 254, 250, 222, 212, 265, 258, 290, 206, 272, 263, 278, 279, 209, 278, 255, 276, 247, 276, 201, 264, 262, 259, 227, 245, 233, 287, 278, 208, 209, 272, 290, 262, 211, 244, 207, 252, 200, 259, 296, 203, 260, 264, 300, 208, 232, 211, 203, 226, 289, 269, 285, 268, 286, 257, 209, 209, 209, 229, 291, 279, 299, 256, 248, 256, 207, 209, 284, 281, 248, 298, 202, 277, 271, 227, 202, 217, 274, 217, 284, 297, 204, 257, 240, 267, 299, 215, 283, 230, 281, 223, 221, 270, 283, 297, 230, 233, 262, 296, 250, 260, 284, 257, 248, 203, 215, 297, 216, 284, 261, 272, 283, 262, 266, 210, 287, 253, 257, 226, 237, 214, 265, 261, 296, 228, 236, 232, 289, 203, 267, 240, 292, 275, 299, 238, 228, 243, 251, 297, 211, 231, 202, 206, 209, 262, 257, 287, 294, 300, 227, 218, 227, 246, 225, 211, 287, 224, 295, 253, 278, 228, 292, 297, 271, 239, 259, 292, 206, 242, 268, 222, 298, 229, 238, 270, 295, 224, 271, 267, 240, 300, 233, 221, 251, 219, 296, 268, 228, 202, 277, 299, 238, 233, 241, 201, 259, 202, 231, 208, 252, 238, 266, 300, 250, 271, 292, 279, 204, 216, 265, 274, 264, 207, 293, 212, 200, 270, 248, 268, 296, 237, 242, 238, 294, 249, 234, 214, 269, 275, 298, 216, 232, 299, 258, 280, 213, 211, 216, 258, 227, 226, 219, 216, 200, 248, 202, 200, 286, 221, 204, 455, 387, 327, 393, 430, 350, 462, 367, 344, 452, 409, 393, 392, 340, 362, 355, 353, 452, 407, 420, 359, 359, 390, 363, 478, 440, 357, 324, 329, 478, 487, 384, 397, 469, 500, 452, 474, 367, 460, 396, 453, 476, 412, 444, 366, 386, 484, 360, 401, 470, 481, 473, 388, 323, 313, 335, 471, 308, 483, 346, 345, 448, 398, 366, 428, 457, 343, 311, 347, 307, 397, 421, 386, 452, 428, 496, 366, 310, 376, 360, 342, 376, 470, 422, 402, 373, 301, 490, 340, 382, 580, 547, 630, 642, 565, 566, 517, 616, 560, 613, 592, 595, 511, 595, 693, 526, 676, 600, 539, 615, 581, 569, 618, 608, 647, 533, 669, 573, 640, 622, 685, 690, 683, 625, 655, 572, 607, 656, 563, 531, 604, 643, 523, 640, 516, 503, 699, 531, 626, 675, 652, 673, 552, 590, 659, 678, 690, 648, 611, 529, 675, 680, 699, 615, 641, 502, 700, 554, 576, 540, 508, 542, 566, 540, 603, 635, 584, 634, 528, 678, 605, 532, 537, 687, 682, 658, 610, 576, 600, 690]
ctravel = [20, 92, 20, 44, 68, 44, 68, 44, 44, 92, 92, 92, 100, 52, 52, 100, 52, 100, 52, 52, 100, 52, 100, 76, 128, 152, 80, 80, 104, 128, 128, 104, 152, 128, 80, 152, 44, 20, 44, 92, 44, 44, 92, 44, 68, 44, 20, 68, 52, 52, 52, 52, 100, 76, 52, 76, 100, 100, 52, 100, 128, 128, 152, 152, 128, 104, 104, 128, 104, 104, 80, 104, 68, 68, 20, 20, 44, 68, 68, 92, 20, 44, 68, 20, 100, 52, 100, 52, 52, 76, 76, 76, 52, 76, 52, 76, 104, 104, 80, 80, 104, 128, 104, 80, 104, 128, 128, 128, 44, 20, 68, 68, 92, 20, 44, 92, 68, 20, 20, 20, 52, 100, 100, 52, 52, 100, 52, 76, 76, 52, 76, 100, 104, 104, 152, 152, 152, 128, 104, 80, 104, 128, 152, 152, 44, 44, 44, 68, 68, 20, 68, 20, 68, 92, 92, 44, 44, 92, 68, 68, 76, 52, 76, 100, 52, 52, 52, 52, 104, 128, 128, 152, 152, 152, 104, 152, 80, 104, 104, 128, 68, 92, 68, 20, 44, 68, 44, 68, 44, 68, 44, 68, 92, 20, 44, 20, 100, 52, 52, 100, 100, 76, 100, 52, 80, 152, 104, 152, 104, 104, 152, 128, 152, 104, 80, 128, 44, 92, 68, 92, 44, 68, 92, 44, 68, 68, 44, 92, 44, 44, 68, 44, 76, 100, 76, 52, 76, 76, 76, 76, 152, 104, 152, 128, 104, 80, 128, 80, 80, 80, 152, 128, 16.8, 36.0, 55.2, 80.80000000000001, 42.400000000000006, 42.400000000000006, 80.80000000000001, 61.6, 80.80000000000001, 42.400000000000006, 61.6, 42.400000000000006, 103.2, 84.0, 103.2, 122.4, 103.2, 84.0, 16.8, 36.0, 55.2, 80.80000000000001, 42.400000000000006, 42.400000000000006, 80.80000000000001, 61.6, 80.80000000000001, 80.80000000000001, 61.6, 80.80000000000001, 84.0, 64.8, 122.4, 84.0, 103.2, 122.4, 74.4, 36.0, 36.0, 36.0, 74.4, 55.2, 61.6, 61.6, 80.80000000000001, 80.80000000000001, 61.6, 80.80000000000001, 84.0, 122.4, 64.8, 64.8, 84.0, 103.2, 74.4, 55.2, 36.0, 74.4, 16.8, 16.8, 80.80000000000001, 80.80000000000001, 80.80000000000001, 61.6, 42.400000000000006, 80.80000000000001, 64.8, 122.4, 64.8, 122.4, 64.8, 64.8, 55.2, 55.2, 74.4, 16.8, 55.2, 36.0, 42.400000000000006, 61.6, 61.6, 80.80000000000001, 42.400000000000006, 80.80000000000001, 103.2, 64.8, 122.4, 84.0, 84.0, 64.8, 27.599999999999998, 42.0, 13.2, 46.8, 46.8, 46.8, 32.4, 46.8, 61.199999999999996, 46.8, 61.199999999999996, 61.199999999999996, 63.599999999999994, 49.199999999999996, 78.0, 49.199999999999996, 49.199999999999996, 49.199999999999996, 27.599999999999998, 27.599999999999998, 27.599999999999998, 32.4, 32.4, 61.199999999999996, 61.199999999999996, 32.4, 32.4, 32.4, 46.8, 46.8, 92.39999999999999, 63.599999999999994, 92.39999999999999, 49.199999999999996, 49.199999999999996, 49.199999999999996, 41.4, 55.8, 12.6, 27.0, 55.8, 12.6, 46.199999999999996, 31.799999999999997, 60.599999999999994, 31.799999999999997, 46.199999999999996, 46.199999999999996, 91.8, 77.39999999999999, 48.6, 63.0, 48.6, 91.8, 12.6, 27.0, 27.0, 55.8, 12.6, 41.4, 31.799999999999997, 60.599999999999994, 60.599999999999994, 31.799999999999997, 60.599999999999994, 31.799999999999997, 91.8, 48.6, 63.0, 91.8, 48.6, 63.0, 27.0, 12.6, 55.8, 55.8, 27.0, 41.4, 60.599999999999994, 60.599999999999994, 60.599999999999994, 60.599999999999994, 31.799999999999997, 31.799999999999997, 63.0, 63.0, 48.6, 91.8, 48.6, 91.8]
mode = [0, 0, 0, 0, 0, 0, 0, 0, 0, 0, 0, 0, 0, 0, 0, 0, 0, 0, 0, 0, 0, 0, 0, 0, 0, 0, 0, 0, 0, 0, 0, 0, 0, 0, 0, 0, 0, 0, 0, 0, 0, 0, 0, 0, 0, 0, 0, 0, 0, 0, 0, 0, 0, 0, 0, 0, 0, 0, 0, 0, 0, 0, 0, 0, 0, 0, 0, 0, 0, 0, 0, 0, 0, 0, 0, 0, 0, 0, 0, 0, 0, 0, 0, 0, 0, 0, 0, 0, 0, 0, 0, 0, 0, 0, 0, 0, 0, 0, 0, 0, 0, 0, 0, 0, 0, 0, 0, 0, 0, 0, 0, 0, 0, 0, 0, 0, 0, 0, 0, 0, 0, 0, 0, 0, 0, 0, 0, 0, 0, 0, 0, 0, 0, 0, 0, 0, 0, 0, 0, 0, 0, 0, 0, 0, 0, 0, 0, 0, 0, 0, 0, 0, 0, 0, 0, 0, 0, 0, 0, 0, 0, 0, 0, 0, 0, 0, 0, 0, 0, 0, 0, 0, 0, 0, 0, 0, 0, 0, 0, 0, 0, 0, 0, 0, 0, 0, 0, 0, 0, 0, 0, 0, 0, 0, 0, 0, 0, 0, 0, 0, 0, 0, 0, 0, 0, 0, 0, 0, 0, 0, 0, 0, 0, 0, 0, 0, 0, 0, 0, 0, 0, 0, 0, 0, 0, 0, 0, 0, 0, 0, 0, 0, 0, 0, 0, 0, 0, 0, 0, 0, 0, 0, 0, 0, 0, 0, 0, 0, 0, 0, 0, 0, 1, 1, 1, 1, 1, 1, 1, 1, 1, 1, 1, 1, 1, 1, 1, 1, 1, 1, 1, 1, 1, 1, 1, 1, 1, 1, 1, 1, 1, 1, 1, 1, 1, 1, 1, 1, 1, 1, 1, 1, 1, 1, 1, 1, 1, 1, 1, 1, 1, 1, 1, 1, 1, 1, 1, 1, 1, 1, 1, 1, 1, 1, 1, 1, 1, 1, 1, 1, 1, 1, 1, 1, 1, 1, 1, 1, 1, 1, 1, 1, 1, 1, 1, 1, 1, 1, 1, 1, 1, 1, 2, 2, 2, 2, 2, 2, 2, 2, 2, 2, 2, 2, 2, 2, 2, 2, 2, 2, 2, 2, 2, 2, 2, 2, 2, 2, 2, 2, 2, 2, 2, 2, 2, 2, 2, 2, 2, 2, 2, 2, 2, 2, 2, 2, 2, 2, 2, 2, 2, 2, 2, 2, 2, 2, 2, 2, 2, 2, 2, 2, 2, 2, 2, 2, 2, 2, 2, 2, 2, 2, 2, 2, 2, 2, 2, 2, 2, 2, 2, 2, 2, 2, 2, 2, 2, 2, 2, 2, 2, 2]
delivery_process = ['Cross-Docking', 'Direct-Shipment', 'Cross-Docking']
distance_ln = [[2.66, 6.8, 1.26, 2.9, 14.76, 11.88, 0.36, 12.96, 4.36, 9.93, 7.56, 1.87, 1.39, 13.31, 8.48, 4.83, 2.93, 2.74, 5.05, 4.89, 1.59, 7.19, 4.18, 2.91, 11.16, 11.96, 5.22, 0.59, 4.61, 0.0, 4.6, 2.24, 8.32, 2.77, 2.82, 12.04, 11.3, 3.21, 1.78, 4.4, 4.42, 9.38, 3.83, 3.5, 4.66, 8.04, 2.82, 5.53, 1.64, 7.83], [1.15, 7.09, 13.46, 2.82, 2.79, 5.1, 9.24, 0.99, 3.77, 7.81, 0.69, 0.8, 3.67, 8.99, 6.53, 2.51, 6.64, 6.01, 2.69, 7.83, 3.88, 9.91, 6.89, 1.32, 11.1, 1.88, 6.3, 3.84, 1.13, 7.97, 8.52, 6.48, 0.79, 1.44, 12.09, 2.62, 4.26, 3.21, 4.53, 6.71, 5.21, 4.14, 2.48, 2.45, 8.41, 1.86, 6.9, 8.06, 2.82, 6.24], [5.83, 4.27, 8.15, 9.77, 12.35, 7.25, 4.86, 3.48, 9.85, 12.68, 3.06, 9.05, 4.03, 17.12, 4.99, 8.44, 17.22, 14.55, 7.03, 19.98, 11.36, 6.53, 6.01, 8.23, 17.77, 3.45, 8.08, 3.63, 7.05, 2.2, 4.49, 3.93, 3.99, 5.79, 3.88, 1.64, 6.27, 15.6, 2.15, 6.92, 7.7, 12.89, 11.43, 1.42, 16.25, 13.36, 10.41, 14.02, 2.43, 0.71]]
distance_nn = [[0.0, 6.73, 5.89, 10.96, 2.38, 1.35, 3.7, 0.73, 5.37, 3.47, 1.29, 0.4, 2.84, 4.53, 1.76, 3.41, 6.68, 4.46, 2.87, 8.86, 1.9, 11.53, 5.94, 8.58, 2.49, 3.42, 10.66, 8.48, 4.31, 6.1, 3.12, 1.33, 0.49, 6.62, 5.95, 5.46, 0.83, 10.18, 9.15, 5.91, 1.77, 1.29, 5.09, 1.43, 5.18, 13.03, 6.91, 9.99, 0.97, 7.76], [4.95, 0.0, 10.69, 5.76, 2.71, 5.6, 7.53, 9.91, 2.57, 1.73, 9.25, 3.71, 4.37, 9.5, 2.83, 0.97, 3.89, 6.86, 1.35, 1.0, 0.77, 0.18, 4.7, 6.43, 1.49, 2.9, 3.5, 1.98, 3.23, 5.81, 12.06, 2.58, 4.23, 5.47, 0.0, 1.8, 4.85, 6.89, 8.51, 12.31, 11.05, 2.42, 5.92, 10.4, 0.75, 0.84, 1.8, 2.03, 14.86, 3.66], [6.01, 8.09, 0.0, 3.99, 14.82, 12.85, 2.32, 1.96, 3.58, 10.74, 13.13, 5.66, 4.28, 20.15, 12.85, 4.4, 2.1, 0.44, 2.15, 13.14, 6.59, 2.08, 9.31, 3.97, 10.47, 19.05, 6.26, 4.63, 5.1, 2.15, 7.06, 2.24, 2.2, 2.65, 7.21, 2.13, 15.53, 15.54, 3.43, 0.79, 2.3, 20.74, 9.23, 5.08, 3.37, 8.22, 0.87, 3.23, 15.44, 11.34], [3.5, 3.27, 2.87, 0.0, 13.01, 7.08, 0.6, 6.1, 7.15, 7.87, 13.18, 4.71, 1.09, 7.04, 17.77, 4.77, 1.98, 1.31, 4.11, 2.51, 6.07, 2.52, 5.09, 8.49, 4.03, 7.0, 0.95, 4.73, 8.11, 1.35, 1.02, 1.58, 13.19, 1.45, 6.11, 18.05, 10.92, 12.08, 2.89, 6.82, 4.56, 13.21, 16.91, 2.35, 2.96, 2.17, 1.64, 9.4, 9.58, 6.56], [10.95, 3.81, 6.41, 11.22, 0.0, 0.6, 3.59, 13.0, 8.35, 3.03, 5.0, 1.88, 5.7, 0.0, 3.73, 10.27, 5.31, 15.47, 12.18, 2.57, 8.72, 2.39, 4.24, 2.03, 1.69, 4.27, 10.59, 4.04, 11.67, 3.67, 9.27, 2.97, 9.23, 16.08, 3.03, 14.07, 3.23, 2.31, 4.83, 16.92, 17.26, 5.16, 1.48, 4.26, 9.45, 10.37, 12.87, 5.17, 13.43, 17.79], [4.07, 7.4, 8.13, 13.18, 2.06, 0.0, 6.16, 12.39, 3.46, 2.86, 2.31, 2.51, 1.8, 0.7, 3.96, 9.33, 7.1, 5.71, 5.71, 9.3, 1.01, 10.98, 2.08, 1.07, 5.57, 2.28, 8.1, 9.92, 12.66, 5.07, 12.28, 11.68, 6.99, 15.44, 8.59, 9.92, 3.87, 2.49, 11.18, 2.16, 9.2, 5.51, 2.96, 11.87, 11.99, 10.22, 14.48, 2.3, 5.63, 11.07], [9.72, 8.45, 1.01, 0.87, 11.69, 7.94, 0.0, 4.11, 1.35, 10.47, 10.18, 4.41, 4.05, 14.86, 19.18, 3.8, 8.32, 0.52, 6.29, 3.4, 6.73, 6.27, 5.1, 14.05, 3.44, 17.61, 6.27, 0.5, 5.62, 1.91, 5.42, 2.79, 5.47, 5.77, 7.91, 3.27, 14.51, 13.39, 3.51, 3.48, 1.26, 12.08, 10.01, 7.47, 5.53, 1.62, 2.67, 9.75, 8.06, 2.56], [4.51, 16.6, 12.14, 3.63, 9.51, 5.49, 4.28, 0.0, 8.93, 12.64, 3.68, 4.12, 11.86, 13.25, 5.44, 5.78, 17.71, 11.37, 7.17, 19.28, 9.62, 2.77, 8.8, 8.61, 12.98, 10.35, 7.96, 1.49, 8.43, 2.91, 4.31, 6.63, 1.74, 4.47, 16.69, 0.47, 0.9, 17.95, 10.7, 17.39, 8.65, 1.76, 4.59, 4.79, 2.07, 3.02, 16.55, 5.03, 0.0, 1.32], [6.09, 4.22, 1.38, 5.79, 5.38, 1.72, 6.42, 8.96, 0.0, 5.74, 5.03, 1.58, 0.0, 8.57, 8.2, 1.27, 2.43, 4.29, 3.17, 1.84, 1.66, 3.72, 3.43, 2.69, 2.72, 2.09, 0.81, 4.49, 2.84, 4.88, 1.67, 2.54, 1.85, 8.19, 1.25, 7.42, 10.24, 9.7, 1.96, 6.77, 3.0, 8.69, 3.97, 5.49, 0.94, 4.03, 7.04, 5.44, 4.85, 7.65], [6.84, 1.25, 12.09, 8.23, 2.86, 4.07, 6.94, 4.77, 1.31, 0.0, 11.0, 3.82, 5.77, 5.36, 8.28, 0.97, 1.62, 2.41, 6.6, 1.96, 1.62, 1.81, 2.07, 1.68, 1.19, 8.61, 0.98, 4.07, 7.45, 1.42, 7.09, 7.15, 10.54, 7.42, 2.64, 5.81, 6.36, 1.34, 7.33, 8.18, 5.39, 1.37, 6.89, 8.2, 5.77, 5.19, 5.12, 0.0, 10.96, 5.38], [0.88, 8.38, 12.27, 5.66, 10.64, 10.94, 2.14, 4.1, 2.16, 4.55, 0.0, 2.56, 4.36, 10.67, 7.79, 3.39, 5.59, 7.89, 1.84, 14.71, 1.6, 9.1, 6.83, 11.36, 1.57, 1.9, 4.47, 7.7, 2.07, 4.57, 1.01, 3.18, 1.79, 3.24, 10.23, 1.79, 2.55, 8.42, 1.52, 4.64, 3.73, 8.67, 3.86, 0.31, 9.64, 10.01, 6.78, 7.78, 1.03, 1.59], [1.51, 4.0, 9.35, 5.0, 7.12, 1.89, 2.1, 5.7, 1.74, 3.82, 2.39, 0.0, 4.27, 6.15, 3.39, 1.49, 10.23, 4.54, 1.74, 8.49, 3.59, 7.08, 4.63, 5.71, 8.16, 1.32, 10.09, 2.92, 2.33, 2.07, 6.47, 4.04, 2.81, 1.92, 1.08, 8.33, 5.06, 8.29, 10.62, 13.93, 5.42, 1.15, 2.74, 4.8, 5.02, 12.47, 3.41, 2.81, 2.06, 9.1], [5.56, 0.54, 3.83, 2.71, 6.21, 8.53, 6.0, 2.51, 0.0, 4.11, 4.62, 4.65, 0.0, 4.48, 13.35, 1.31, 4.69, 2.52, 1.85, 3.59, 0.33, 2.72, 1.89, 6.87, 6.28, 7.88, 2.71, 2.37, 5.66, 1.61, 4.89, 1.32, 5.16, 3.64, 4.99, 4.46, 3.74, 1.53, 3.66, 4.49, 2.92, 7.02, 5.78, 5.05, 3.41, 3.55, 5.74, 2.26, 4.71, 11.98], [3.11, 2.22, 13.7, 1.72, 0.0, 0.51, 14.79, 1.91, 2.54, 1.64, 2.67, 6.11, 5.41, 0.0, 5.4, 4.66, 6.43, 7.49, 8.75, 2.75, 6.17, 8.57, 0.76, 1.24, 4.63, 4.14, 4.04, 2.35, 12.84, 10.31, 8.84, 6.58, 4.0, 11.24, 4.37, 6.71, 6.38, 3.58, 3.04, 3.14, 8.21, 1.91, 1.81, 12.54, 11.04, 4.97, 14.77, 1.91, 6.0, 6.2], [3.95, 6.15, 14.82, 10.5, 7.92, 1.59, 16.52, 8.88, 5.63, 2.06, 4.72, 6.01, 4.57, 7.68, 0.0, 12.15, 12.3, 18.55, 10.69, 16.99, 2.35, 3.17, 5.76, 5.45, 5.49, 2.82, 3.19, 4.21, 11.69, 4.14, 6.07, 13.86, 1.17, 15.27, 3.35, 12.1, 2.18, 8.22, 4.22, 9.51, 4.45, 1.21, 0.89, 8.45, 19.0, 19.46, 11.26, 10.08, 5.68, 1.54], [3.29, 2.78, 1.36, 2.92, 1.19, 6.09, 5.16, 3.98, 2.71, 6.98, 1.84, 2.35, 1.8, 8.06, 3.17, 0.0, 9.74, 7.21, 2.17, 5.97, 0.54, 6.91, 5.93, 2.16, 7.0, 3.01, 6.78, 1.34, 3.92, 2.69, 1.22, 1.17, 5.01, 4.26, 2.3, 8.46, 7.12, 11.73, 5.15, 3.72, 5.09, 7.73, 5.42, 4.39, 4.8, 3.77, 5.84, 0.93, 2.35, 3.59], [7.3, 2.4, 9.3, 1.96, 4.84, 5.11, 8.76, 16.69, 7.87, 1.41, 1.73, 7.54, 1.1, 3.56, 9.73, 6.61, 0.0, 6.82, 2.39, 0.93, 2.76, 1.18, 2.87, 6.47, 1.41, 6.13, 7.7, 2.45, 5.19, 5.1, 5.68, 3.66, 8.82, 13.75, 1.71, 13.91, 2.33, 3.23, 2.36, 15.71, 7.68, 7.79, 5.32, 11.43, 8.35, 3.98, 7.07, 2.09, 13.83, 17.37], [7.9, 6.49, 1.02, 1.93, 11.83, 17.59, 0.37, 12.07, 3.77, 1.8, 7.85, 10.38, 5.25, 6.95, 20.86, 8.21, 13.04, 0.0, 4.65, 3.05, 6.68, 2.56, 1.44, 7.72, 6.15, 15.89, 0.85, 1.23, 4.72, 0.86, 2.36, 0.89, 11.55, 2.92, 8.47, 6.57, 9.15, 3.21, 2.41, 2.62, 2.26, 17.14, 15.07, 10.37, 3.11, 1.47, 3.32, 3.0, 10.33, 7.96], [1.4, 2.46, 5.8, 9.45, 2.12, 1.36, 2.22, 8.22, 0.6, 4.8, 0.42, 4.37, 4.99, 4.98, 11.48, 1.6, 11.12, 6.7, 0.0, 5.33, 2.47, 6.44, 5.54, 6.32, 4.18, 11.34, 10.51, 2.18, 1.95, 2.06, 2.54, 1.3, 2.05, 3.83, 5.24, 7.73, 8.06, 9.45, 2.83, 5.78, 2.6, 4.75, 3.7, 2.6, 6.71, 11.4, 1.55, 6.11, 4.07, 1.6], [11.51, 2.53, 12.56, 6.85, 1.13, 3.79, 1.33, 9.83, 1.3, 4.41, 12.59, 12.68, 6.01, 6.54, 16.3, 10.37, 1.59, 2.05, 8.89, 0.0, 3.87, 1.34, 2.77, 10.07, 1.67, 11.17, 5.21, 7.24, 3.77, 3.44, 6.13, 11.05, 9.67, 3.07, 0.92, 3.53, 15.08, 3.17, 12.95, 10.82, 13.49, 15.29, 6.84, 17.41, 1.23, 1.22, 13.27, 4.35, 6.86, 9.02], [2.11, 0.81, 6.85, 5.0, 9.9, 6.82, 3.28, 7.01, 1.5, 5.21, 1.54, 1.21, 2.02, 7.79, 7.91, 0.58, 2.91, 3.65, 1.52, 2.8, 0.0, 5.61, 2.03, 10.29, 8.13, 8.45, 6.6, 2.7, 1.32, 5.71, 6.43, 2.77, 6.47, 5.51, 6.29, 5.71, 6.6, 1.84, 5.38, 11.29, 2.43, 12.32, 2.78, 1.06, 7.66, 2.21, 4.55, 5.21, 5.96, 8.0], [1.47, 0.97, 9.59, 3.77, 7.4, 3.35, 1.69, 13.08, 4.27, 4.27, 4.02, 5.15, 3.82, 3.98, 9.17, 2.22, 3.59, 1.63, 8.74, 1.99, 1.5, 0.0, 5.26, 12.4, 1.34, 5.25, 2.18, 2.86, 3.83, 0.9, 9.68, 4.36, 5.61, 3.42, 0.75, 9.72, 12.27, 3.01, 10.26, 10.25, 8.98, 11.6, 8.61, 7.79, 1.23, 1.44, 6.07, 4.36, 3.95, 14.99], [2.06, 1.48, 10.62, 8.47, 4.41, 1.14, 2.95, 4.35, 1.86, 1.32, 4.27, 2.21, 2.48, 1.5, 1.3, 3.27, 4.56, 8.8, 4.49, 3.29, 1.07, 1.56, 0.0, 3.53, 2.22, 6.12, 7.69, 9.41, 8.89, 8.49, 10.71, 4.96, 5.03, 4.41, 5.09, 2.64, 2.48, 5.08, 5.29, 6.19, 10.32, 2.57, 4.36, 9.88, 3.56, 3.71, 11.11, 2.2, 3.83, 11.41], [7.19, 9.34, 9.63, 16.01, 1.91, 0.21, 17.51, 13.55, 7.84, 6.06, 10.91, 0.91, 4.52, 0.54, 5.09, 4.15, 5.65, 5.45, 10.58, 4.96, 4.45, 5.8, 1.19, 0.0, 1.43, 2.39, 13.86, 12.12, 10.07, 2.25, 4.67, 13.58, 6.0, 8.94, 7.2, 11.78, 4.27, 6.0, 11.54, 14.39, 4.23, 3.5, 3.97, 7.31, 12.83, 11.57, 14.86, 5.64, 10.68, 6.84], [3.12, 4.34, 9.44, 6.14, 3.97, 5.28, 5.23, 9.35, 5.72, 0.41, 11.09, 2.29, 1.77, 3.8, 7.36, 3.52, 1.37, 4.44, 1.39, 1.8, 4.11, 4.76, 1.75, 0.72, 0.0, 5.19, 6.26, 1.98, 12.63, 5.68, 12.23, 4.81, 8.54, 7.76, 5.09, 12.39, 7.96, 1.42, 4.68, 19.08, 6.44, 5.27, 6.32, 13.88, 3.02, 4.69, 10.37, 0.68, 6.85, 16.84], [3.64, 5.32, 20.42, 4.92, 1.06, 1.0, 14.81, 2.08, 10.19, 3.9, 6.7, 5.46, 8.63, 4.24, 1.23, 2.87, 9.76, 15.55, 5.0, 2.12, 5.82, 12.06, 1.91, 0.92, 0.96, 0.0, 13.26, 11.3, 6.05, 14.51, 11.16, 8.76, 2.28, 6.74, 9.56, 9.37, 1.47, 8.03, 12.03, 9.36, 11.7, 0.69, 0.83, 2.08, 15.15, 3.05, 9.98, 8.99, 1.88, 9.87], [6.87, 0.65, 5.83, 3.45, 1.45, 6.07, 4.91, 12.45, 3.28, 6.37, 2.82, 6.05, 1.14, 7.57, 12.06, 6.84, 4.03, 3.87, 3.63, 4.55, 6.32, 1.52, 5.58, 4.76, 2.48, 5.57, 0.0, 1.87, 11.61, 2.44, 6.23, 4.12, 3.94, 10.69, 1.42, 10.36, 8.28, 1.28, 5.49, 4.68, 5.51, 11.66, 6.35, 10.58, 0.62, 1.18, 11.93, 0.96, 7.13, 11.4], [3.16, 8.23, 1.09, 1.52, 15.42, 1.99, 0.73, 9.91, 1.93, 8.28, 7.48, 6.37, 0.86, 14.18, 6.82, 2.43, 7.74, 2.33, 3.55, 1.88, 3.08, 5.33, 1.34, 1.75, 5.29, 5.62, 4.34, 0.0, 1.25, 0.87, 1.15, 2.05, 4.96, 1.8, 4.11, 8.69, 5.42, 13.5, 3.11, 6.33, 2.3, 3.64, 10.64, 5.12, 1.29, 3.76, 2.4, 3.73, 3.16, 2.34], [4.21, 6.84, 5.69, 7.3, 6.58, 14.05, 1.61, 7.03, 2.59, 3.1, 2.94, 7.29, 1.68, 11.4, 4.98, 3.07, 11.47, 3.37, 1.16, 10.48, 5.86, 2.07, 8.8, 3.95, 14.88, 5.76, 11.62, 3.98, 0.0, 1.71, 1.34, 1.47, 5.47, 0.7, 7.28, 5.38, 4.38, 2.26, 2.81, 3.28, 2.11, 14.45, 12.35, 2.31, 6.14, 4.04, 6.45, 11.83, 8.61, 7.2], [7.89, 4.39, 2.87, 3.31, 11.04, 5.99, 1.85, 9.86, 1.41, 6.26, 4.93, 5.9, 3.73, 4.99, 16.61, 4.0, 7.52, 1.12, 1.03, 10.56, 5.55, 7.36, 3.38, 16.22, 3.62, 1.94, 3.99, 1.24, 3.09, 0.0, 2.7, 2.5, 8.82, 3.81, 5.81, 6.24, 7.45, 8.34, 1.89, 6.02, 4.58, 16.16, 8.71, 3.54, 3.59, 1.17, 6.19, 5.59, 2.24, 8.67], [5.16, 2.51, 5.01, 5.02, 10.24, 6.67, 3.03, 7.66, 7.64, 12.12, 2.98, 1.06, 7.29, 14.91, 16.21, 5.25, 8.93, 1.16, 3.02, 8.03, 7.19, 12.4, 11.63, 5.4, 2.67, 8.67, 10.38, 3.42, 0.35, 1.04, 0.0, 2.9, 5.44, 0.88, 5.51, 4.53, 4.61, 15.1, 0.83, 1.32, 0.29, 8.43, 13.32, 3.91, 2.98, 13.05, 2.43, 3.55, 3.55, 5.85], [1.01, 7.49, 3.85, 2.01, 8.61, 7.81, 4.33, 4.5, 0.52, 6.16, 2.23, 4.09, 0.39, 9.27, 1.93, 1.84, 8.97, 2.92, 1.74, 5.98, 2.49, 5.39, 4.69, 5.2, 2.62, 4.78, 4.52, 1.41, 3.34, 2.08, 2.9, 0.0, 3.21, 3.21, 1.39, 9.8, 11.09, 3.26, 1.5, 1.94, 1.84, 16.9, 5.12, 6.22, 2.44, 3.36, 9.17, 7.83, 6.34, 6.62], [3.27, 2.76, 4.64, 7.61, 13.8, 7.46, 10.54, 2.68, 4.84, 13.19, 0.3, 2.15, 7.82, 12.43, 5.04, 4.87, 7.07, 9.13, 4.79, 8.4, 4.08, 11.05, 6.0, 7.27, 4.53, 4.01, 12.09, 1.1, 5.01, 3.66, 6.37, 5.57, 0.0, 5.53, 11.29, 2.49, 1.02, 9.51, 5.33, 11.04, 5.28, 10.95, 2.73, 1.51, 12.89, 3.57, 5.91, 10.11, 0.6, 4.06], [4.78, 10.51, 1.57, 5.56, 5.34, 14.85, 1.95, 1.97, 5.68, 8.87, 4.3, 5.66, 8.18, 16.86, 1.94, 0.88, 1.77, 4.55, 2.95, 2.0, 0.9, 12.56, 7.25, 15.5, 7.23, 3.67, 9.0, 3.73, 0.32, 3.32, 0.63, 1.24, 2.63, 0.0, 2.41, 6.61, 8.79, 9.55, 1.27, 4.95, 1.29, 4.57, 8.11, 1.57, 2.67, 13.0, 7.8, 10.17, 5.31, 2.16], [9.89, 0.0, 10.77, 6.02, 2.23, 3.32, 4.43, 15.36, 2.54, 3.17, 7.94, 9.2, 2.36, 5.99, 7.19, 3.44, 2.07, 3.13, 5.77, 2.99, 2.41, 0.81, 1.42, 2.21, 4.11, 7.52, 3.15, 3.0, 5.72, 1.83, 5.09, 4.37, 5.1, 4.69, 0.0, 7.39, 5.34, 5.4, 9.83, 4.66, 13.12, 3.86, 9.32, 9.27, 2.86, 0.98, 13.25, 3.48, 15.21, 8.08], [5.24, 8.79, 8.64, 7.52, 11.44, 12.96, 13.08, 0.89, 12.56, 6.05, 2.52, 7.77, 2.19, 7.74, 8.37, 6.47, 6.35, 13.65, 5.64, 19.41, 9.31, 14.68, 9.05, 11.96, 16.12, 11.16, 18.6, 9.46, 6.59, 11.66, 10.75, 7.23, 0.67, 5.84, 2.15, 0.0, 2.35, 4.24, 6.55, 17.23, 9.46, 3.68, 5.07, 1.39, 17.71, 15.21, 7.83, 5.71, 0.82, 2.46], [4.37, 5.01, 10.8, 17.61, 3.6, 5.25, 10.17, 6.37, 10.06, 6.46, 3.17, 0.57, 8.74, 4.4, 2.97, 9.71, 1.84, 6.18, 5.42, 9.57, 5.5, 13.9, 2.09, 5.17, 10.36, 2.36, 11.29, 8.31, 10.91, 7.05, 14.02, 7.15, 2.83, 9.53, 8.24, 8.95, 0.0, 11.76, 4.54, 13.2, 16.0, 4.24, 1.25, 5.09, 6.44, 5.38, 8.63, 2.41, 3.57, 3.72], [6.8, 3.64, 19.02, 3.26, 1.59, 2.23, 11.56, 11.75, 7.08, 1.85, 8.64, 5.39, 6.63, 1.61, 4.98, 2.46, 0.68, 10.25, 13.84, 2.24, 3.24, 5.64, 1.55, 1.48, 2.01, 5.6, 10.56, 14.4, 7.59, 14.53, 3.1, 11.72, 7.11, 10.14, 7.51, 7.58, 11.71, 0.0, 4.9, 18.68, 7.24, 3.58, 4.72, 5.41, 4.43, 2.43, 20.37, 4.23, 14.65, 19.46], [8.7, 4.62, 5.16, 1.56, 10.72, 12.88, 2.23, 8.73, 7.14, 10.97, 4.19, 2.94, 2.58, 15.51, 17.81, 2.36, 9.29, 1.97, 2.92, 11.57, 7.4, 2.14, 8.05, 6.38, 3.05, 3.34, 10.21, 2.81, 1.15, 2.05, 0.21, 4.33, 2.74, 1.31, 2.26, 3.37, 1.84, 9.93, 0.0, 4.38, 0.29, 12.0, 3.82, 6.61, 7.02, 13.37, 1.73, 1.81, 10.98, 9.05], [2.86, 9.85, 1.24, 3.88, 12.05, 6.23, 2.98, 10.49, 10.27, 12.81, 1.98, 12.58, 5.51, 18.08, 22.96, 7.96, 7.65, 2.31, 3.67, 6.01, 4.14, 5.24, 7.05, 5.31, 9.57, 4.43, 4.71, 3.47, 1.61, 0.75, 3.51, 6.83, 13.1, 4.98, 3.03, 10.16, 12.31, 16.86, 0.93, 0.0, 1.11, 13.54, 17.72, 4.38, 5.51, 5.76, 0.0, 7.14, 4.69, 9.9], [1.59, 12.13, 0.84, 7.42, 5.28, 5.26, 3.76, 7.66, 2.23, 12.94, 3.56, 8.09, 4.71, 10.73, 2.13, 2.33, 10.07, 0.88, 3.78, 15.27, 5.19, 8.08, 9.06, 8.7, 4.32, 6.33, 6.59, 1.86, 2.29, 0.64, 0.67, 3.64, 1.76, 0.72, 2.08, 3.97, 7.02, 11.74, 0.97, 3.24, 0.0, 17.79, 4.57, 5.85, 9.82, 2.92, 1.47, 14.04, 10.24, 7.52], [9.64, 12.42, 19.53, 17.18, 3.11, 2.84, 5.79, 9.63, 7.39, 6.03, 4.26, 5.63, 2.15, 1.98, 1.52, 4.68, 13.43, 14.95, 4.02, 3.55, 5.09, 17.31, 4.1, 3.91, 3.57, 2.49, 10.13, 8.92, 3.53, 11.36, 9.95, 3.25, 4.47, 7.72, 15.01, 11.89, 4.64, 1.92, 12.83, 12.21, 10.4, 0.0, 0.79, 11.91, 12.19, 19.85, 13.23, 2.35, 8.66, 4.28], [5.03, 2.21, 11.43, 16.96, 0.7, 1.58, 3.62, 8.72, 8.69, 4.14, 5.82, 3.98, 9.22, 5.77, 3.69, 2.74, 7.86, 15.06, 7.51, 1.86, 2.06, 11.77, 2.87, 3.41, 6.09, 0.8, 12.74, 12.85, 1.38, 6.33, 10.03, 6.17, 4.01, 7.05, 6.15, 8.05, 0.73, 8.53, 3.5, 11.57, 15.91, 0.63, 0.0, 3.84, 3.22, 6.84, 8.46, 4.25, 9.53, 2.48], [1.67, 11.72, 5.54, 11.49, 12.82, 7.57, 10.92, 1.94, 2.95, 8.81, 0.87, 6.62, 2.2, 5.76, 2.58, 3.03, 9.45, 7.42, 1.54, 12.61, 6.92, 14.73, 8.78, 13.31, 14.3, 1.31, 6.27, 2.43, 2.69, 4.69, 5.63, 4.77, 0.46, 3.55, 6.55, 3.22, 4.11, 17.2, 6.41, 1.39, 3.82, 7.88, 2.55, 0.0, 13.74, 12.28, 2.65, 9.97, 2.73, 3.03], [6.71, 1.7, 6.45, 2.5, 4.05, 9.07, 0.74, 16.98, 4.82, 6.16, 1.97, 9.08, 1.03, 7.18, 17.32, 4.3, 5.73, 5.7, 8.01, 5.83, 5.08, 0.81, 2.83, 8.98, 7.67, 10.25, 0.18, 6.74, 11.02, 3.38, 1.14, 5.35, 11.74, 2.55, 0.46, 2.29, 11.27, 8.86, 7.39, 8.37, 4.49, 3.27, 8.25, 9.19, 0.0, 1.46, 10.3, 1.76, 17.6, 17.17], [2.44, 1.33, 6.49, 5.76, 2.12, 2.41, 5.33, 20.09, 5.53, 2.99, 8.03, 8.78, 7.05, 12.75, 16.23, 8.0, 3.12, 5.21, 11.7, 2.66, 5.33, 2.06, 3.36, 8.12, 3.16, 15.69, 1.49, 9.52, 9.19, 1.43, 1.85, 8.5, 12.94, 8.81, 0.7, 14.75, 2.27, 9.97, 4.68, 2.19, 11.86, 10.38, 1.84, 13.78, 1.81, 0.0, 13.32, 1.25, 7.51, 19.39], [14.11, 13.1, 2.32, 6.83, 6.73, 3.15, 0.99, 3.22, 10.49, 10.24, 10.32, 6.19, 5.22, 15.97, 7.13, 9.69, 6.5, 4.04, 10.13, 15.31, 2.83, 13.21, 2.27, 16.9, 5.98, 20.2, 5.58, 1.97, 2.69, 1.87, 0.96, 6.99, 14.46, 4.08, 8.11, 7.07, 5.82, 19.67, 5.38, 0.0, 0.75, 22.23, 8.79, 5.79, 3.65, 3.5, 0.0, 3.95, 10.19, 7.55], [9.39, 2.29, 8.79, 9.34, 6.31, 2.58, 5.38, 9.95, 1.6, 0.0, 4.67, 1.62, 3.64, 0.88, 3.5, 6.58, 1.22, 8.55, 6.09, 2.67, 3.74, 1.93, 0.99, 6.76, 0.7, 3.77, 4.95, 9.7, 5.59, 2.04, 13.76, 2.09, 8.59, 12.12, 0.75, 3.17, 3.34, 2.14, 2.48, 7.85, 8.13, 2.69, 3.82, 14.32, 7.19, 6.6, 16.03, 0.0, 11.57, 3.34], [5.2, 6.84, 14.07, 17.36, 4.24, 7.52, 5.02, 0.0, 7.63, 10.09, 2.47, 6.11, 1.49, 2.59, 1.52, 9.38, 17.75, 15.88, 2.46, 11.79, 4.95, 12.61, 3.01, 5.85, 16.75, 7.16, 7.33, 10.51, 3.86, 12.26, 9.69, 4.48, 1.19, 6.48, 8.38, 0.99, 5.95, 14.44, 8.17, 12.81, 4.72, 7.44, 1.79, 2.4, 10.16, 18.34, 5.16, 2.41, 0.0, 0.87], [3.76, 8.65, 14.15, 11.73, 10.33, 2.19, 3.44, 1.95, 12.54, 16.56, 2.99, 5.33, 2.13, 3.59, 3.23, 9.45, 7.46, 13.96, 6.34, 15.07, 3.61, 14.15, 12.1, 18.03, 11.21, 4.96, 12.35, 8.48, 7.95, 10.08, 4.24, 11.21, 4.12, 6.76, 3.16, 0.47, 1.56, 10.44, 8.99, 6.65, 6.94, 11.14, 8.56, 0.87, 15.62, 12.23, 1.96, 2.97, 2.61, 0.0]]
vans = [6, 10, 8]

