J = [0, 1, 2]
K = [3, 4]
L = [5, 6, 7]
I = [0, 1, 2, 3, 4, 5, 6, 7]
N = [0, 1, 2, 3, 4, 5, 6, 7, 8, 9, 10, 11, 12, 13, 14, 15, 16, 17, 18, 19, 20, 21, 22, 23, 24, 25, 26, 27, 28, 29, 30, 31, 32, 33, 34, 35, 36, 37, 38, 39, 40, 41, 42, 43, 44, 45, 46, 47, 48, 49, 50, 51, 52, 53, 54, 55, 56, 57, 58, 59, 60, 61, 62, 63, 64, 65, 66, 67, 68, 69, 70, 71, 72, 73, 74, 75, 76, 77, 78, 79, 80, 81, 82, 83, 84, 85, 86, 87, 88, 89, 90, 91, 92, 93, 94, 95, 96, 97, 98, 99]
demand = [746, 461, 617, 556, 825, 1190, 762, 544, 1071, 1039, 1127, 447, 1129, 1009, 558, 1023, 420, 749, 1060, 730, 950, 1103, 1075, 657, 514, 1131, 696, 1057, 552, 1025, 423, 1000, 886, 420, 671, 806, 762, 640, 741, 910, 766, 678, 1026, 481, 993, 570, 1090, 558, 690, 994, 525, 717, 861, 473, 766, 743, 1055, 542, 714, 478, 840, 987, 579, 652, 696, 878, 536, 415, 855, 414, 830, 452, 924, 757, 523, 791, 763, 1054, 904, 450, 818, 473, 789, 696, 711, 1104, 998, 839, 575, 817, 506, 717, 884, 975, 1124, 422, 472, 471, 490, 1144]
hub = [1, 2, 2, 1, 1, 1, 1, 0, 2, 1, 0, 1, 0, 2, 1, 2, 2, 2, 0, 0, 2, 2, 1, 1, 0, 2, 2, 1, 0, 1, 1, 1, 2, 0, 0, 2, 0, 1, 2, 1, 0, 1, 2, 0, 1, 2, 2, 2, 0, 1, 0, 0, 2, 1, 0, 1, 0, 2, 2, 1, 2, 1, 2, 0, 1, 1, 0, 2, 0, 2, 0, 0, 1, 2, 2, 2, 2, 0, 1, 0, 2, 2, 2, 2, 0, 0, 0, 2, 1, 0, 0, 2, 2, 1, 0, 2, 0, 0, 0, 0]
release = [39, 14, 33, 5, 18, 22, 31, 44, 16, 32, 29, 24, 29, 34, 15, 8, 35, 43, 7, 40, 18, 25, 48, 3, 41, 6, 37, 38, 46, 15, 7, 1, 21, 34, 48, 14, 38, 31, 42, 48, 42, 42, 31, 12, 37, 17, 47, 3, 47, 27, 8, 7, 20, 15, 45, 39, 40, 36, 6, 37, 24, 41, 36, 23, 25, 5, 24, 8, 15, 39, 8, 30, 38, 26, 21, 39, 5, 14, 13, 40, 43, 20, 33, 48, 35, 41, 6, 37, 30, 10, 46, 14, 29, 1, 6, 23, 43, 15, 40, 14]
Nj = [[7, 10, 12, 18, 19, 24, 28, 33, 34, 36, 40, 43, 48, 50, 51, 54, 56, 63, 66, 68, 70, 71, 77, 79, 84, 85, 86, 89, 90, 94, 96, 97, 98, 99], [0, 3, 4, 5, 6, 9, 11, 14, 22, 23, 27, 29, 30, 31, 37, 39, 41, 44, 49, 53, 55, 59, 61, 64, 65, 72, 78, 88, 93], [1, 2, 8, 13, 15, 16, 17, 20, 21, 25, 26, 32, 35, 38, 42, 45, 46, 47, 52, 57, 58, 60, 62, 67, 69, 73, 74, 75, 76, 80, 81, 82, 83, 87, 91, 92, 95]]
Gj = [[0, 1, 2, 3, 4, 5, 6, 7, 8, 9, 10, 11, 12, 13, 14, 15, 16, 17, 18, 19, 20, 21, 22, 23, 24, 25, 26, 27, 28, 29, 30, 31, 32, 33], [34, 35, 36, 37, 38, 39, 40, 41, 42, 43, 44, 45, 46, 47, 48, 49, 50, 51, 52, 53, 54, 55, 56, 57, 58, 59, 60, 61, 62], [63, 64, 65, 66, 67, 68, 69, 70, 71, 72, 73, 74, 75, 76, 77, 78, 79, 80, 81, 82, 83, 84, 85, 86, 87, 88, 89, 90, 91, 92, 93, 94, 95, 96, 97, 98, 99]]
G = [0, 1, 2, 3, 4, 5, 6, 7, 8, 9, 10, 11, 12, 13, 14, 15, 16, 17, 18, 19, 20, 21, 22, 23, 24, 25, 26, 27, 28, 29, 30, 31, 32, 33, 34, 35, 36, 37, 38, 39, 40, 41, 42, 43, 44, 45, 46, 47, 48, 49, 50, 51, 52, 53, 54, 55, 56, 57, 58, 59, 60, 61, 62, 63, 64, 65, 66, 67, 68, 69, 70, 71, 72, 73, 74, 75, 76, 77, 78, 79, 80, 81, 82, 83, 84, 85, 86, 87, 88, 89, 90, 91, 92, 93, 94, 95, 96, 97, 98, 99]
deadline = [216, 192, 216, 168, 216, 216, 216, 216, 240, 168, 216, 216, 168, 216, 192, 192, 168, 216, 168, 240, 168, 192, 240, 168, 192, 168, 168, 216, 240, 216, 192, 168, 192, 216, 168, 168, 240, 168, 168, 192, 240, 216, 192, 216, 192, 192, 240, 216, 240, 192, 192, 192, 192, 240, 216, 216, 192, 192, 192, 240, 168, 168, 168, 168, 192, 240, 216, 168, 240, 216, 216, 240, 192, 168, 192, 168, 168, 192, 168, 168, 216, 240, 192, 216, 240, 216, 192, 192, 168, 168, 216, 192, 168, 168, 216, 192, 192, 168, 240, 192]
weight = [60, 60, 90, 80, 60, 90, 40, 60, 50, 20, 80, 20, 40, 60, 30, 60, 10, 60, 30, 30, 90, 90, 10, 20, 50, 100, 60, 30, 30, 10, 10, 20, 20, 90, 40, 90, 10, 10, 20, 80, 30, 100, 10, 20, 30, 100, 50, 60, 30, 100, 20, 50, 10, 80, 70, 100, 30, 20, 90, 90, 90, 50, 20, 40, 60, 60, 50, 100, 60, 50, 90, 80, 40, 60, 50, 30, 40, 40, 50, 30, 50, 50, 60, 10, 70, 30, 100, 20, 100, 50, 80, 10, 60, 30, 30, 10, 100, 100, 10, 20]
q = 2000
M = [0, 1, 2]
M_description = ['Road', 'Rail', 'Ship']
accessibility = [[1, 1, 0], [1, 1, 0], [1, 1, 1], [1, 1, 1], [1, 1, 1], [1, 1, 1], [1, 0, 1], [1, 1, 1]]
S = [0, 1, 2, 3, 4, 5, 6, 7, 8, 9, 10, 11, 12, 13, 14, 15, 16, 17, 18, 19, 20, 21, 22, 23, 24, 25, 26, 27, 28, 29, 30, 31, 32, 33, 34, 35, 36, 37, 38, 39, 40, 41, 42, 43, 44, 45, 46, 47, 48, 49, 50, 51, 52, 53, 54, 55, 56, 57, 58, 59, 60, 61, 62, 63, 64, 65, 66, 67, 68, 69, 70, 71, 72, 73, 74, 75, 76, 77, 78, 79, 80, 81, 82, 83, 84, 85, 86, 87, 88, 89, 90, 91, 92, 93, 94, 95, 96, 97, 98, 99, 100, 101, 102, 103, 104, 105, 106, 107, 108, 109, 110, 111, 112, 113, 114, 115, 116, 117, 118, 119, 120, 121, 122, 123, 124, 125, 126, 127, 128, 129, 130, 131, 132, 133, 134, 135, 136, 137, 138, 139, 140, 141, 142, 143, 144, 145, 146, 147, 148, 149, 150, 151, 152, 153, 154, 155, 156, 157, 158, 159, 160, 161, 162, 163, 164, 165, 166, 167, 168, 169, 170, 171, 172, 173, 174, 175, 176, 177, 178, 179, 180, 181, 182, 183, 184, 185, 186, 187, 188, 189, 190, 191, 192, 193, 194, 195, 196, 197, 198, 199, 200, 201, 202, 203, 204, 205, 206, 207, 208, 209, 210, 211, 212, 213, 214, 215, 216, 217, 218, 219, 220, 221, 222, 223, 224, 225, 226, 227, 228, 229, 230, 231, 232, 233, 234, 235, 236, 237, 238, 239, 240, 241, 242, 243, 244, 245, 246, 247, 248, 249, 250, 251, 252, 253, 254, 255, 256, 257, 258, 259, 260, 261, 262, 263, 264, 265, 266, 267, 268, 269, 270, 271, 272, 273, 274]
origin = [0, 0, 0, 0, 0, 0, 0, 0, 0, 0, 0, 0, 0, 0, 0, 0, 0, 0, 0, 0, 0, 0, 0, 0, 0, 0, 0, 0, 1, 1, 1, 1, 1, 1, 1, 1, 1, 1, 1, 1, 1, 1, 1, 1, 1, 1, 1, 1, 1, 1, 1, 1, 1, 1, 1, 1, 2, 2, 2, 2, 2, 2, 2, 2, 2, 2, 2, 2, 2, 2, 2, 2, 2, 2, 2, 2, 2, 2, 2, 2, 2, 2, 2, 2, 3, 3, 3, 3, 3, 3, 3, 3, 3, 3, 3, 3, 3, 3, 3, 3, 3, 3, 3, 3, 3, 3, 3, 3, 3, 3, 3, 3, 4, 4, 4, 4, 4, 4, 4, 4, 4, 4, 4, 4, 4, 4, 4, 4, 4, 4, 4, 4, 4, 4, 4, 4, 4, 4, 4, 4, 0, 0, 0, 0, 0, 0, 0, 0, 0, 0, 0, 0, 0, 0, 0, 0, 0, 0, 1, 1, 1, 1, 1, 1, 1, 1, 1, 1, 1, 1, 1, 1, 1, 1, 1, 1, 2, 2, 2, 2, 2, 2, 2, 2, 2, 2, 2, 2, 2, 2, 2, 2, 2, 2, 3, 3, 3, 3, 3, 3, 3, 3, 3, 3, 3, 3, 3, 3, 3, 3, 3, 3, 4, 4, 4, 4, 4, 4, 4, 4, 4, 4, 4, 4, 4, 4, 4, 4, 4, 4, 2, 2, 2, 2, 2, 2, 2, 2, 2, 2, 2, 2, 2, 2, 2, 3, 3, 3, 3, 3, 3, 3, 3, 3, 3, 3, 3, 3, 3, 3, 4, 4, 4, 4, 4, 4, 4, 4, 4, 4, 4, 4, 4, 4, 4]
destination = [1, 1, 1, 1, 2, 2, 2, 2, 3, 3, 3, 3, 4, 4, 4, 4, 5, 5, 5, 5, 6, 6, 6, 6, 7, 7, 7, 7, 0, 0, 0, 0, 2, 2, 2, 2, 3, 3, 3, 3, 4, 4, 4, 4, 5, 5, 5, 5, 6, 6, 6, 6, 7, 7, 7, 7, 0, 0, 0, 0, 1, 1, 1, 1, 3, 3, 3, 3, 4, 4, 4, 4, 5, 5, 5, 5, 6, 6, 6, 6, 7, 7, 7, 7, 0, 0, 0, 0, 1, 1, 1, 1, 2, 2, 2, 2, 4, 4, 4, 4, 5, 5, 5, 5, 6, 6, 6, 6, 7, 7, 7, 7, 0, 0, 0, 0, 1, 1, 1, 1, 2, 2, 2, 2, 3, 3, 3, 3, 5, 5, 5, 5, 6, 6, 6, 6, 7, 7, 7, 7, 1, 1, 1, 2, 2, 2, 3, 3, 3, 4, 4, 4, 5, 5, 5, 7, 7, 7, 0, 0, 0, 2, 2, 2, 3, 3, 3, 4, 4, 4, 5, 5, 5, 7, 7, 7, 0, 0, 0, 1, 1, 1, 3, 3, 3, 4, 4, 4, 5, 5, 5, 7, 7, 7, 0, 0, 0, 1, 1, 1, 2, 2, 2, 4, 4, 4, 5, 5, 5, 7, 7, 7, 0, 0, 0, 1, 1, 1, 2, 2, 2, 3, 3, 3, 5, 5, 5, 7, 7, 7, 3, 3, 3, 4, 4, 4, 5, 5, 5, 6, 6, 6, 7, 7, 7, 2, 2, 2, 4, 4, 4, 5, 5, 5, 6, 6, 6, 7, 7, 7, 2, 2, 2, 3, 3, 3, 5, 5, 5, 6, 6, 6, 7, 7, 7]
departure = [8, 56, 104, 152, 8, 56, 104, 152, 8, 56, 104, 152, 8, 56, 104, 152, 8, 56, 104, 152, 8, 56, 104, 152, 8, 56, 104, 152, 8, 56, 104, 152, 8, 56, 104, 152, 8, 56, 104, 152, 8, 56, 104, 152, 8, 56, 104, 152, 8, 56, 104, 152, 8, 56, 104, 152, 8, 56, 104, 152, 8, 56, 104, 152, 8, 56, 104, 152, 8, 56, 104, 152, 8, 56, 104, 152, 8, 56, 104, 152, 8, 56, 104, 152, 12, 60, 108, 156, 12, 60, 108, 156, 12, 60, 108, 156, 12, 60, 108, 156, 12, 60, 108, 156, 12, 60, 108, 156, 12, 60, 108, 156, 12, 60, 108, 156, 12, 60, 108, 156, 12, 60, 108, 156, 12, 60, 108, 156, 12, 60, 108, 156, 12, 60, 108, 156, 12, 60, 108, 156, 33, 81, 129, 33, 81, 129, 33, 81, 129, 33, 81, 129, 33, 81, 129, 33, 81, 129, 33, 81, 129, 33, 81, 129, 33, 81, 129, 33, 81, 129, 33, 81, 129, 33, 81, 129, 33, 81, 129, 33, 81, 129, 33, 81, 129, 33, 81, 129, 33, 81, 129, 33, 81, 129, 37, 85, 133, 37, 85, 133, 37, 85, 133, 37, 85, 133, 37, 85, 133, 37, 85, 133, 37, 85, 133, 37, 85, 133, 37, 85, 133, 37, 85, 133, 37, 85, 133, 37, 85, 133, 10, 58, 106, 10, 58, 106, 10, 58, 106, 10, 58, 106, 10, 58, 106, 13, 61, 109, 13, 61, 109, 13, 61, 109, 13, 61, 109, 13, 61, 109, 13, 61, 109, 13, 61, 109, 13, 61, 109, 13, 61, 109, 13, 61, 109]
arrival = [100, 100, 172, 244, 100, 148, 124, 196, 84, 108, 180, 252, 84, 156, 204, 228, 88, 136, 232, 304, 160, 160, 208, 280, 112, 208, 256, 280, 100, 76, 124, 220, 28, 124, 124, 220, 84, 156, 180, 204, 84, 156, 156, 204, 136, 160, 208, 232, 160, 136, 184, 304, 160, 184, 208, 232, 100, 124, 172, 196, 76, 100, 148, 172, 84, 156, 156, 204, 84, 156, 156, 204, 88, 208, 184, 256, 160, 136, 256, 304, 136, 160, 256, 256, 104, 104, 200, 176, 104, 152, 176, 200, 104, 128, 128, 224, 112, 112, 208, 232, 140, 140, 236, 260, 140, 212, 236, 260, 116, 212, 236, 260, 104, 152, 152, 200, 80, 104, 152, 248, 80, 152, 128, 176, 112, 136, 160, 232, 116, 140, 188, 284, 92, 140, 236, 260, 116, 188, 236, 284, 78, 150, 174, 102, 102, 150, 110, 182, 206, 134, 182, 206, 162, 162, 234, 138, 186, 210, 126, 150, 150, 126, 126, 198, 86, 182, 182, 86, 182, 182, 114, 162, 258, 114, 162, 234, 54, 102, 222, 54, 126, 198, 134, 158, 230, 110, 182, 230, 138, 210, 234, 186, 234, 282, 58, 106, 178, 58, 130, 178, 106, 106, 178, 90, 162, 210, 118, 190, 238, 118, 166, 286, 82, 178, 226, 106, 106, 226, 58, 178, 226, 138, 162, 186, 142, 190, 238, 118, 190, 238, 64, 136, 160, 112, 112, 208, 116, 212, 260, 116, 164, 212, 116, 140, 188, 82, 154, 178, 66, 138, 186, 94, 214, 262, 118, 166, 238, 94, 214, 190, 34, 82, 178, 66, 138, 210, 94, 142, 214, 94, 214, 214, 142, 214, 238]
Q = [2, 2, 2, 4, 4, 2, 2, 2, 2, 4, 4, 4, 2, 2, 4, 4, 4, 4, 4, 2, 4, 4, 4, 2, 4, 4, 4, 4, 4, 4, 2, 4, 4, 2, 4, 4, 4, 2, 2, 2, 4, 4, 2, 2, 2, 4, 4, 4, 4, 4, 4, 2, 2, 2, 2, 4, 2, 2, 4, 4, 4, 2, 2, 4, 2, 2, 4, 4, 2, 2, 4, 4, 2, 2, 4, 4, 4, 2, 4, 2, 2, 4, 2, 2, 2, 2, 4, 4, 4, 4, 4, 4, 4, 2, 4, 2, 4, 2, 4, 4, 2, 4, 4, 2, 4, 2, 2, 4, 4, 4, 4, 2, 4, 4, 2, 4, 4, 2, 4, 4, 4, 2, 4, 4, 2, 2, 2, 4, 4, 2, 2, 4, 2, 4, 4, 4, 4, 4, 2, 2, 6, 3, 3, 6, 3, 6, 6, 3, 6, 3, 6, 6, 6, 6, 3, 6, 3, 3, 6, 3, 6, 6, 3, 3, 6, 6, 6, 6, 3, 3, 6, 3, 3, 6, 6, 3, 6, 3, 6, 3, 6, 3, 6, 6, 3, 6, 3, 6, 3, 3, 3, 6, 3, 6, 3, 6, 6, 6, 6, 3, 6, 6, 6, 3, 3, 6, 6, 6, 3, 6, 6, 6, 3, 3, 3, 6, 6, 6, 3, 6, 3, 6, 3, 3, 3, 6, 6, 3, 3, 3, 5, 10, 10, 10, 10, 10, 5, 5, 10, 5, 10, 10, 5, 10, 10, 5, 10, 5, 5, 10, 10, 5, 5, 5, 10, 10, 10, 5, 5, 5, 5, 10, 5, 10, 5, 10, 5, 5, 5, 5, 10, 10, 5, 5, 5]
cfixed = [285, 230, 297, 284, 277, 293, 295, 203, 204, 250, 273, 258, 266, 266, 264, 214, 247, 216, 215, 209, 248, 209, 228, 228, 294, 226, 291, 275, 244, 266, 230, 253, 235, 220, 294, 200, 259, 247, 219, 243, 259, 239, 287, 287, 241, 293, 246, 214, 298, 300, 289, 222, 217, 260, 251, 259, 265, 238, 277, 269, 281, 206, 297, 233, 255, 299, 210, 214, 250, 229, 258, 221, 298, 247, 272, 204, 239, 222, 230, 261, 217, 202, 294, 262, 202, 220, 289, 228, 211, 201, 204, 208, 261, 220, 252, 249, 257, 265, 263, 235, 268, 290, 260, 206, 296, 201, 270, 269, 248, 279, 292, 213, 263, 300, 216, 248, 213, 200, 253, 290, 221, 246, 206, 260, 223, 266, 209, 248, 289, 222, 298, 236, 258, 234, 225, 203, 286, 278, 225, 212, 434, 461, 315, 356, 342, 342, 462, 476, 323, 493, 450, 330, 459, 379, 481, 333, 408, 406, 437, 438, 442, 473, 440, 372, 480, 438, 383, 410, 303, 491, 468, 403, 365, 310, 432, 475, 500, 443, 316, 475, 500, 336, 347, 396, 394, 363, 436, 367, 399, 493, 393, 360, 419, 487, 301, 440, 482, 323, 398, 353, 336, 326, 346, 490, 304, 411, 355, 333, 499, 452, 338, 422, 380, 496, 484, 377, 413, 364, 396, 496, 354, 332, 307, 401, 416, 300, 302, 370, 474, 414, 635, 545, 639, 622, 635, 547, 655, 502, 610, 695, 621, 542, 656, 508, 601, 665, 505, 576, 682, 655, 635, 640, 524, 613, 625, 680, 692, 631, 568, 513, 501, 660, 590, 617, 566, 679, 526, 587, 592, 664, 620, 629, 641, 510, 631]
ctravel = [92, 44, 68, 92, 92, 92, 20, 44, 76, 52, 76, 100, 76, 100, 100, 76, 80, 80, 128, 152, 152, 104, 104, 128, 104, 152, 152, 128, 92, 20, 20, 68, 20, 68, 20, 68, 76, 100, 76, 52, 76, 100, 52, 52, 128, 104, 104, 80, 152, 80, 80, 152, 152, 128, 104, 80, 92, 68, 68, 44, 68, 44, 44, 20, 76, 100, 52, 52, 76, 100, 52, 52, 80, 152, 80, 104, 152, 80, 152, 152, 128, 104, 152, 104, 92, 44, 92, 20, 92, 92, 68, 44, 92, 68, 20, 68, 100, 52, 100, 76, 128, 80, 128, 104, 128, 152, 128, 104, 104, 152, 128, 104, 92, 92, 44, 44, 68, 44, 44, 92, 68, 92, 20, 20, 100, 76, 52, 76, 104, 80, 80, 128, 80, 80, 128, 104, 104, 128, 128, 128, 36.0, 55.2, 36.0, 55.2, 16.8, 16.8, 61.6, 80.80000000000001, 61.6, 80.80000000000001, 80.80000000000001, 61.6, 103.2, 64.8, 84.0, 84.0, 84.0, 64.8, 74.4, 55.2, 16.8, 74.4, 36.0, 55.2, 42.400000000000006, 80.80000000000001, 42.400000000000006, 42.400000000000006, 80.80000000000001, 42.400000000000006, 64.8, 64.8, 103.2, 64.8, 64.8, 84.0, 16.8, 16.8, 74.4, 16.8, 36.0, 55.2, 80.80000000000001, 61.6, 80.80000000000001, 61.6, 80.80000000000001, 80.80000000000001, 84.0, 103.2, 84.0, 122.4, 122.4, 122.4, 16.8, 16.8, 36.0, 16.8, 36.0, 36.0, 55.2, 16.8, 36.0, 42.400000000000006, 61.6, 61.6, 64.8, 84.0, 84.0, 64.8, 64.8, 122.4, 36.0, 74.4, 74.4, 55.2, 16.8, 74.4, 16.8, 74.4, 74.4, 80.80000000000001, 61.6, 42.400000000000006, 84.0, 84.0, 84.0, 64.8, 84.0, 84.0, 32.4, 46.8, 32.4, 61.199999999999996, 32.4, 61.199999999999996, 63.599999999999994, 92.39999999999999, 92.39999999999999, 63.599999999999994, 63.599999999999994, 63.599999999999994, 63.599999999999994, 49.199999999999996, 49.199999999999996, 41.4, 55.8, 41.4, 31.799999999999997, 46.199999999999996, 46.199999999999996, 48.6, 91.8, 91.8, 63.0, 63.0, 77.39999999999999, 48.6, 91.8, 48.6, 12.6, 12.6, 41.4, 31.799999999999997, 46.199999999999996, 60.599999999999994, 48.6, 48.6, 63.0, 48.6, 91.8, 63.0, 77.39999999999999, 91.8, 77.39999999999999]
mode = [0, 0, 0, 0, 0, 0, 0, 0, 0, 0, 0, 0, 0, 0, 0, 0, 0, 0, 0, 0, 0, 0, 0, 0, 0, 0, 0, 0, 0, 0, 0, 0, 0, 0, 0, 0, 0, 0, 0, 0, 0, 0, 0, 0, 0, 0, 0, 0, 0, 0, 0, 0, 0, 0, 0, 0, 0, 0, 0, 0, 0, 0, 0, 0, 0, 0, 0, 0, 0, 0, 0, 0, 0, 0, 0, 0, 0, 0, 0, 0, 0, 0, 0, 0, 0, 0, 0, 0, 0, 0, 0, 0, 0, 0, 0, 0, 0, 0, 0, 0, 0, 0, 0, 0, 0, 0, 0, 0, 0, 0, 0, 0, 0, 0, 0, 0, 0, 0, 0, 0, 0, 0, 0, 0, 0, 0, 0, 0, 0, 0, 0, 0, 0, 0, 0, 0, 0, 0, 0, 0, 1, 1, 1, 1, 1, 1, 1, 1, 1, 1, 1, 1, 1, 1, 1, 1, 1, 1, 1, 1, 1, 1, 1, 1, 1, 1, 1, 1, 1, 1, 1, 1, 1, 1, 1, 1, 1, 1, 1, 1, 1, 1, 1, 1, 1, 1, 1, 1, 1, 1, 1, 1, 1, 1, 1, 1, 1, 1, 1, 1, 1, 1, 1, 1, 1, 1, 1, 1, 1, 1, 1, 1, 1, 1, 1, 1, 1, 1, 1, 1, 1, 1, 1, 1, 1, 1, 1, 1, 1, 1, 2, 2, 2, 2, 2, 2, 2, 2, 2, 2, 2, 2, 2, 2, 2, 2, 2, 2, 2, 2, 2, 2, 2, 2, 2, 2, 2, 2, 2, 2, 2, 2, 2, 2, 2, 2, 2, 2, 2, 2, 2, 2, 2, 2, 2]
delivery_process = ['Direct-Shipment', 'Cross-Docking', 'Cross-Docking']
distance_ln = [[0.71, 3.45, 6.06, 11.33, 2.43, 1.09, 10.86, 2.08, 4.51, 4.15, 1.79, 13.98, 2.48, 13.49, 0.96, 12.4, 5.56, 5.05, 6.94, 4.91, 3.63, 0.44, 7.82, 8.46, 11.07, 8.87, 1.9, 3.46, 6.86, 4.73, 9.3, 4.91, 7.45, 11.24, 1.45, 7.22, 4.41, 2.85, 5.86, 5.66, 4.26, 11.05, 4.31, 4.59, 2.9, 7.82, 0.94, 4.25, 5.13, 1.06, 4.36, 10.73, 1.43, 2.5, 14.49, 8.85, 1.34, 0.99, 1.11, 6.98, 3.72, 4.25, 4.36, 3.25, 7.74, 3.62, 2.43, 3.81, 14.12, 13.95, 2.08, 5.29, 2.8, 9.07, 1.73, 3.09, 7.67, 2.03, 0.47, 2.93, 4.6, 1.96, 1.51, 8.27, 8.99, 3.54, 8.11, 3.59, 4.01, 12.93, 3.05, 1.52, 3.7, 2.45, 4.35, 3.44, 7.03, 10.19, 9.9, 5.59], [11.71, 1.39, 6.93, 5.43, 2.78, 9.76, 14.87, 6.93, 5.22, 0.49, 3.04, 13.92, 11.63, 5.41, 12.58, 9.85, 4.48, 4.63, 1.27, 5.84, 0.54, 2.59, 1.46, 0.37, 3.84, 2.56, 0.16, 5.29, 0.87, 2.84, 10.91, 3.77, 8.74, 0.0, 10.26, 6.63, 2.93, 4.87, 2.95, 2.02, 2.17, 4.76, 4.46, 13.15, 6.64, 2.2, 4.51, 6.68, 7.47, 4.73, 7.3, 0.81, 12.68, 0.32, 8.28, 3.02, 15.58, 2.64, 5.29, 3.68, 1.58, 10.88, 12.3, 2.7, 8.69, 6.14, 10.1, 2.9, 5.39, 0.54, 1.93, 1.74, 3.87, 1.61, 1.98, 10.97, 3.14, 7.77, 8.43, 13.68, 1.32, 7.67, 7.77, 7.92, 1.95, 0.87, 5.1, 8.0, 6.23, 7.41, 9.09, 1.16, 6.66, 3.62, 17.35, 7.48, 0.84, 2.61, 2.79, 5.17], [4.94, 10.36, 5.6, 6.62, 6.98, 4.71, 15.53, 4.61, 2.5, 1.59, 1.52, 7.89, 4.61, 8.12, 2.24, 4.44, 14.17, 4.66, 8.06, 3.51, 4.04, 3.44, 5.63, 1.2, 9.62, 8.99, 11.89, 7.34, 6.79, 7.07, 12.04, 8.2, 2.63, 9.94, 1.17, 9.71, 7.45, 1.33, 13.89, 2.46, 1.62, 6.8, 3.88, 12.95, 4.96, 7.54, 1.83, 9.35, 3.58, 1.92, 2.6, 7.95, 7.72, 13.12, 9.93, 13.56, 4.6, 4.8, 3.97, 11.81, 2.13, 2.87, 2.21, 2.48, 20.1, 1.87, 2.31, 4.35, 17.94, 4.68, 8.34, 7.67, 1.52, 2.11, 5.8, 2.79, 3.27, 13.49, 3.38, 2.28, 2.22, 6.45, 1.73, 9.73, 1.52, 16.98, 10.72, 8.36, 9.65, 9.4, 4.43, 3.24, 5.88, 7.42, 5.1, 4.97, 6.34, 2.16, 5.66, 2.58]]
distance_nn = [[0.0, 2.81, 0.76, 3.6, 7.0, 0.94, 6.09, 1.44, 4.05, 4.28, 10.24, 7.9, 5.44, 4.28, 2.46, 2.36, 4.56, 1.15, 4.31, 1.43, 4.48, 1.99, 1.01, 2.77, 1.72, 3.43, 2.54, 7.18, 3.48, 8.97, 9.12, 6.61, 6.13, 11.56, 1.38, 2.75, 2.06, 2.54, 6.66, 1.93, 7.41, 1.46, 8.08, 4.03, 1.67, 2.23, 0.67, 13.76, 2.23, 5.71, 2.74, 14.69, 6.38, 9.03, 11.55, 13.29, 1.83, 4.75, 1.92, 3.01, 1.79, 6.42, 4.09, 4.68, 16.78, 10.74, 2.05, 1.04, 6.0, 2.99, 10.6, 4.82, 6.87, 5.37, 3.84, 4.53, 5.32, 10.76, 2.89, 5.05, 5.35, 12.17, 5.2, 8.82, 3.11, 11.83, 3.01, 3.94, 3.28, 13.61, 4.53, 5.34, 3.84, 9.29, 2.84, 4.49, 8.66, 8.42, 6.92, 7.04], [3.58, 0.0, 2.67, 3.3, 2.59, 5.04, 8.31, 5.89, 4.34, 2.56, 1.14, 7.4, 5.88, 7.66, 4.32, 6.65, 0.86, 1.49, 1.04, 5.36, 1.14, 1.7, 6.21, 0.98, 4.68, 3.57, 2.01, 3.33, 0.26, 1.64, 3.5, 2.91, 6.37, 2.61, 7.46, 3.62, 5.86, 5.04, 2.37, 2.76, 4.03, 8.09, 3.26, 4.63, 4.02, 2.83, 5.47, 5.86, 5.99, 2.22, 3.64, 2.42, 9.61, 2.98, 9.74, 5.19, 15.15, 1.51, 1.49, 3.93, 4.41, 12.36, 15.36, 10.14, 1.57, 13.45, 11.5, 1.47, 3.35, 1.05, 5.24, 3.96, 3.68, 3.24, 4.66, 11.53, 0.53, 11.55, 5.85, 4.27, 2.7, 6.97, 8.83, 6.61, 3.77, 2.79, 4.48, 4.84, 3.83, 10.2, 7.73, 2.39, 4.91, 8.36, 13.46, 7.47, 0.99, 0.0, 4.72, 5.36], [2.19, 5.99, 0.0, 3.68, 5.27, 1.34, 4.98, 1.17, 3.38, 2.25, 5.3, 7.96, 6.6, 6.52, 1.0, 4.83, 4.34, 4.43, 2.73, 10.77, 3.15, 2.0, 3.62, 6.72, 15.91, 5.83, 11.97, 1.55, 3.7, 6.15, 3.96, 2.35, 8.37, 7.91, 0.93, 2.15, 4.5, 4.18, 4.4, 3.1, 3.43, 14.58, 5.88, 0.65, 9.85, 14.0, 7.63, 11.1, 5.66, 5.5, 1.87, 14.6, 4.69, 12.82, 17.64, 15.14, 8.62, 1.91, 1.21, 5.11, 9.21, 1.34, 1.69, 9.44, 18.57, 5.93, 3.29, 1.16, 7.77, 9.29, 6.88, 5.91, 7.27, 13.6, 6.54, 3.65, 7.81, 6.02, 6.72, 2.41, 2.65, 4.43, 2.28, 2.39, 8.62, 13.15, 8.92, 2.68, 0.67, 16.24, 0.52, 7.25, 0.23, 5.12, 2.09, 1.1, 5.0, 1.16, 9.69, 10.45], [1.94, 2.51, 1.69, 0.0, 4.35, 1.04, 1.39, 3.71, 2.16, 5.9, 3.13, 5.66, 3.83, 10.84, 14.85, 1.31, 0.91, 11.44, 1.37, 13.79, 2.2, 7.83, 2.04, 3.2, 13.18, 0.71, 1.35, 0.82, 6.24, 3.13, 8.42, 3.71, 3.02, 5.64, 1.63, 1.33, 13.94, 1.01, 4.93, 5.93, 6.86, 9.28, 1.17, 1.37, 1.71, 4.45, 6.9, 9.34, 0.88, 4.5, 7.34, 5.71, 2.73, 2.25, 8.09, 5.33, 12.81, 1.94, 1.92, 1.72, 15.57, 9.91, 8.88, 5.9, 9.94, 6.78, 12.52, 7.3, 3.19, 3.19, 4.45, 10.4, 4.9, 7.25, 0.28, 9.97, 1.93, 3.86, 5.19, 5.05, 4.03, 12.95, 10.2, 4.11, 7.23, 4.39, 1.8, 4.77, 2.79, 8.42, 6.7, 2.71, 2.28, 2.09, 6.77, 0.92, 6.84, 5.09, 7.94, 13.8], [1.41, 3.71, 8.78, 10.57, 0.0, 3.32, 17.08, 2.37, 2.91, 0.89, 3.93, 18.64, 16.8, 1.54, 4.32, 3.65, 8.01, 2.14, 3.01, 3.55, 1.35, 9.85, 2.7, 2.74, 0.93, 1.49, 4.94, 9.25, 2.02, 0.48, 11.09, 5.15, 2.14, 1.94, 1.9, 11.76, 14.43, 1.14, 9.95, 2.03, 0.99, 1.01, 14.02, 10.23, 2.46, 4.88, 6.2, 3.49, 11.77, 10.41, 11.55, 3.41, 13.14, 5.24, 1.6, 9.4, 6.01, 5.36, 7.07, 2.65, 3.81, 7.2, 6.68, 3.13, 9.21, 13.76, 5.33, 3.92, 10.32, 6.83, 5.8, 1.27, 1.8, 2.66, 10.89, 4.86, 1.18, 10.16, 1.55, 9.08, 3.01, 4.49, 5.52, 8.02, 1.8, 6.62, 5.42, 8.27, 11.2, 0.8, 7.5, 1.96, 8.2, 1.58, 13.45, 2.95, 5.68, 6.71, 5.96, 1.69], [1.65, 9.81, 3.16, 1.83, 8.07, 0.0, 8.89, 1.27, 2.35, 6.12, 7.84, 10.76, 11.6, 6.59, 4.42, 7.65, 1.77, 3.55, 0.87, 2.43, 2.86, 3.0, 8.15, 9.58, 6.46, 8.08, 10.56, 2.45, 2.29, 4.43, 11.96, 5.39, 12.45, 11.25, 1.9, 1.55, 1.71, 1.9, 7.26, 6.3, 2.46, 8.31, 4.93, 2.81, 8.2, 3.43, 2.1, 14.46, 3.13, 1.99, 2.03, 12.44, 2.02, 4.25, 13.54, 10.74, 5.4, 5.36, 1.73, 3.0, 6.66, 4.14, 3.24, 4.26, 2.08, 8.56, 0.93, 5.6, 6.66, 4.44, 3.52, 3.27, 2.84, 13.71, 1.4, 4.55, 1.17, 3.98, 1.53, 2.65, 3.62, 10.44, 0.56, 5.32, 2.02, 8.15, 5.31, 2.51, 4.57, 4.11, 3.0, 6.71, 1.26, 14.3, 2.66, 1.52, 10.13, 1.14, 10.38, 3.47], [5.63, 6.14, 2.32, 1.18, 7.87, 8.47, 0.0, 10.51, 4.09, 17.63, 3.22, 0.45, 2.87, 7.88, 13.69, 7.2, 2.57, 6.43, 2.29, 6.49, 5.03, 2.98, 4.88, 6.31, 5.73, 6.85, 12.53, 4.86, 10.79, 5.66, 1.54, 6.46, 11.94, 2.26, 11.71, 0.61, 3.3, 6.55, 10.03, 13.33, 3.53, 11.7, 0.81, 2.94, 9.01, 11.0, 8.08, 7.78, 2.07, 3.25, 0.95, 5.95, 2.15, 2.31, 4.19, 2.09, 8.71, 1.58, 1.49, 3.35, 3.96, 7.46, 1.88, 4.09, 11.91, 2.13, 12.26, 10.77, 1.7, 7.39, 3.1, 5.78, 8.16, 6.88, 7.68, 2.23, 2.47, 0.69, 7.67, 11.1, 6.04, 17.48, 7.03, 2.61, 11.56, 14.4, 7.98, 6.6, 3.0, 19.34, 4.15, 7.2, 7.17, 14.68, 10.95, 2.94, 8.66, 8.44, 12.6, 15.57], [1.51, 6.33, 4.91, 4.54, 3.78, 2.84, 9.74, 0.0, 0.34, 3.82, 8.8, 8.33, 10.4, 8.21, 4.7, 5.18, 11.24, 3.11, 0.85, 7.51, 1.08, 0.96, 1.38, 1.05, 5.36, 2.79, 1.16, 6.94, 8.66, 2.99, 12.96, 6.18, 6.95, 4.94, 0.21, 8.62, 7.94, 4.23, 6.4, 2.74, 6.41, 8.99, 8.47, 4.77, 4.64, 9.9, 1.37, 4.47, 2.03, 7.03, 3.22, 1.59, 6.06, 5.43, 1.75, 2.04, 2.37, 3.18, 1.39, 4.25, 5.52, 6.92, 8.89, 4.86, 6.49, 5.61, 3.07, 0.89, 6.48, 7.18, 3.03, 3.73, 6.69, 3.46, 1.31, 1.93, 7.11, 4.78, 0.83, 3.43, 3.45, 7.12, 5.66, 5.48, 8.1, 4.59, 1.2, 0.89, 3.21, 10.2, 2.98, 3.58, 0.42, 8.01, 1.28, 2.1, 7.82, 5.58, 11.61, 4.59], [0.46, 5.28, 2.03, 1.12, 7.27, 0.92, 3.14, 0.37, 0.0, 7.46, 2.92, 1.97, 6.6, 5.62, 5.13, 3.24, 12.31, 3.47, 5.09, 3.38, 3.56, 3.62, 5.36, 3.05, 11.67, 4.6, 3.97, 4.17, 5.17, 4.6, 10.54, 7.11, 6.77, 4.46, 0.6, 7.13, 9.16, 0.6, 2.58, 5.96, 1.0, 4.82, 2.14, 6.09, 5.24, 10.9, 2.43, 12.38, 1.23, 6.45, 3.42, 4.44, 2.93, 8.93, 4.55, 12.55, 6.16, 3.29, 5.93, 3.88, 7.88, 6.35, 1.87, 1.54, 7.47, 4.36, 2.31, 1.92, 6.35, 1.78, 4.81, 6.78, 3.64, 8.84, 4.44, 1.72, 4.83, 4.59, 0.77, 5.52, 1.31, 1.68, 1.62, 0.75, 11.05, 5.26, 5.92, 0.98, 1.98, 13.66, 1.33, 5.27, 1.5, 2.68, 2.95, 3.08, 7.21, 6.13, 5.14, 8.29], [3.35, 4.81, 10.48, 5.87, 1.6, 7.02, 5.78, 6.19, 6.57, 0.0, 0.93, 16.73, 11.62, 4.0, 11.09, 5.18, 5.71, 3.2, 3.86, 8.17, 5.11, 7.07, 4.5, 2.82, 1.27, 2.66, 1.46, 9.61, 3.85, 1.65, 16.0, 12.75, 3.59, 1.96, 6.93, 1.73, 13.77, 8.98, 1.22, 1.45, 2.21, 2.89, 4.9, 7.07, 3.34, 3.36, 2.24, 4.54, 8.68, 3.52, 1.73, 2.17, 7.2, 1.05, 3.39, 7.85, 6.71, 3.87, 9.82, 3.98, 6.85, 2.84, 6.14, 4.48, 5.6, 17.31, 9.8, 6.28, 5.67, 6.39, 3.46, 1.06, 1.73, 0.36, 6.99, 11.25, 0.45, 11.14, 5.93, 6.74, 1.44, 3.35, 5.01, 12.93, 0.21, 5.75, 3.1, 8.93, 8.8, 0.66, 4.44, 2.65, 6.29, 1.3, 11.94, 6.1, 1.39, 0.89, 3.08, 2.32], [9.83, 2.5, 13.7, 1.75, 1.48, 2.31, 13.97, 9.13, 8.06, 0.41, 0.0, 4.34, 9.91, 3.35, 10.67, 2.81, 6.59, 2.09, 4.87, 6.23, 2.06, 2.35, 2.59, 1.15, 0.54, 1.14, 0.58, 3.6, 2.98, 3.52, 5.91, 4.85, 1.62, 2.67, 7.47, 4.06, 8.57, 10.86, 3.66, 2.42, 3.36, 2.38, 8.31, 8.9, 4.77, 0.52, 6.48, 7.58, 6.66, 5.14, 8.5, 4.09, 15.54, 2.21, 3.33, 3.63, 14.89, 1.58, 3.52, 4.3, 5.33, 14.13, 3.97, 6.3, 1.62, 19.16, 1.73, 5.68, 10.67, 8.03, 2.9, 0.75, 2.84, 0.99, 3.11, 2.3, 1.55, 14.14, 5.6, 10.27, 5.73, 0.66, 12.49, 5.53, 0.0, 2.51, 6.47, 5.07, 10.73, 4.86, 8.42, 5.12, 11.24, 0.71, 15.04, 9.69, 0.86, 1.07, 0.65, 6.72], [5.66, 16.02, 2.72, 8.52, 16.01, 8.46, 2.33, 4.14, 3.18, 16.22, 3.27, 0.0, 2.91, 19.4, 4.21, 6.27, 10.4, 5.98, 4.35, 12.64, 5.0, 9.13, 2.21, 9.93, 19.83, 5.55, 11.0, 1.52, 7.94, 10.94, 2.08, 5.96, 18.65, 15.48, 4.36, 3.64, 2.65, 7.03, 3.62, 6.09, 13.28, 3.31, 4.2, 3.12, 13.48, 3.46, 3.47, 6.15, 2.84, 12.27, 10.19, 8.66, 3.34, 16.39, 3.76, 18.16, 17.83, 13.12, 7.09, 7.71, 7.07, 5.26, 16.48, 15.62, 15.82, 0.49, 2.64, 10.49, 4.22, 3.0, 8.67, 16.8, 18.18, 4.22, 4.21, 4.98, 16.66, 4.21, 5.41, 6.96, 15.42, 19.44, 4.28, 2.14, 13.73, 2.79, 7.37, 1.26, 7.94, 13.16, 3.12, 8.6, 6.85, 22.05, 15.84, 5.77, 10.04, 7.24, 18.0, 9.83], [14.13, 4.37, 5.42, 1.79, 15.14, 8.54, 3.89, 2.67, 1.97, 15.71, 14.32, 0.99, 0.0, 12.95, 3.48, 1.18, 9.52, 2.49, 7.46, 3.55, 9.14, 14.86, 13.59, 6.31, 5.02, 6.47, 9.39, 2.67, 5.56, 3.94, 4.09, 6.97, 20.33, 12.21, 10.49, 2.49, 6.63, 1.93, 7.25, 4.58, 15.67, 2.39, 3.88, 5.44, 14.19, 12.75, 2.16, 1.67, 4.7, 6.85, 10.86, 10.9, 4.7, 7.33, 11.31, 4.47, 4.91, 1.71, 4.17, 3.95, 16.25, 1.97, 12.24, 7.47, 10.21, 1.06, 6.7, 11.84, 3.28, 7.36, 6.4, 3.16, 10.81, 2.45, 4.51, 3.63, 4.62, 0.63, 2.84, 2.9, 17.09, 17.8, 8.0, 1.47, 15.52, 8.44, 1.15, 5.08, 1.58, 14.01, 8.69, 4.28, 4.79, 6.14, 9.98, 2.67, 12.36, 9.31, 3.56, 3.49], [11.64, 5.4, 3.12, 14.55, 2.81, 15.54, 11.86, 8.08, 12.29, 3.22, 4.09, 22.15, 12.31, 0.0, 9.35, 15.45, 13.73, 5.46, 5.09, 5.17, 7.41, 14.62, 5.62, 7.81, 0.64, 8.44, 4.84, 4.7, 7.5, 2.98, 12.29, 6.7, 3.18, 1.05, 5.19, 14.15, 15.06, 3.08, 3.74, 3.11, 1.44, 1.3, 17.39, 17.53, 4.76, 5.61, 6.87, 10.86, 14.24, 18.02, 5.37, 4.69, 10.38, 6.86, 0.35, 8.38, 15.9, 7.43, 3.26, 3.52, 3.82, 3.69, 15.19, 1.28, 16.82, 16.65, 6.85, 1.19, 13.59, 12.19, 3.83, 3.01, 4.83, 3.47, 9.28, 11.96, 5.16, 8.0, 4.39, 7.07, 5.08, 0.65, 17.38, 17.8, 2.26, 9.73, 3.78, 3.42, 7.48, 0.51, 6.71, 5.6, 2.96, 0.17, 17.29, 14.7, 3.69, 1.69, 3.91, 2.08], [3.46, 9.83, 7.15, 13.84, 10.43, 1.96, 7.71, 6.47, 5.02, 3.08, 15.14, 13.13, 6.37, 3.91, 0.0, 10.4, 6.16, 3.78, 3.68, 3.39, 1.76, 0.53, 3.38, 8.86, 13.55, 9.08, 15.82, 4.25, 10.45, 2.9, 14.86, 5.1, 13.33, 4.41, 2.61, 4.43, 1.49, 5.03, 7.07, 12.01, 4.15, 13.14, 10.36, 5.77, 1.22, 7.19, 3.87, 9.66, 11.48, 1.58, 5.95, 16.73, 3.83, 5.04, 13.38, 16.75, 0.66, 3.47, 0.64, 13.6, 2.4, 6.03, 1.7, 5.74, 18.35, 1.47, 0.33, 3.89, 14.32, 15.65, 12.88, 4.31, 4.57, 10.23, 6.4, 1.26, 3.51, 8.23, 6.32, 3.38, 8.5, 6.21, 4.98, 3.49, 13.46, 19.21, 11.64, 2.58, 5.86, 4.57, 8.07, 5.11, 2.65, 11.31, 0.47, 11.16, 15.5, 1.75, 5.55, 2.71], [10.88, 5.22, 7.72, 2.05, 8.51, 7.15, 2.86, 6.19, 7.66, 3.44, 2.91, 8.29, 1.6, 7.53, 14.22, 0.0, 5.56, 9.47, 5.04, 3.53, 1.59, 15.35, 6.78, 6.97, 6.45, 3.32, 9.08, 0.94, 7.59, 4.36, 6.07, 10.87, 13.84, 4.77, 4.99, 1.85, 11.48, 1.81, 1.03, 10.01, 9.91, 11.47, 6.81, 5.52, 3.4, 5.02, 4.3, 3.39, 5.0, 6.52, 3.4, 7.27, 1.97, 2.72, 16.85, 5.62, 13.15, 10.05, 10.64, 1.67, 12.48, 11.68, 7.53, 4.4, 3.95, 3.43, 15.22, 4.19, 2.13, 0.67, 1.86, 2.76, 9.91, 10.73, 3.04, 7.1, 8.87, 1.04, 2.88, 14.4, 8.54, 14.74, 8.51, 6.19, 7.79, 7.26, 1.49, 1.43, 2.34, 12.31, 3.92, 10.13, 1.36, 12.77, 7.38, 1.35, 6.98, 5.49, 5.97, 13.93], [2.24, 1.9, 15.2, 7.74, 4.64, 16.57, 10.3, 5.29, 3.9, 6.07, 5.22, 6.47, 7.15, 5.42, 8.92, 2.4, 0.0, 7.65, 3.75, 6.61, 4.22, 14.3, 1.79, 7.12, 4.46, 1.32, 3.82, 4.07, 3.16, 6.39, 9.68, 7.03, 15.73, 6.24, 4.3, 12.91, 3.81, 5.5, 1.32, 1.46, 4.23, 7.86, 11.66, 9.76, 3.07, 5.33, 8.35, 1.3, 2.74, 15.55, 2.11, 4.32, 13.39, 4.25, 9.6, 0.98, 14.87, 3.23, 3.4, 7.34, 5.38, 7.1, 13.68, 13.5, 1.94, 9.54, 14.45, 8.1, 2.5, 0.67, 0.3, 9.9, 3.61, 3.12, 8.65, 11.24, 5.49, 14.14, 14.07, 5.6, 8.16, 13.55, 12.22, 15.33, 7.59, 2.59, 0.62, 11.33, 6.34, 9.87, 7.43, 3.86, 8.89, 6.49, 7.74, 1.95, 6.13, 4.79, 1.78, 13.99], [5.79, 7.6, 7.27, 11.21, 2.14, 7.07, 18.01, 7.46, 3.83, 3.27, 5.53, 15.13, 5.9, 2.44, 10.24, 11.74, 3.71, 0.0, 4.39, 1.06, 2.85, 4.12, 0.0, 3.09, 2.11, 10.68, 3.75, 7.97, 4.92, 2.48, 13.2, 6.19, 0.54, 3.12, 3.0, 5.92, 11.0, 11.2, 5.94, 3.89, 1.34, 2.26, 14.7, 9.76, 0.64, 3.54, 1.22, 1.58, 12.06, 12.47, 5.07, 2.75, 5.66, 5.69, 1.06, 3.04, 5.61, 0.54, 5.92, 8.98, 2.96, 6.61, 12.56, 1.25, 2.34, 11.27, 9.32, 2.49, 13.54, 8.27, 13.29, 2.85, 3.8, 7.6, 5.13, 7.41, 1.76, 9.1, 3.47, 9.37, 1.27, 1.54, 14.62, 7.5, 5.02, 3.3, 9.15, 1.99, 8.01, 5.06, 7.95, 2.84, 3.91, 4.32, 11.6, 10.6, 2.92, 8.32, 1.34, 0.48], [5.59, 2.04, 8.88, 3.67, 0.61, 3.1, 5.3, 0.59, 4.67, 1.35, 3.46, 14.6, 8.36, 3.93, 1.13, 4.98, 2.14, 5.39, 0.0, 6.47, 0.39, 8.21, 3.94, 0.46, 3.94, 4.82, 4.68, 5.3, 2.82, 1.3, 4.1, 8.19, 6.8, 0.93, 0.57, 6.75, 7.62, 5.72, 4.45, 0.76, 1.72, 6.54, 5.85, 4.81, 1.22, 6.94, 2.4, 5.68, 6.22, 9.27, 6.98, 0.94, 6.69, 3.22, 2.42, 5.6, 6.19, 1.0, 5.05, 3.33, 9.07, 10.04, 6.2, 2.68, 3.21, 4.31, 3.28, 2.43, 4.5, 1.35, 9.19, 0.54, 1.85, 4.8, 4.02, 8.34, 0.72, 4.58, 3.29, 9.1, 4.21, 6.49, 5.31, 2.53, 3.96, 6.79, 5.7, 2.0, 3.4, 8.97, 5.71, 1.52, 1.27, 6.48, 1.84, 7.92, 2.85, 2.69, 7.0, 6.05], [1.54, 10.15, 4.76, 8.65, 2.94, 8.51, 4.62, 7.06, 2.57, 8.23, 2.15, 2.89, 12.38, 3.43, 7.03, 9.96, 15.76, 1.99, 4.18, 0.0, 8.95, 5.39, 2.15, 1.91, 6.67, 6.05, 5.52, 6.13, 7.43, 3.55, 12.65, 8.64, 3.1, 1.68, 2.03, 4.64, 8.27, 9.49, 8.58, 7.41, 2.2, 3.19, 2.89, 8.67, 3.1, 1.87, 1.52, 3.94, 5.12, 3.5, 7.9, 11.39, 9.88, 6.66, 4.39, 7.62, 7.73, 4.78, 5.1, 10.12, 4.02, 13.39, 1.17, 0.16, 10.82, 10.99, 3.19, 3.22, 9.41, 9.45, 5.52, 2.9, 3.62, 9.37, 10.55, 6.0, 5.08, 16.88, 0.74, 9.41, 0.0, 3.02, 1.89, 6.2, 2.34, 3.98, 6.67, 8.53, 9.96, 5.01, 7.17, 2.78, 6.54, 5.61, 4.52, 11.42, 5.17, 6.47, 10.7, 0.65], [4.93, 1.39, 2.11, 4.43, 2.37, 1.1, 2.76, 5.16, 1.08, 1.25, 5.81, 13.75, 8.55, 9.78, 6.63, 6.64, 4.98, 4.74, 0.43, 2.0, 0.0, 2.61, 6.67, 0.5, 2.92, 3.46, 5.04, 1.26, 0.87, 0.72, 13.86, 4.74, 6.93, 3.63, 2.24, 3.63, 7.33, 0.81, 0.75, 1.7, 0.77, 1.52, 3.57, 6.72, 2.06, 6.51, 0.92, 6.66, 4.04, 1.39, 8.39, 8.01, 7.76, 4.35, 6.81, 3.02, 10.78, 3.02, 2.62, 2.07, 7.6, 9.88, 7.72, 5.89, 2.11, 3.65, 3.16, 3.45, 2.15, 2.37, 4.14, 0.75, 3.39, 1.77, 4.01, 5.1, 2.02, 4.38, 2.78, 10.87, 8.59, 3.67, 1.79, 7.4, 1.4, 6.88, 1.94, 5.43, 2.4, 8.94, 5.33, 2.15, 3.85, 5.0, 7.28, 6.87, 1.32, 0.57, 2.94, 5.66], [1.28, 2.41, 6.36, 5.18, 2.67, 3.15, 5.15, 1.34, 2.15, 2.65, 8.84, 14.17, 13.07, 8.35, 1.56, 15.6, 6.26, 6.2, 8.3, 0.86, 1.38, 0.0, 2.64, 6.35, 10.18, 6.6, 7.27, 2.17, 4.89, 1.31, 7.32, 5.65, 11.69, 1.97, 2.15, 10.05, 3.15, 6.62, 5.11, 9.05, 8.46, 9.7, 12.8, 2.98, 4.84, 10.25, 1.39, 11.39, 8.94, 1.71, 3.85, 5.89, 6.21, 12.36, 12.27, 10.91, 1.36, 2.47, 0.0, 5.0, 2.04, 3.59, 2.74, 2.1, 12.77, 1.92, 0.72, 3.34, 14.16, 6.51, 13.5, 5.25, 1.35, 9.85, 2.55, 1.76, 2.05, 7.92, 2.05, 1.84, 1.52, 12.07, 6.87, 3.5, 6.7, 9.51, 8.75, 3.04, 5.91, 8.3, 1.7, 3.22, 4.24, 6.69, 0.47, 5.49, 1.57, 1.38, 4.73, 1.71], [1.44, 1.34, 12.67, 8.73, 1.27, 3.25, 6.51, 2.78, 3.61, 2.56, 5.41, 2.99, 12.01, 4.87, 2.9, 5.35, 14.57, 0.0, 3.03, 2.05, 2.01, 4.22, 0.0, 1.61, 4.13, 11.11, 2.78, 12.06, 9.5, 3.56, 10.38, 5.1, 0.39, 4.35, 2.4, 15.07, 11.31, 3.14, 3.87, 1.61, 1.18, 1.44, 7.08, 10.38, 0.36, 4.97, 3.0, 9.88, 4.33, 12.83, 10.42, 2.21, 5.61, 1.29, 2.23, 7.03, 5.39, 4.64, 8.23, 2.57, 2.64, 13.55, 7.62, 0.22, 11.12, 9.05, 8.49, 1.22, 12.04, 8.14, 14.69, 0.8, 4.46, 1.73, 8.38, 4.33, 3.94, 8.75, 3.81, 7.58, 1.93, 5.53, 5.68, 6.46, 2.99, 5.66, 4.12, 4.64, 1.53, 5.09, 11.29, 1.94, 4.95, 1.33, 8.4, 10.83, 6.54, 3.55, 3.41, 0.79], [8.94, 0.62, 6.77, 5.52, 3.85, 5.19, 6.48, 7.1, 1.48, 1.47, 2.41, 9.45, 9.87, 6.48, 8.23, 6.99, 1.99, 7.98, 2.23, 8.13, 1.3, 5.71, 5.41, 0.0, 1.06, 2.91, 2.89, 5.65, 1.43, 2.25, 11.72, 5.16, 5.33, 1.14, 1.87, 11.84, 8.58, 1.13, 2.65, 1.8, 2.6, 5.91, 4.87, 12.8, 4.14, 1.35, 3.81, 3.75, 2.92, 3.79, 9.41, 1.76, 7.23, 2.73, 5.16, 3.19, 7.36, 0.83, 2.8, 3.43, 8.93, 12.45, 11.51, 0.95, 5.95, 9.47, 10.65, 5.21, 5.74, 2.77, 2.72, 1.06, 3.57, 4.66, 2.76, 5.86, 2.05, 10.24, 1.99, 9.69, 7.04, 8.48, 1.56, 3.55, 1.69, 4.62, 3.22, 4.06, 2.76, 3.99, 6.53, 0.77, 7.47, 3.03, 7.0, 1.29, 1.3, 0.81, 4.17, 3.46], [11.6, 8.12, 13.98, 2.96, 2.71, 2.14, 15.76, 2.63, 2.15, 1.56, 0.51, 3.79, 18.43, 0.8, 15.72, 6.46, 11.54, 0.6, 1.17, 6.23, 2.85, 12.85, 3.24, 6.03, 0.0, 8.08, 3.04, 10.49, 8.23, 2.08, 11.04, 6.28, 0.85, 4.22, 5.2, 13.92, 15.42, 4.69, 1.92, 0.84, 1.79, 1.99, 18.66, 5.49, 2.46, 2.7, 2.86, 9.04, 8.71, 5.3, 14.16, 8.63, 16.16, 4.87, 1.55, 6.77, 4.04, 4.38, 6.31, 11.13, 9.11, 9.04, 17.85, 5.22, 8.37, 12.5, 4.11, 2.95, 8.37, 7.78, 13.16, 3.32, 3.59, 4.32, 3.63, 5.2, 1.24, 18.01, 7.92, 2.77, 2.57, 2.15, 2.69, 14.09, 1.23, 9.45, 5.34, 5.35, 6.68, 0.78, 12.1, 5.69, 9.46, 1.09, 3.43, 8.04, 6.44, 4.28, 5.33, 6.04], [2.21, 4.01, 5.1, 1.47, 3.73, 8.87, 5.81, 5.25, 5.13, 2.58, 6.61, 10.1, 2.66, 7.03, 5.44, 1.14, 6.01, 3.82, 3.77, 12.66, 2.65, 2.6, 8.28, 3.31, 2.19, 0.0, 5.05, 0.77, 4.86, 6.71, 3.65, 2.87, 7.09, 5.38, 4.71, 6.44, 10.25, 2.28, 0.94, 4.64, 4.2, 6.79, 7.0, 10.03, 8.65, 9.52, 1.15, 3.31, 0.46, 1.97, 1.41, 2.22, 2.27, 3.26, 9.48, 4.04, 13.58, 5.15, 5.67, 0.0, 14.39, 4.69, 9.03, 6.3, 4.14, 10.43, 10.08, 0.94, 5.38, 1.84, 3.24, 6.0, 8.44, 1.01, 0.33, 12.53, 3.09, 4.2, 7.56, 1.68, 3.45, 7.3, 4.7, 1.83, 9.87, 3.81, 1.5, 3.14, 2.12, 8.85, 3.76, 3.67, 1.75, 10.02, 4.9, 2.27, 4.6, 1.37, 4.0, 8.99], [9.92, 2.3, 9.47, 4.01, 3.21, 2.09, 13.7, 1.55, 3.08, 0.87, 0.37, 10.76, 4.65, 4.43, 9.23, 2.63, 4.25, 3.72, 1.88, 9.59, 2.76, 4.48, 6.58, 2.62, 1.44, 2.75, 0.0, 2.93, 3.13, 1.69, 9.11, 11.08, 5.99, 0.21, 3.51, 4.56, 17.04, 3.55, 0.85, 0.61, 2.49, 5.26, 14.88, 13.75, 1.75, 0.41, 7.75, 0.84, 6.19, 6.58, 4.0, 1.3, 10.04, 0.23, 2.15, 1.98, 8.58, 7.51, 12.09, 1.87, 10.45, 10.93, 12.39, 7.83, 10.51, 9.59, 1.95, 7.12, 5.16, 4.06, 1.98, 1.68, 3.32, 0.78, 2.01, 4.4, 1.45, 6.98, 8.04, 12.37, 3.35, 1.7, 12.62, 15.79, 1.77, 5.09, 6.29, 1.89, 7.91, 3.86, 7.39, 3.03, 11.27, 3.45, 14.84, 2.29, 0.51, 1.26, 0.62, 2.06], [10.25, 1.04, 3.15, 0.41, 11.08, 1.03, 6.44, 7.3, 2.06, 9.89, 4.56, 5.48, 5.26, 5.51, 14.98, 1.65, 3.31, 3.58, 4.34, 5.12, 1.41, 11.03, 7.56, 3.07, 8.99, 0.8, 8.22, 0.0, 4.57, 9.49, 3.19, 7.39, 14.6, 2.82, 3.15, 2.58, 8.11, 1.6, 1.11, 2.34, 5.26, 12.33, 4.61, 3.15, 8.88, 4.2, 5.4, 3.01, 1.76, 15.3, 4.76, 8.51, 2.34, 1.31, 1.84, 3.13, 9.54, 3.97, 10.0, 0.52, 6.29, 2.22, 14.73, 3.93, 3.55, 9.68, 5.12, 1.96, 3.12, 2.34, 2.18, 4.75, 8.54, 3.76, 0.69, 3.2, 9.17, 3.0, 8.28, 13.38, 9.59, 7.07, 9.76, 7.48, 8.88, 3.22, 1.2, 1.06, 2.18, 7.47, 7.19, 6.45, 3.69, 9.53, 14.58, 4.09, 6.25, 3.73, 6.28, 5.95], [5.65, 1.27, 9.69, 2.63, 3.62, 1.28, 3.6, 5.4, 4.18, 2.57, 0.92, 10.05, 3.91, 2.7, 9.42, 1.2, 2.62, 9.01, 3.05, 5.61, 4.14, 11.9, 3.71, 2.62, 9.08, 2.04, 2.7, 1.93, 0.0, 4.51, 15.76, 14.11, 3.34, 0.79, 5.61, 12.95, 2.2, 3.59, 1.81, 2.83, 5.79, 7.96, 5.16, 14.97, 5.59, 2.31, 8.56, 4.28, 7.89, 2.81, 5.08, 0.76, 3.1, 1.19, 10.86, 4.65, 11.03, 6.03, 12.9, 4.01, 7.12, 13.77, 4.04, 2.01, 7.38, 9.03, 3.47, 7.43, 4.97, 2.56, 3.47, 3.82, 2.98, 1.41, 1.59, 15.26, 2.62, 7.85, 2.03, 4.84, 11.82, 1.62, 5.7, 6.7, 1.33, 2.37, 2.87, 1.09, 2.32, 1.36, 3.65, 0.77, 10.56, 2.87, 14.54, 4.16, 0.73, 0.8, 4.84, 1.38], [3.7, 1.49, 9.34, 9.5, 0.65, 3.6, 5.25, 1.05, 5.66, 0.31, 1.18, 17.26, 5.47, 2.8, 2.3, 7.59, 8.84, 0.85, 2.93, 3.56, 3.19, 3.36, 2.06, 5.06, 1.62, 1.54, 3.26, 9.98, 3.24, 0.0, 9.26, 13.73, 2.48, 3.47, 3.41, 4.94, 2.14, 10.12, 3.38, 2.08, 0.2, 1.59, 9.57, 5.06, 2.87, 3.09, 4.38, 7.6, 8.84, 13.36, 10.32, 4.06, 13.05, 4.16, 3.5, 6.04, 12.56, 3.62, 4.17, 2.76, 3.49, 15.87, 3.61, 2.15, 8.59, 15.11, 3.34, 0.86, 3.52, 5.19, 7.22, 0.61, 0.54, 2.4, 9.43, 4.76, 1.33, 13.24, 5.11, 9.75, 2.8, 5.28, 4.19, 15.16, 1.52, 5.64, 10.61, 2.56, 10.22, 4.35, 3.04, 2.55, 4.91, 1.74, 3.84, 4.41, 1.12, 1.38, 1.02, 2.4], [9.38, 4.94, 1.14, 4.54, 18.99, 4.74, 1.31, 3.41, 1.56, 19.35, 20.15, 1.61, 4.27, 3.89, 9.8, 6.18, 2.51, 8.69, 8.74, 3.38, 13.21, 2.65, 11.2, 12.77, 15.61, 7.22, 18.24, 9.17, 4.75, 5.2, 0.0, 3.0, 13.74, 13.33, 2.87, 1.99, 9.86, 5.52, 7.59, 11.03, 12.88, 5.21, 1.63, 0.95, 2.41, 10.76, 5.8, 8.68, 3.69, 3.89, 10.54, 15.46, 2.83, 14.97, 9.33, 14.35, 18.23, 6.37, 12.77, 8.59, 6.15, 2.81, 7.31, 17.39, 5.99, 2.57, 2.97, 14.44, 6.23, 4.31, 9.91, 14.97, 13.78, 16.05, 7.39, 6.42, 16.24, 2.68, 6.26, 4.99, 5.76, 17.22, 4.69, 4.31, 19.19, 16.77, 7.14, 3.04, 6.97, 12.07, 2.14, 13.91, 4.68, 6.75, 17.01, 1.6, 13.1, 2.08, 15.58, 15.91], [1.18, 10.02, 1.3, 5.93, 7.23, 4.93, 4.97, 6.49, 1.76, 3.8, 13.56, 5.27, 2.78, 6.9, 3.13, 6.98, 15.88, 2.89, 2.59, 12.64, 4.34, 4.05, 4.84, 10.36, 19.48, 2.36, 3.2, 7.21, 8.47, 14.38, 5.08, 0.0, 5.24, 11.18, 3.16, 0.72, 3.07, 4.68, 13.22, 7.91, 7.1, 11.24, 4.38, 2.45, 4.94, 3.21, 1.44, 19.49, 8.23, 6.16, 1.86, 9.05, 1.73, 11.74, 4.42, 3.04, 8.18, 3.63, 8.55, 5.62, 2.46, 0.63, 5.12, 12.24, 19.81, 1.36, 2.33, 8.53, 13.44, 2.81, 12.13, 3.92, 2.29, 8.31, 2.81, 3.36, 8.34, 4.39, 6.47, 2.32, 11.91, 10.5, 0.31, 0.92, 3.91, 14.31, 9.85, 3.49, 3.85, 4.85, 3.13, 1.8, 0.83, 14.4, 8.14, 1.84, 8.29, 11.72, 15.32, 12.79], [8.73, 3.91, 5.3, 11.31, 1.81, 8.05, 8.0, 6.3, 7.48, 0.63, 3.53, 16.18, 4.24, 1.2, 11.54, 11.18, 9.13, 2.22, 1.36, 1.89, 1.95, 3.4, 1.78, 7.29, 1.48, 4.48, 3.34, 6.89, 6.84, 3.65, 23.57, 10.93, 0.0, 5.9, 3.63, 5.97, 6.8, 2.92, 11.8, 6.53, 2.42, 1.58, 13.82, 16.34, 2.76, 8.68, 2.91, 14.28, 6.02, 4.56, 15.95, 11.33, 8.64, 2.81, 1.13, 13.39, 8.78, 6.44, 2.77, 11.51, 11.14, 9.98, 6.86, 1.91, 9.37, 9.52, 4.98, 4.99, 2.36, 4.23, 12.02, 0.96, 3.73, 5.43, 7.15, 2.12, 4.34, 12.03, 7.8, 6.98, 3.88, 2.33, 2.17, 15.31, 1.78, 1.93, 4.83, 2.08, 11.94, 1.48, 10.15, 1.09, 10.96, 2.95, 12.72, 7.6, 1.53, 6.31, 0.98, 3.3], [4.81, 2.84, 6.46, 5.26, 4.06, 11.53, 12.9, 4.99, 4.45, 2.61, 1.98, 3.42, 9.98, 2.53, 7.58, 9.47, 1.21, 6.05, 2.73, 8.08, 2.87, 2.13, 5.59, 1.36, 4.94, 6.18, 0.32, 3.81, 1.79, 3.1, 17.9, 16.82, 7.43, 0.0, 5.44, 12.21, 7.44, 8.61, 0.49, 3.52, 5.21, 2.84, 10.16, 4.95, 7.62, 1.51, 7.95, 2.19, 2.67, 11.23, 6.05, 3.26, 13.35, 0.33, 4.37, 2.78, 17.42, 4.28, 4.32, 2.89, 15.48, 12.67, 17.74, 6.09, 5.42, 16.12, 9.22, 5.57, 4.05, 2.89, 3.5, 0.71, 2.6, 1.23, 3.26, 6.13, 0.82, 11.38, 6.2, 15.34, 5.08, 7.24, 3.48, 5.95, 1.41, 1.33, 6.98, 5.83, 9.87, 5.61, 5.02, 6.35, 7.25, 3.45, 4.58, 8.05, 0.93, 1.09, 3.46, 1.96], [0.88, 8.17, 3.33, 10.08, 7.8, 1.26, 5.13, 0.33, 0.97, 7.95, 9.6, 3.69, 12.2, 2.39, 5.32, 10.9, 7.56, 4.95, 4.62, 2.54, 2.37, 3.41, 4.14, 7.12, 8.11, 7.82, 2.18, 3.81, 4.31, 7.49, 9.43, 3.62, 6.14, 3.73, 0.0, 2.13, 2.4, 2.73, 5.44, 6.44, 0.85, 8.28, 2.59, 4.28, 4.79, 3.2, 1.01, 4.5, 1.78, 3.55, 5.03, 6.56, 7.38, 2.0, 7.58, 9.03, 6.0, 2.72, 1.56, 1.75, 1.85, 6.51, 5.12, 1.96, 4.59, 6.36, 1.59, 2.24, 2.92, 1.22, 1.79, 5.74, 1.86, 10.0, 8.01, 1.9, 2.2, 5.9, 0.83, 7.06, 1.26, 6.41, 6.6, 1.88, 9.63, 7.42, 9.56, 3.93, 4.4, 8.02, 4.75, 1.44, 2.5, 1.48, 2.72, 3.85, 5.15, 3.93, 9.54, 4.69], [5.13, 5.77, 3.93, 0.9, 1.88, 1.49, 1.3, 5.05, 3.85, 13.07, 8.32, 1.25, 5.5, 10.87, 4.64, 4.32, 9.28, 13.34, 5.38, 8.19, 4.82, 9.69, 11.46, 7.3, 12.79, 4.09, 6.87, 4.18, 3.16, 6.7, 3.55, 2.95, 3.06, 8.35, 1.98, 0.0, 10.08, 1.56, 4.59, 7.23, 6.57, 19.18, 0.91, 1.34, 4.76, 6.73, 8.79, 10.86, 4.61, 9.67, 2.61, 15.46, 1.45, 11.2, 2.48, 11.27, 14.08, 7.17, 4.9, 2.98, 7.03, 4.64, 4.34, 9.78, 8.33, 1.23, 2.95, 12.04, 2.22, 7.4, 11.73, 3.79, 3.5, 10.78, 6.86, 13.31, 13.23, 1.01, 8.72, 8.02, 2.57, 13.24, 0.77, 0.79, 2.69, 7.92, 2.34, 1.68, 2.38, 4.44, 4.01, 6.13, 1.87, 2.7, 7.66, 2.09, 12.01, 4.83, 14.6, 3.1], [0.57, 12.95, 7.55, 3.31, 6.76, 3.39, 13.83, 7.27, 8.14, 17.22, 3.49, 3.25, 12.28, 6.67, 1.15, 15.67, 21.9, 9.47, 4.69, 2.25, 13.08, 1.74, 1.33, 8.82, 17.91, 8.6, 14.97, 13.4, 15.59, 3.6, 6.47, 1.69, 13.0, 15.73, 5.79, 6.62, 0.0, 3.86, 15.62, 7.92, 7.39, 14.0, 8.9, 3.65, 4.99, 13.96, 2.67, 12.45, 6.69, 0.26, 5.12, 14.66, 6.3, 2.47, 13.24, 7.6, 0.54, 6.32, 0.78, 2.27, 1.81, 2.34, 1.63, 3.12, 24.42, 6.63, 1.3, 5.1, 2.42, 5.99, 18.33, 14.36, 13.79, 16.0, 10.42, 1.56, 7.56, 2.42, 3.17, 2.57, 8.64, 12.76, 5.61, 3.55, 5.63, 19.76, 16.63, 8.05, 3.31, 5.28, 4.41, 11.3, 2.03, 3.45, 0.17, 3.71, 4.91, 3.3, 18.35, 1.83], [4.99, 6.07, 1.88, 1.08, 11.13, 5.69, 6.17, 4.55, 1.6, 8.53, 9.9, 9.36, 2.46, 13.53, 7.67, 3.63, 11.15, 9.83, 0.97, 6.72, 1.88, 6.79, 10.67, 4.15, 4.58, 1.03, 6.75, 0.64, 1.74, 6.73, 5.42, 1.3, 4.45, 5.48, 0.72, 3.91, 9.91, 0.0, 5.84, 6.19, 9.14, 15.35, 0.66, 3.98, 7.45, 12.32, 4.85, 12.29, 0.9, 4.21, 4.92, 4.27, 3.11, 4.27, 4.72, 5.18, 7.98, 1.95, 3.57, 3.13, 6.74, 7.04, 2.19, 4.28, 11.79, 6.86, 4.24, 2.32, 2.5, 6.62, 5.78, 1.72, 7.78, 1.23, 1.38, 6.79, 3.55, 4.89, 6.85, 5.36, 9.98, 1.83, 0.88, 4.73, 11.1, 4.81, 2.87, 2.25, 0.57, 11.26, 0.96, 2.89, 2.98, 1.5, 12.07, 1.7, 4.83, 2.96, 12.9, 4.23], [10.54, 2.14, 3.11, 0.98, 8.97, 7.37, 9.71, 1.09, 5.97, 5.84, 7.18, 11.17, 7.35, 1.66, 5.38, 5.4, 1.1, 11.04, 1.39, 11.62, 3.43, 1.91, 4.72, 2.71, 4.22, 0.74, 2.41, 1.08, 0.95, 7.72, 3.17, 11.85, 4.18, 4.21, 6.36, 10.24, 3.17, 3.12, 0.0, 4.8, 2.93, 3.45, 3.95, 8.62, 9.94, 6.31, 9.77, 4.47, 5.02, 10.58, 8.15, 2.47, 4.32, 0.63, 12.56, 2.67, 5.41, 5.88, 8.06, 2.69, 16.43, 11.0, 3.27, 6.28, 6.34, 12.54, 7.06, 3.06, 2.42, 0.12, 0.69, 3.75, 5.09, 1.49, 4.43, 14.31, 2.56, 1.57, 11.02, 4.77, 11.78, 10.91, 11.0, 11.49, 5.91, 0.71, 1.86, 9.42, 6.21, 3.32, 2.49, 7.69, 3.6, 6.45, 15.36, 6.78, 1.49, 0.32, 5.33, 2.19], [4.95, 1.23, 1.63, 6.13, 0.53, 7.42, 13.87, 2.92, 4.49, 0.6, 2.32, 15.15, 4.82, 2.77, 4.36, 6.45, 3.46, 1.37, 1.33, 3.18, 1.48, 7.83, 5.25, 0.38, 2.67, 3.52, 2.77, 2.85, 3.42, 0.89, 9.95, 3.49, 0.79, 3.02, 4.74, 10.36, 11.92, 7.43, 3.57, 0.0, 2.5, 2.0, 9.09, 6.5, 1.0, 1.15, 2.77, 1.02, 4.95, 9.78, 4.56, 6.12, 1.84, 3.33, 2.22, 5.91, 6.73, 3.13, 2.42, 5.47, 8.74, 5.09, 10.54, 1.67, 1.41, 15.17, 3.49, 0.71, 5.97, 3.55, 4.5, 1.97, 1.47, 2.79, 4.92, 1.29, 0.36, 5.36, 2.1, 1.98, 4.62, 1.84, 12.43, 9.4, 2.11, 3.44, 3.24, 1.07, 7.69, 6.65, 4.25, 0.86, 7.58, 5.71, 8.66, 1.84, 2.39, 0.85, 3.46, 5.3], [2.9, 2.1, 10.28, 10.45, 0.61, 7.96, 17.01, 1.68, 4.95, 1.43, 2.34, 18.06, 10.6, 3.58, 3.34, 3.91, 2.85, 2.25, 3.4, 4.94, 4.61, 3.46, 2.91, 2.24, 2.25, 8.0, 1.3, 1.96, 2.4, 0.53, 12.19, 1.62, 2.8, 5.14, 2.68, 9.86, 12.41, 9.36, 1.7, 0.66, 0.0, 5.27, 2.09, 13.53, 0.26, 5.38, 3.61, 1.57, 4.45, 5.8, 7.34, 2.2, 12.7, 1.73, 1.57, 4.77, 11.58, 1.97, 8.87, 8.9, 7.44, 3.03, 10.98, 1.88, 2.28, 6.7, 7.34, 2.51, 2.93, 5.02, 4.49, 1.13, 0.37, 4.01, 8.96, 4.59, 0.97, 13.01, 1.62, 1.46, 0.87, 3.51, 5.63, 8.07, 1.9, 7.82, 9.45, 8.6, 6.79, 3.39, 6.83, 2.08, 9.18, 0.62, 12.07, 2.56, 5.13, 1.94, 1.27, 0.54], [5.05, 1.81, 11.94, 8.22, 3.06, 6.77, 20.42, 13.01, 12.63, 4.45, 4.2, 2.87, 21.1, 1.93, 2.46, 6.97, 6.12, 1.81, 7.04, 2.8, 10.13, 3.51, 4.23, 2.08, 0.84, 11.95, 6.6, 9.39, 11.11, 4.02, 10.13, 10.18, 1.97, 7.13, 11.56, 16.78, 7.56, 5.91, 5.57, 4.91, 3.93, 0.0, 19.92, 6.5, 0.95, 4.66, 6.1, 14.4, 14.52, 3.35, 13.94, 8.84, 14.29, 7.0, 0.8, 6.72, 3.35, 1.31, 1.84, 3.67, 13.57, 7.34, 3.74, 3.11, 16.09, 3.01, 7.79, 8.57, 17.01, 4.83, 9.37, 1.73, 3.29, 3.97, 2.5, 3.85, 3.77, 6.95, 5.14, 18.89, 5.72, 1.59, 3.64, 16.49, 2.47, 9.86, 4.71, 7.48, 1.94, 1.09, 12.23, 4.82, 9.83, 3.14, 8.64, 9.36, 4.17, 2.85, 4.16, 0.93], [9.79, 4.13, 1.99, 5.04, 3.76, 1.71, 0.36, 8.16, 2.98, 12.98, 4.13, 0.79, 2.62, 2.97, 6.28, 6.85, 6.94, 11.58, 10.48, 12.46, 6.6, 7.45, 5.73, 9.88, 11.28, 0.88, 2.75, 4.0, 10.29, 1.72, 1.09, 4.83, 6.57, 6.78, 9.56, 0.71, 1.78, 3.68, 8.95, 7.13, 9.33, 16.96, 0.0, 2.49, 2.54, 14.75, 10.28, 8.56, 3.53, 9.8, 5.5, 9.12, 0.65, 6.36, 17.99, 11.88, 8.51, 9.71, 11.23, 4.65, 2.45, 6.62, 8.42, 9.24, 6.75, 2.57, 6.01, 3.45, 6.51, 10.15, 6.83, 3.76, 6.53, 11.45, 6.04, 5.72, 2.7, 0.0, 3.75, 9.5, 16.66, 3.07, 6.16, 0.64, 3.86, 11.41, 1.86, 4.26, 2.29, 5.64, 3.19, 9.36, 3.81, 19.5, 9.73, 0.36, 1.58, 9.97, 6.92, 2.98], [5.36, 6.84, 3.02, 2.36, 10.96, 2.0, 1.83, 1.99, 5.89, 2.99, 18.54, 1.86, 6.07, 6.04, 12.11, 11.26, 19.01, 16.61, 6.65, 7.25, 3.87, 8.67, 13.95, 5.23, 7.32, 7.45, 16.22, 1.3, 5.82, 16.81, 5.37, 1.98, 4.52, 2.92, 2.96, 1.99, 3.26, 2.26, 2.36, 15.39, 16.19, 9.77, 4.23, 0.0, 8.4, 18.75, 11.9, 15.95, 2.48, 3.77, 3.77, 17.84, 4.83, 4.34, 15.71, 15.06, 4.04, 13.41, 5.04, 9.88, 3.42, 1.71, 9.97, 14.58, 4.34, 0.91, 4.27, 5.22, 10.7, 1.53, 13.19, 3.62, 5.68, 3.38, 7.13, 9.27, 15.07, 2.34, 7.02, 3.13, 6.64, 11.42, 2.63, 1.87, 3.31, 6.77, 5.66, 2.44, 5.81, 3.26, 3.53, 3.76, 4.82, 12.25, 5.26, 1.86, 10.07, 10.47, 15.95, 14.14], [6.86, 5.2, 3.39, 3.52, 1.08, 5.41, 9.74, 1.51, 5.57, 3.67, 4.69, 5.42, 13.56, 5.49, 3.09, 6.8, 7.49, 1.16, 1.09, 1.42, 4.09, 4.51, 0.5, 6.17, 2.9, 3.25, 6.7, 2.62, 8.04, 2.78, 5.95, 4.58, 0.72, 5.37, 2.29, 7.02, 6.85, 8.28, 1.19, 1.95, 2.11, 1.86, 8.98, 3.72, 0.0, 4.12, 3.01, 2.79, 9.3, 10.08, 10.55, 1.35, 12.7, 3.85, 5.76, 7.06, 2.68, 1.48, 7.37, 4.31, 1.26, 11.1, 1.57, 0.68, 14.61, 14.92, 4.34, 1.66, 13.65, 2.25, 9.87, 1.49, 1.68, 1.15, 8.63, 4.49, 1.05, 9.91, 1.1, 4.68, 1.78, 3.56, 10.96, 5.25, 3.06, 10.99, 8.17, 1.89, 4.67, 1.96, 7.03, 0.98, 4.85, 5.67, 7.87, 11.35, 3.35, 2.34, 2.34, 0.73], [7.17, 1.23, 12.41, 1.8, 4.28, 4.2, 9.99, 8.32, 6.73, 3.99, 2.75, 19.18, 6.13, 5.62, 18.12, 5.44, 4.81, 2.35, 5.37, 5.21, 1.12, 9.23, 1.62, 2.54, 4.58, 7.64, 1.49, 2.07, 3.98, 1.9, 3.45, 13.0, 9.7, 0.48, 13.27, 5.66, 19.83, 6.5, 4.9, 4.48, 3.81, 5.6, 6.3, 11.35, 4.6, 0.0, 3.15, 3.61, 7.06, 14.75, 13.97, 1.35, 11.29, 2.39, 3.21, 3.14, 13.03, 9.34, 12.56, 1.67, 15.34, 16.75, 16.02, 8.44, 7.42, 14.22, 2.26, 6.53, 7.87, 4.78, 1.55, 2.14, 1.94, 2.08, 1.44, 16.55, 6.06, 6.39, 6.71, 14.42, 3.84, 7.1, 3.61, 16.01, 1.64, 3.32, 4.87, 10.95, 3.19, 6.46, 8.72, 5.36, 11.19, 5.81, 18.25, 4.07, 1.28, 1.7, 1.29, 4.84], [3.12, 8.42, 5.77, 3.63, 1.49, 5.39, 8.03, 1.9, 5.42, 9.15, 6.97, 10.97, 10.85, 1.78, 3.22, 10.97, 8.82, 4.9, 5.26, 3.82, 5.78, 2.18, 2.26, 1.58, 6.69, 8.92, 3.66, 3.42, 8.63, 5.06, 10.21, 5.47, 1.87, 10.73, 2.2, 1.57, 2.48, 8.88, 7.73, 6.71, 5.94, 5.3, 3.03, 7.25, 1.34, 4.62, 0.0, 4.32, 9.56, 5.81, 7.45, 3.4, 6.37, 10.93, 7.65, 8.86, 4.03, 2.42, 1.94, 6.59, 3.5, 4.96, 3.73, 3.92, 2.84, 3.57, 2.62, 1.05, 3.07, 4.69, 10.81, 4.45, 4.76, 10.32, 9.71, 4.54, 4.44, 6.05, 0.6, 3.28, 0.58, 7.13, 10.58, 9.94, 8.86, 8.71, 10.11, 3.63, 6.1, 2.72, 1.74, 3.38, 3.83, 2.49, 4.17, 1.56, 8.44, 1.31, 1.36, 1.88], [6.24, 4.66, 14.67, 3.79, 7.8, 13.1, 6.27, 4.48, 6.93, 3.61, 5.75, 9.4, 2.84, 7.92, 12.1, 6.91, 0.88, 9.88, 2.56, 17.21, 5.39, 4.36, 10.24, 7.13, 6.85, 6.85, 6.27, 5.44, 4.41, 5.45, 12.68, 17.94, 9.46, 3.79, 3.48, 3.32, 13.01, 1.27, 4.18, 2.17, 6.89, 7.26, 1.65, 10.89, 3.7, 1.76, 2.43, 0.0, 7.55, 15.67, 3.99, 2.28, 6.97, 2.69, 14.91, 0.23, 3.03, 9.19, 19.04, 4.26, 16.68, 9.59, 8.53, 12.96, 2.39, 11.32, 16.71, 2.12, 3.26, 2.37, 0.7, 5.43, 10.53, 4.58, 3.5, 3.35, 5.87, 6.41, 2.89, 6.25, 8.01, 11.98, 14.5, 9.0, 5.33, 1.24, 5.15, 5.95, 9.76, 13.7, 4.44, 1.66, 3.75, 6.87, 9.19, 12.3, 4.66, 2.3, 6.24, 9.86], [4.91, 1.98, 0.79, 0.73, 6.35, 2.86, 2.8, 1.03, 3.95, 6.83, 9.83, 5.62, 4.8, 9.47, 6.27, 1.33, 4.69, 4.72, 3.49, 6.68, 3.77, 1.48, 8.24, 3.18, 2.65, 2.06, 2.63, 2.38, 1.26, 2.43, 3.33, 4.0, 12.22, 7.9, 4.31, 0.75, 10.22, 0.13, 5.07, 6.19, 9.39, 7.69, 1.44, 4.72, 4.41, 1.68, 6.92, 1.7, 0.0, 11.78, 5.95, 8.16, 2.44, 8.88, 11.5, 6.96, 10.58, 7.24, 4.61, 2.61, 3.94, 4.22, 8.76, 10.8, 7.19, 3.6, 4.35, 4.93, 2.88, 6.98, 4.62, 4.48, 1.83, 11.83, 0.48, 2.97, 9.96, 2.17, 8.26, 3.02, 3.86, 5.66, 4.37, 1.55, 10.06, 1.13, 2.37, 3.34, 1.75, 5.15, 1.44, 7.35, 1.22, 9.64, 2.99, 0.38, 2.31, 5.58, 13.2, 6.55], [3.33, 14.64, 7.26, 15.52, 9.36, 5.33, 12.64, 1.02, 5.17, 10.33, 10.79, 1.99, 16.53, 12.84, 0.27, 12.34, 17.99, 3.82, 2.36, 7.67, 6.24, 0.56, 4.16, 10.0, 9.87, 2.18, 8.87, 5.08, 13.09, 13.29, 4.9, 8.73, 2.63, 9.21, 4.23, 4.62, 0.98, 4.28, 6.31, 14.1, 6.98, 14.97, 10.75, 10.62, 8.04, 19.83, 1.01, 9.06, 3.6, 0.0, 5.17, 2.76, 10.11, 10.29, 13.74, 17.94, 1.79, 3.09, 0.88, 6.83, 2.74, 7.67, 0.16, 6.54, 11.67, 3.95, 1.28, 6.7, 8.31, 4.42, 2.82, 11.61, 8.97, 11.5, 7.21, 2.76, 2.54, 11.87, 1.99, 1.95, 3.85, 13.22, 0.88, 2.81, 16.05, 11.13, 15.52, 3.16, 1.56, 12.35, 1.81, 5.44, 4.73, 12.81, 0.31, 5.75, 13.96, 14.63, 7.57, 8.85], [0.83, 4.61, 2.03, 9.36, 3.68, 2.12, 2.94, 0.65, 0.94, 3.16, 12.03, 6.9, 9.74, 9.94, 4.65, 3.61, 6.53, 5.67, 5.47, 2.45, 4.11, 1.09, 9.49, 7.42, 9.37, 4.13, 11.18, 10.76, 2.91, 3.25, 10.7, 2.79, 16.1, 4.3, 2.29, 1.68, 4.0, 1.07, 6.69, 8.87, 10.86, 7.4, 6.04, 4.14, 8.02, 7.79, 7.56, 19.24, 4.49, 3.97, 0.0, 7.4, 7.19, 2.58, 7.0, 18.32, 7.15, 7.19, 2.48, 1.25, 7.07, 1.7, 2.96, 11.42, 10.44, 7.82, 5.49, 8.18, 8.83, 13.5, 11.15, 11.16, 3.63, 8.22, 4.51, 1.47, 4.55, 1.23, 6.35, 2.29, 10.5, 13.93, 1.4, 2.08, 7.24, 12.95, 10.55, 3.63, 2.74, 2.81, 0.77, 2.27, 1.76, 7.28, 1.57, 4.19, 12.79, 4.4, 4.88, 3.8], [7.52, 5.65, 14.82, 6.43, 7.85, 8.03, 6.82, 3.55, 8.88, 0.89, 1.06, 15.98, 10.23, 5.12, 8.75, 2.87, 4.58, 8.83, 5.18, 13.36, 6.76, 11.03, 3.56, 3.67, 0.98, 4.16, 1.73, 6.44, 1.64, 8.04, 4.56, 5.63, 6.83, 2.91, 13.86, 10.1, 9.82, 6.24, 5.22, 5.24, 5.43, 3.44, 2.79, 17.44, 9.74, 1.72, 4.11, 3.01, 8.18, 10.0, 12.03, 0.0, 4.19, 2.03, 3.88, 2.92, 7.26, 6.51, 2.48, 3.59, 5.85, 7.23, 11.79, 8.56, 1.06, 8.37, 14.41, 4.56, 5.4, 2.33, 5.08, 4.78, 7.15, 3.26, 1.25, 18.74, 4.02, 7.33, 5.24, 4.93, 7.82, 8.65, 17.21, 2.29, 1.12, 0.46, 7.93, 8.25, 8.82, 5.83, 5.42, 1.14, 10.94, 1.11, 6.21, 2.33, 4.28, 2.84, 2.79, 7.79], [9.07, 3.42, 1.65, 0.81, 9.81, 7.36, 0.85, 5.44, 0.88, 10.21, 15.15, 1.87, 2.27, 18.93, 3.63, 2.67, 1.61, 9.14, 10.54, 10.79, 6.18, 2.34, 14.78, 5.98, 3.27, 2.51, 4.73, 3.32, 1.18, 9.68, 2.97, 4.92, 7.02, 10.28, 10.16, 1.98, 1.65, 1.11, 7.48, 8.91, 11.39, 11.47, 0.57, 1.58, 2.5, 8.72, 2.57, 2.43, 1.07, 4.32, 7.17, 12.88, 0.0, 8.55, 9.11, 10.05, 1.67, 10.07, 7.37, 1.02, 13.99, 1.89, 12.15, 7.63, 7.39, 3.49, 3.89, 4.9, 6.91, 3.04, 3.71, 5.84, 7.45, 5.03, 3.79, 6.1, 7.07, 0.66, 4.18, 7.26, 16.15, 4.2, 4.24, 2.26, 9.52, 4.37, 3.19, 2.01, 2.5, 4.18, 0.75, 2.87, 1.42, 4.74, 3.22, 2.18, 3.42, 9.94, 3.15, 8.84], [1.71, 0.67, 4.2, 7.63, 2.48, 4.81, 11.64, 7.24, 3.09, 1.09, 3.5, 16.52, 2.74, 6.71, 16.02, 5.22, 3.16, 3.96, 1.45, 3.4, 4.55, 7.49, 8.45, 2.95, 6.26, 6.2, 1.56, 1.78, 0.38, 6.01, 4.95, 9.0, 7.8, 0.11, 9.69, 9.52, 4.94, 8.84, 0.53, 0.61, 3.46, 10.03, 10.04, 10.26, 6.32, 0.4, 7.01, 4.53, 3.73, 13.08, 1.85, 1.99, 11.68, 0.0, 9.54, 1.44, 6.68, 5.73, 5.21, 4.6, 2.13, 4.9, 6.72, 2.09, 7.73, 2.35, 6.53, 7.59, 2.97, 3.43, 5.99, 4.01, 4.11, 2.63, 4.77, 9.35, 0.76, 8.62, 9.56, 8.98, 3.51, 7.31, 2.68, 7.14, 2.42, 2.82, 3.72, 10.87, 5.23, 8.1, 8.69, 6.77, 8.15, 7.26, 15.8, 2.96, 0.26, 2.08, 4.05, 6.78], [13.9, 2.56, 2.35, 17.51, 4.57, 9.07, 14.8, 13.42, 4.22, 5.12, 5.22, 6.37, 5.68, 1.4, 6.69, 6.34, 4.75, 4.32, 3.33, 7.39, 10.94, 12.97, 2.97, 9.12, 0.3, 4.83, 4.67, 6.75, 10.89, 2.01, 10.76, 3.18, 2.48, 1.6, 7.21, 19.67, 4.71, 5.82, 11.8, 7.64, 4.44, 0.97, 22.29, 18.55, 5.79, 3.19, 6.4, 6.91, 17.22, 9.02, 8.18, 10.99, 9.65, 5.35, 0.0, 14.97, 3.87, 4.82, 4.7, 9.71, 9.41, 10.75, 6.19, 4.57, 12.44, 9.25, 7.29, 5.79, 6.12, 6.77, 15.93, 3.31, 4.6, 3.43, 11.27, 9.18, 6.17, 21.38, 1.37, 3.57, 4.5, 0.49, 9.7, 7.0, 2.58, 4.94, 7.28, 4.82, 8.36, 1.32, 15.06, 5.03, 14.62, 1.28, 8.72, 4.38, 5.96, 8.91, 6.73, 7.03], [12.88, 6.78, 7.46, 2.87, 5.36, 3.56, 6.73, 13.89, 2.93, 2.75, 4.46, 18.94, 4.72, 7.42, 12.43, 1.92, 0.27, 2.31, 3.39, 5.8, 2.49, 13.18, 2.45, 7.4, 12.05, 5.33, 4.52, 2.92, 2.03, 5.36, 2.71, 12.83, 7.54, 5.48, 6.12, 12.12, 21.31, 3.57, 3.85, 5.38, 10.49, 3.03, 3.09, 10.78, 12.88, 4.14, 2.3, 0.84, 3.66, 8.51, 10.95, 2.35, 8.85, 3.42, 9.74, 0.0, 22.06, 12.19, 7.09, 8.04, 4.38, 13.92, 22.7, 3.68, 1.38, 13.9, 11.0, 9.97, 3.56, 1.18, 1.1, 5.23, 6.8, 3.2, 3.05, 9.51, 2.38, 11.02, 5.35, 9.97, 3.05, 6.08, 3.2, 2.89, 1.69, 0.62, 1.03, 9.7, 2.61, 12.24, 11.95, 3.25, 2.13, 6.53, 21.82, 12.87, 2.0, 1.84, 7.55, 7.41], [5.17, 14.31, 5.46, 11.14, 7.68, 1.57, 2.42, 6.42, 10.22, 13.08, 16.96, 13.54, 4.0, 10.94, 1.92, 12.69, 21.24, 4.9, 10.05, 5.13, 3.16, 2.78, 1.82, 2.49, 12.86, 9.65, 16.75, 3.16, 14.75, 6.09, 11.27, 3.37, 5.95, 8.18, 2.29, 10.18, 3.18, 10.69, 10.1, 1.49, 3.83, 11.42, 10.25, 1.55, 2.54, 5.48, 5.92, 17.35, 2.57, 2.83, 6.43, 18.19, 14.52, 7.78, 17.14, 15.97, 0.0, 2.46, 1.65, 2.45, 1.95, 4.18, 2.17, 1.76, 22.46, 7.34, 1.51, 6.47, 15.43, 11.46, 18.25, 8.43, 7.41, 6.74, 3.14, 1.86, 10.3, 11.72, 2.96, 6.03, 8.46, 13.83, 5.67, 1.58, 10.26, 11.75, 5.89, 7.9, 5.17, 5.53, 1.73, 7.37, 2.99, 5.25, 0.57, 12.87, 3.87, 14.4, 3.5, 6.15], [2.42, 3.77, 5.1, 4.35, 4.7, 0.76, 6.41, 3.23, 4.35, 5.57, 3.19, 2.39, 2.35, 7.25, 7.78, 5.84, 7.99, 1.53, 2.49, 1.35, 0.65, 5.1, 2.95, 2.0, 0.97, 6.32, 0.91, 4.19, 6.13, 2.28, 8.43, 7.72, 6.24, 3.99, 1.28, 6.9, 2.5, 4.42, 7.52, 3.33, 2.51, 4.95, 9.88, 7.46, 1.11, 7.65, 2.09, 2.65, 4.39, 9.04, 6.57, 5.45, 9.12, 6.81, 7.05, 8.25, 8.58, 0.0, 3.42, 5.51, 6.4, 2.38, 6.78, 0.73, 14.22, 7.71, 4.38, 0.0, 6.5, 7.3, 7.69, 3.04, 3.51, 4.36, 5.73, 3.51, 2.17, 7.94, 0.39, 7.06, 4.24, 7.38, 1.64, 11.16, 4.65, 5.6, 3.49, 6.18, 6.23, 8.97, 5.64, 0.22, 1.11, 7.11, 3.16, 7.65, 3.07, 3.21, 4.53, 0.89], [1.4, 1.58, 3.06, 6.97, 2.58, 3.96, 12.57, 1.94, 4.61, 12.92, 9.44, 4.41, 8.21, 10.68, 0.56, 11.29, 18.04, 5.06, 5.68, 1.18, 3.99, 0.0, 2.18, 3.2, 10.27, 5.69, 5.5, 3.88, 13.2, 6.84, 15.29, 7.77, 7.62, 11.1, 3.46, 5.01, 3.03, 3.71, 9.37, 10.6, 5.01, 9.18, 5.53, 2.96, 3.58, 6.18, 1.8, 10.73, 7.17, 1.75, 2.13, 3.61, 2.45, 11.2, 11.52, 5.7, 1.57, 2.37, 0.0, 10.45, 2.03, 5.56, 1.8, 3.88, 19.27, 11.39, 0.69, 4.63, 9.04, 11.97, 16.84, 7.43, 1.64, 14.36, 11.01, 2.13, 7.92, 1.68, 1.55, 3.43, 5.65, 7.51, 2.89, 5.63, 9.21, 8.99, 10.99, 4.03, 7.19, 12.5, 4.4, 6.27, 2.56, 8.08, 1.82, 8.78, 10.14, 11.25, 16.12, 5.08], [4.3, 3.77, 6.65, 2.07, 10.74, 3.34, 3.72, 3.31, 4.69, 8.45, 1.99, 8.01, 2.01, 8.83, 5.38, 1.45, 4.54, 11.3, 5.44, 12.67, 1.85, 3.13, 7.92, 3.2, 2.19, 0.0, 7.38, 0.53, 2.42, 1.18, 7.82, 3.51, 5.49, 5.42, 6.85, 5.03, 7.33, 1.96, 2.3, 5.05, 1.34, 5.23, 3.47, 8.25, 2.69, 8.0, 10.33, 2.91, 0.73, 8.63, 3.86, 7.9, 2.86, 5.5, 11.93, 3.67, 10.76, 4.39, 10.92, 0.0, 13.88, 4.68, 12.59, 5.93, 10.53, 1.2, 2.51, 3.41, 1.89, 3.56, 2.88, 3.15, 1.82, 8.85, 0.34, 5.37, 2.49, 7.13, 3.09, 9.04, 8.94, 4.02, 7.02, 4.36, 4.86, 2.46, 2.21, 4.82, 3.66, 3.99, 5.09, 5.55, 0.75, 7.36, 9.08, 0.72, 3.93, 2.58, 8.59, 9.6], [2.98, 12.78, 8.75, 2.26, 8.97, 6.58, 8.06, 5.74, 3.07, 3.5, 5.94, 12.66, 9.55, 15.08, 0.55, 8.17, 3.88, 2.23, 8.31, 2.04, 2.13, 0.47, 4.71, 5.96, 2.38, 6.98, 9.7, 2.45, 12.26, 7.62, 5.13, 11.14, 4.75, 4.62, 5.0, 3.05, 3.59, 11.47, 2.98, 9.2, 5.67, 11.39, 14.92, 12.12, 4.15, 6.65, 4.87, 13.5, 4.48, 3.98, 3.25, 11.19, 3.95, 6.98, 12.58, 17.68, 0.93, 5.39, 2.67, 13.83, 0.0, 9.91, 2.4, 6.61, 18.22, 5.97, 0.96, 3.0, 12.51, 1.94, 13.5, 10.61, 4.15, 2.75, 5.64, 0.0, 1.44, 2.5, 5.23, 5.2, 1.05, 13.42, 2.63, 2.78, 12.0, 9.48, 4.48, 4.55, 9.82, 8.62, 7.52, 6.73, 4.17, 9.79, 1.22, 10.79, 10.65, 5.33, 10.39, 1.65], [3.11, 1.88, 1.47, 8.57, 8.36, 4.84, 6.85, 7.13, 1.22, 15.56, 14.99, 7.28, 6.94, 16.57, 1.76, 3.74, 17.03, 12.86, 3.84, 4.57, 7.07, 2.73, 11.09, 4.04, 12.45, 5.63, 16.13, 5.39, 15.35, 15.81, 4.45, 0.97, 15.6, 8.26, 6.37, 4.64, 2.42, 1.78, 13.7, 11.85, 1.56, 18.62, 5.45, 2.55, 8.44, 18.61, 5.12, 6.49, 6.97, 5.29, 1.79, 4.93, 3.39, 8.02, 14.47, 15.67, 1.54, 7.83, 5.21, 6.6, 1.92, 0.0, 4.92, 14.47, 16.89, 5.99, 1.58, 9.43, 15.13, 13.09, 1.75, 11.05, 3.98, 11.23, 9.81, 9.07, 14.43, 3.3, 7.47, 0.44, 8.66, 10.43, 0.0, 1.06, 11.76, 13.01, 10.18, 2.9, 1.3, 3.81, 4.64, 6.62, 4.72, 15.64, 3.35, 6.7, 14.91, 6.85, 15.14, 11.55], [3.0, 12.93, 5.5, 5.66, 9.28, 6.85, 5.85, 8.66, 6.34, 4.02, 6.93, 13.2, 8.45, 11.19, 1.4, 18.56, 12.58, 8.25, 1.71, 2.69, 4.54, 1.5, 7.8, 14.46, 17.88, 8.07, 8.69, 11.32, 14.5, 2.22, 8.52, 4.83, 8.35, 11.91, 2.09, 1.55, 1.04, 2.23, 17.56, 2.59, 8.61, 6.96, 1.96, 7.77, 3.21, 16.38, 3.19, 18.57, 7.08, 0.7, 6.25, 7.58, 2.63, 9.21, 14.74, 4.15, 0.63, 3.66, 2.63, 10.16, 2.95, 5.13, 0.0, 9.34, 10.38, 8.58, 1.21, 3.4, 9.18, 14.06, 19.7, 8.47, 3.2, 16.89, 7.8, 0.65, 8.23, 5.56, 4.39, 1.98, 10.06, 17.96, 4.36, 1.77, 13.13, 7.19, 16.82, 5.31, 9.01, 2.07, 6.49, 10.85, 3.75, 8.84, 0.86, 2.21, 17.23, 3.38, 16.58, 9.24], [5.62, 9.35, 2.55, 3.72, 3.84, 5.2, 13.39, 4.53, 2.13, 7.4, 1.45, 4.22, 2.35, 5.31, 5.8, 15.97, 7.64, 0.63, 1.24, 0.56, 6.81, 2.52, 0.33, 8.7, 4.56, 8.36, 2.91, 6.31, 8.35, 2.33, 8.18, 12.51, 2.47, 1.54, 5.0, 2.16, 10.17, 2.13, 1.72, 6.09, 0.77, 4.26, 5.12, 15.41, 1.61, 5.53, 2.25, 9.65, 9.88, 9.65, 5.43, 7.73, 13.16, 4.44, 7.25, 9.5, 5.4, 2.75, 1.32, 2.52, 5.89, 12.2, 5.88, 0.0, 12.36, 18.15, 2.5, 5.0, 4.84, 10.55, 16.06, 2.9, 2.31, 4.47, 2.38, 3.66, 1.04, 17.17, 0.63, 8.66, 0.72, 5.3, 10.19, 4.46, 4.57, 12.4, 14.75, 1.17, 1.75, 0.76, 11.69, 1.68, 1.37, 4.5, 8.63, 5.82, 6.95, 4.72, 5.11, 1.07], [8.25, 4.45, 11.74, 6.68, 15.56, 12.36, 6.97, 10.29, 5.62, 11.4, 11.17, 2.9, 9.19, 3.38, 15.75, 6.21, 1.63, 3.43, 7.45, 3.37, 3.85, 13.24, 18.35, 9.33, 4.44, 9.93, 4.74, 5.86, 3.62, 13.89, 8.81, 10.53, 18.7, 3.79, 14.84, 11.26, 11.1, 8.77, 2.69, 10.28, 7.57, 14.96, 5.1, 5.11, 4.18, 3.79, 15.3, 2.15, 13.35, 6.94, 19.94, 2.48, 6.44, 6.1, 7.23, 3.47, 20.57, 12.49, 6.43, 5.38, 3.88, 18.43, 15.18, 13.5, 0.0, 5.42, 17.77, 10.03, 1.25, 1.24, 2.84, 6.83, 10.34, 6.5, 8.31, 22.61, 4.99, 1.72, 3.44, 13.9, 15.68, 10.22, 4.39, 2.33, 10.5, 4.74, 7.55, 4.5, 2.28, 8.83, 8.5, 12.86, 16.12, 6.78, 19.69, 7.14, 3.63, 9.95, 5.45, 9.68], [1.93, 8.21, 4.33, 6.16, 7.98, 4.86, 1.4, 6.02, 5.64, 10.88, 15.17, 0.73, 2.0, 17.66, 12.19, 2.77, 16.56, 9.19, 9.59, 8.91, 7.1, 11.83, 12.89, 7.25, 16.97, 5.41, 15.54, 9.57, 6.37, 4.16, 1.54, 2.99, 21.37, 7.91, 5.3, 0.4, 12.98, 5.63, 3.2, 2.43, 3.65, 20.29, 0.64, 1.37, 3.85, 12.43, 4.7, 8.16, 1.09, 8.84, 4.54, 17.26, 1.67, 14.66, 12.87, 16.97, 15.59, 9.98, 2.13, 2.61, 12.85, 3.64, 8.74, 5.0, 13.0, 0.0, 10.43, 8.84, 5.34, 5.74, 2.44, 13.28, 13.68, 8.39, 4.45, 10.53, 13.35, 0.44, 8.3, 2.57, 14.04, 23.83, 1.44, 1.89, 3.33, 10.83, 8.55, 6.55, 7.21, 22.16, 1.71, 2.86, 7.92, 17.01, 5.13, 4.59, 14.17, 3.28, 20.2, 3.07], [2.13, 8.78, 5.45, 1.5, 10.83, 2.18, 3.63, 1.96, 1.52, 5.02, 12.96, 11.37, 16.0, 5.67, 0.5, 5.7, 16.58, 9.84, 7.15, 7.37, 6.2, 1.06, 2.81, 5.44, 10.19, 7.24, 13.19, 4.98, 8.76, 8.15, 7.49, 7.6, 12.4, 8.07, 4.81, 8.47, 1.61, 1.18, 4.72, 2.6, 10.05, 6.52, 3.68, 10.7, 3.1, 11.24, 1.79, 10.99, 9.76, 2.47, 0.65, 6.88, 12.93, 10.16, 8.48, 10.82, 0.98, 4.97, 1.12, 8.28, 1.59, 1.14, 1.05, 4.91, 10.6, 5.04, 0.0, 4.57, 9.09, 2.85, 6.14, 8.82, 4.46, 13.78, 4.77, 1.74, 6.84, 7.67, 2.15, 3.55, 5.22, 16.89, 2.88, 3.73, 4.05, 10.53, 8.78, 7.2, 8.55, 10.52, 2.83, 3.47, 4.68, 5.32, 0.89, 11.25, 13.52, 4.11, 12.94, 1.05], [2.15, 4.14, 4.9, 7.46, 4.91, 1.21, 5.87, 1.34, 1.1, 4.42, 1.97, 2.0, 9.21, 2.82, 6.9, 6.23, 10.46, 3.31, 2.52, 2.04, 3.15, 2.27, 2.96, 4.68, 4.06, 3.74, 5.93, 7.65, 1.04, 3.46, 15.61, 7.03, 6.56, 2.72, 2.71, 1.48, 4.11, 2.1, 9.43, 4.13, 0.87, 7.68, 3.23, 4.73, 0.61, 5.81, 2.46, 4.74, 3.4, 7.29, 6.97, 7.92, 7.45, 4.14, 7.33, 12.84, 3.74, 0.0, 5.68, 5.76, 1.98, 4.65, 9.29, 5.27, 6.68, 6.24, 1.1, 0.0, 10.49, 1.98, 7.11, 4.41, 3.3, 3.1, 7.17, 6.4, 3.51, 8.73, 1.21, 4.73, 3.34, 3.23, 4.74, 3.76, 6.98, 7.87, 1.4, 6.31, 1.92, 9.29, 5.56, 1.6, 6.38, 3.71, 9.03, 3.81, 5.12, 5.19, 6.28, 2.72], [2.26, 1.5, 3.64, 4.34, 7.88, 3.09, 3.78, 5.36, 1.97, 2.23, 8.79, 12.66, 3.7, 6.12, 6.57, 2.31, 1.02, 6.16, 4.5, 4.21, 8.52, 9.42, 13.67, 6.82, 10.78, 3.84, 6.31, 2.8, 2.39, 7.49, 5.25, 11.81, 14.73, 2.35, 4.97, 6.72, 4.1, 3.35, 2.87, 6.87, 5.45, 3.08, 8.81, 4.56, 13.12, 7.29, 5.51, 1.87, 7.87, 19.92, 8.53, 4.06, 7.79, 1.83, 6.41, 0.81, 5.88, 5.66, 8.62, 4.69, 2.39, 10.19, 19.67, 3.51, 2.59, 12.79, 13.06, 11.82, 0.0, 2.24, 0.92, 4.46, 1.55, 6.03, 4.68, 12.39, 1.64, 1.78, 3.96, 12.4, 11.64, 4.32, 6.37, 13.03, 4.48, 3.36, 1.89, 3.92, 6.64, 13.3, 9.82, 3.21, 6.87, 13.41, 10.47, 6.3, 6.31, 1.28, 3.81, 6.79], [7.66, 1.87, 3.57, 0.56, 9.3, 1.53, 6.24, 10.41, 6.19, 5.17, 2.2, 6.02, 5.09, 5.19, 2.61, 0.69, 2.5, 7.08, 3.7, 11.58, 5.36, 11.04, 8.5, 1.73, 3.74, 2.36, 5.87, 2.24, 2.54, 3.31, 12.67, 9.42, 8.33, 4.56, 11.53, 2.63, 9.74, 3.5, 0.66, 5.37, 5.13, 11.25, 10.3, 11.04, 7.46, 2.48, 10.26, 3.34, 6.73, 4.78, 5.63, 3.95, 7.94, 2.86, 8.77, 2.25, 3.94, 9.9, 1.8, 1.04, 7.62, 11.1, 8.39, 13.71, 1.29, 14.09, 9.97, 4.95, 1.32, 0.0, 1.69, 4.85, 2.42, 6.95, 1.43, 3.76, 5.82, 3.69, 8.0, 10.95, 11.77, 4.45, 3.44, 10.89, 3.22, 1.85, 0.24, 4.5, 2.24, 7.21, 9.29, 4.88, 3.52, 6.55, 9.66, 6.01, 2.9, 2.26, 3.39, 11.25], [4.15, 1.34, 5.3, 2.69, 4.21, 11.93, 11.39, 2.1, 3.36, 1.66, 9.67, 3.25, 4.96, 5.06, 14.47, 4.51, 1.9, 11.04, 5.12, 8.74, 4.36, 9.94, 10.68, 6.5, 4.74, 3.29, 4.59, 2.77, 0.57, 3.66, 11.19, 8.67, 6.28, 3.29, 9.36, 7.76, 16.96, 5.63, 1.52, 1.76, 8.04, 4.32, 5.39, 8.54, 13.09, 5.08, 11.82, 3.54, 7.79, 2.62, 10.1, 0.68, 10.29, 2.18, 12.76, 2.49, 5.51, 10.97, 13.14, 3.19, 16.26, 3.72, 6.69, 13.21, 1.41, 12.01, 14.06, 6.76, 1.04, 1.94, 0.0, 2.58, 7.88, 8.46, 6.48, 5.57, 4.08, 9.08, 1.93, 13.01, 16.16, 8.02, 15.0, 10.18, 4.5, 1.78, 0.71, 10.46, 3.65, 8.41, 5.32, 9.45, 6.48, 5.44, 10.16, 1.8, 5.01, 5.53, 2.55, 7.11], [8.97, 2.57, 5.85, 6.72, 0.48, 1.27, 4.36, 6.37, 6.65, 1.63, 2.86, 7.85, 7.33, 0.94, 9.04, 5.43, 3.81, 1.44, 2.49, 6.17, 4.75, 2.69, 1.39, 0.44, 2.78, 5.85, 1.75, 4.92, 2.07, 0.94, 14.74, 6.38, 3.93, 4.36, 6.98, 5.99, 7.26, 9.06, 7.62, 2.19, 0.68, 3.71, 6.61, 10.27, 1.24, 4.19, 4.6, 9.59, 9.28, 12.07, 8.49, 1.13, 5.58, 3.88, 1.05, 9.01, 12.11, 3.31, 5.6, 7.42, 7.44, 13.87, 12.93, 3.54, 7.5, 3.54, 11.78, 1.62, 7.97, 3.83, 3.77, 0.0, 0.0, 3.53, 2.62, 9.37, 0.7, 15.53, 1.62, 5.65, 3.81, 6.31, 3.61, 10.58, 1.34, 2.57, 3.89, 9.11, 3.3, 4.93, 4.93, 1.89, 3.98, 1.36, 10.15, 9.29, 2.88, 0.72, 3.69, 4.17], [5.59, 4.32, 4.64, 1.86, 0.69, 8.28, 9.57, 1.19, 4.34, 0.43, 2.46, 4.6, 8.06, 4.99, 12.73, 5.72, 3.24, 2.99, 1.23, 0.94, 2.32, 9.64, 3.0, 0.51, 1.82, 4.04, 0.67, 7.96, 0.71, 0.82, 16.51, 12.12, 3.75, 0.74, 6.12, 9.89, 3.09, 4.29, 1.82, 0.36, 1.12, 3.66, 8.5, 13.3, 1.19, 1.98, 3.68, 7.77, 4.91, 10.55, 1.39, 5.69, 5.91, 0.92, 3.96, 6.21, 7.51, 2.42, 6.79, 3.75, 9.56, 3.43, 11.9, 2.08, 13.12, 7.24, 7.36, 3.9, 8.03, 1.39, 4.35, 0.0, 0.0, 2.81, 8.35, 1.8, 0.37, 10.56, 1.73, 5.15, 1.33, 5.59, 8.46, 3.97, 1.34, 1.78, 2.09, 3.74, 1.18, 3.82, 2.85, 1.81, 6.4, 4.19, 12.29, 4.4, 1.01, 2.1, 3.04, 3.31], [7.1, 1.95, 4.72, 3.15, 3.3, 14.34, 17.97, 5.1, 5.02, 1.82, 1.06, 11.67, 7.11, 2.2, 14.37, 3.49, 3.19, 5.24, 3.35, 2.85, 1.52, 11.31, 5.48, 3.66, 2.22, 8.61, 0.46, 9.04, 3.02, 0.82, 15.11, 15.17, 2.88, 2.77, 10.69, 14.58, 18.67, 4.36, 1.15, 0.55, 1.11, 6.22, 12.52, 4.49, 4.27, 2.21, 2.45, 1.65, 11.55, 6.05, 6.49, 3.87, 2.85, 1.49, 4.07, 2.01, 15.77, 9.15, 5.83, 7.55, 5.06, 13.55, 16.75, 5.36, 7.04, 3.11, 16.7, 6.91, 6.89, 5.62, 7.17, 1.2, 2.73, 0.0, 3.49, 14.5, 5.22, 13.71, 2.33, 8.84, 3.0, 3.32, 5.07, 2.14, 1.35, 4.47, 9.64, 13.09, 9.87, 2.32, 3.66, 1.37, 3.53, 3.44, 10.53, 13.9, 2.55, 4.45, 0.39, 5.05], [5.23, 3.8, 4.34, 1.21, 7.21, 5.4, 6.22, 2.4, 4.41, 6.78, 2.17, 2.29, 4.66, 9.49, 1.53, 2.95, 2.74, 4.51, 3.85, 11.75, 3.11, 1.67, 10.88, 1.68, 5.52, 0.29, 1.43, 0.67, 1.25, 10.29, 5.05, 5.37, 2.59, 4.97, 3.94, 4.53, 12.06, 0.89, 3.34, 3.74, 5.79, 14.02, 5.64, 6.47, 2.54, 8.06, 6.6, 7.31, 0.53, 11.45, 5.62, 7.99, 1.53, 1.52, 14.91, 6.39, 12.43, 7.63, 4.5, 0.58, 6.93, 3.9, 4.16, 12.25, 2.76, 8.21, 10.9, 2.17, 5.79, 3.54, 5.79, 6.81, 1.06, 6.19, 0.0, 11.52, 2.54, 3.24, 4.24, 4.0, 2.85, 6.23, 4.16, 5.83, 9.45, 7.13, 1.9, 3.32, 3.09, 10.79, 3.96, 1.95, 5.57, 7.21, 7.37, 1.4, 0.9, 4.33, 8.86, 5.98], [3.79, 2.83, 2.46, 15.75, 1.78, 5.86, 9.98, 4.19, 6.36, 8.16, 8.95, 13.48, 2.03, 6.7, 1.66, 5.33, 5.84, 3.24, 3.6, 6.36, 2.8, 2.16, 6.47, 6.66, 5.98, 9.06, 2.58, 8.26, 14.06, 2.7, 6.0, 4.67, 11.93, 3.46, 0.96, 1.9, 1.86, 6.91, 7.77, 2.71, 6.88, 7.53, 13.34, 2.91, 5.29, 17.11, 0.66, 10.6, 12.25, 1.14, 2.58, 10.03, 11.71, 11.62, 15.57, 19.91, 0.65, 7.51, 0.91, 1.85, 0.0, 3.98, 0.49, 3.35, 8.54, 12.32, 2.15, 3.48, 2.82, 14.88, 14.99, 9.37, 10.21, 15.12, 7.76, 0.0, 1.38, 13.14, 3.76, 2.35, 4.56, 7.4, 5.95, 13.81, 11.04, 12.77, 12.2, 8.47, 5.11, 1.61, 3.35, 3.86, 7.2, 11.7, 3.57, 3.32, 6.19, 12.49, 13.52, 2.94], [3.27, 1.12, 5.96, 7.9, 1.49, 6.26, 11.83, 6.28, 1.83, 3.14, 1.43, 13.25, 14.09, 2.88, 4.11, 5.22, 5.83, 1.37, 1.9, 3.78, 0.87, 7.17, 4.11, 3.72, 0.89, 2.6, 2.46, 7.34, 3.43, 0.76, 9.18, 7.34, 2.09, 3.0, 4.59, 8.66, 8.94, 1.06, 7.5, 1.61, 0.22, 5.77, 4.32, 4.68, 1.27, 1.81, 0.76, 9.74, 9.61, 2.84, 11.42, 4.8, 1.49, 4.47, 0.95, 6.1, 2.2, 2.7, 1.31, 7.57, 6.27, 1.52, 10.78, 2.99, 1.84, 2.48, 10.34, 3.84, 9.97, 4.11, 5.36, 0.17, 0.93, 0.86, 3.32, 2.52, 0.0, 11.59, 2.01, 12.42, 2.4, 1.96, 4.66, 3.48, 4.1, 1.95, 3.33, 6.73, 8.21, 4.34, 9.46, 1.27, 2.19, 0.89, 8.88, 9.43, 1.15, 1.75, 5.74, 1.23], [10.89, 3.89, 2.24, 2.93, 4.78, 4.9, 1.28, 6.11, 3.24, 2.41, 3.75, 3.79, 3.51, 19.29, 8.27, 2.65, 5.06, 15.15, 2.16, 11.05, 5.59, 1.8, 12.53, 8.38, 5.28, 5.9, 10.42, 6.8, 1.74, 14.07, 3.24, 4.85, 11.69, 8.72, 10.32, 1.2, 9.45, 5.43, 1.92, 9.98, 3.94, 11.11, 0.0, 3.02, 13.26, 16.87, 3.35, 14.19, 3.47, 3.63, 7.09, 3.99, 0.97, 13.59, 16.95, 9.41, 10.65, 5.48, 2.41, 7.24, 13.98, 5.41, 12.44, 3.23, 8.68, 0.87, 2.08, 3.21, 10.75, 5.16, 1.77, 8.47, 4.8, 10.48, 4.08, 8.14, 13.06, 0.0, 10.04, 6.88, 16.68, 14.77, 3.72, 1.21, 12.69, 3.97, 5.09, 1.59, 1.61, 13.21, 5.93, 2.83, 2.51, 17.33, 3.29, 1.73, 8.62, 7.75, 14.39, 16.25], [0.7, 3.28, 7.71, 9.89, 3.96, 3.51, 12.82, 0.75, 4.36, 7.76, 5.82, 10.65, 9.39, 2.42, 5.99, 4.61, 15.83, 4.47, 3.0, 1.25, 2.34, 0.44, 3.03, 2.54, 8.96, 6.23, 4.39, 6.55, 8.27, 1.74, 3.2, 8.5, 1.86, 3.94, 1.05, 10.43, 1.3, 2.54, 8.36, 5.98, 2.36, 9.08, 12.13, 11.24, 3.5, 12.58, 0.68, 4.23, 4.23, 3.52, 7.04, 13.56, 10.03, 5.37, 5.86, 2.77, 6.99, 1.21, 2.67, 3.85, 3.09, 2.97, 5.36, 5.0, 11.3, 7.58, 4.65, 1.28, 12.89, 2.99, 8.23, 4.02, 4.05, 9.45, 2.69, 3.18, 4.79, 2.71, 0.0, 1.45, 4.8, 8.13, 8.83, 4.87, 5.2, 11.99, 4.87, 4.34, 6.46, 2.34, 5.69, 2.83, 5.41, 3.8, 2.85, 3.04, 7.68, 5.59, 10.24, 1.58], [4.47, 6.67, 2.97, 4.91, 13.63, 3.04, 6.81, 5.01, 5.97, 14.5, 4.11, 7.15, 12.15, 5.92, 3.57, 14.6, 3.53, 13.44, 4.63, 4.96, 12.35, 2.23, 12.04, 13.22, 14.26, 12.87, 2.01, 8.47, 14.3, 8.71, 7.78, 4.86, 2.97, 10.68, 6.55, 3.69, 0.5, 2.06, 4.75, 3.07, 1.61, 16.47, 9.33, 7.24, 11.41, 3.13, 2.64, 9.99, 8.92, 2.0, 1.09, 3.33, 3.33, 13.95, 17.0, 13.36, 1.12, 3.07, 4.99, 11.73, 2.49, 2.26, 3.23, 6.91, 17.0, 4.62, 4.62, 4.36, 5.95, 14.78, 9.91, 1.7, 14.32, 6.07, 6.37, 3.03, 6.32, 3.01, 1.23, 0.0, 5.84, 19.42, 3.78, 8.09, 5.25, 13.42, 6.56, 1.63, 1.39, 14.77, 1.98, 3.46, 3.29, 2.02, 1.44, 2.82, 14.84, 9.51, 9.87, 3.84], [7.3, 3.19, 7.78, 8.21, 1.2, 4.41, 10.6, 0.91, 6.58, 1.96, 5.03, 8.87, 9.25, 7.49, 2.85, 11.6, 16.76, 1.11, 0.97, 0.0, 6.16, 6.36, 1.92, 1.87, 5.2, 4.25, 2.12, 5.8, 9.06, 4.14, 20.53, 13.09, 3.41, 9.32, 5.99, 4.99, 2.55, 6.74, 7.93, 5.03, 4.85, 1.55, 11.75, 3.44, 0.65, 3.86, 3.57, 10.58, 4.32, 2.8, 6.52, 9.35, 6.49, 2.46, 7.15, 9.09, 7.94, 0.92, 7.4, 12.93, 4.62, 10.36, 8.3, 0.27, 8.24, 3.91, 5.37, 1.46, 3.64, 6.13, 5.46, 5.35, 4.97, 1.51, 6.73, 4.38, 5.35, 14.65, 0.51, 2.3, 0.0, 1.72, 7.23, 10.12, 2.26, 13.23, 8.15, 1.27, 3.8, 4.01, 2.45, 4.68, 7.22, 8.48, 5.18, 3.75, 9.81, 2.8, 8.3, 0.81], [3.82, 7.73, 7.12, 11.47, 2.25, 4.45, 7.24, 12.49, 10.43, 5.63, 3.45, 21.21, 3.23, 0.31, 10.62, 11.31, 12.92, 6.45, 2.57, 3.08, 10.94, 1.7, 6.76, 3.26, 0.94, 11.74, 0.83, 7.4, 10.05, 0.95, 19.78, 19.18, 3.3, 8.45, 12.56, 9.44, 6.68, 7.15, 8.93, 3.84, 4.07, 0.26, 13.8, 10.41, 1.9, 4.04, 4.67, 11.87, 5.45, 8.24, 8.77, 1.08, 7.34, 8.85, 0.6, 11.78, 10.1, 10.73, 15.95, 9.09, 10.16, 13.24, 18.43, 2.28, 8.36, 6.3, 9.77, 6.64, 2.86, 12.79, 9.51, 2.5, 2.89, 1.6, 2.93, 11.53, 6.55, 5.44, 3.14, 20.14, 2.02, 0.0, 17.51, 19.98, 0.6, 10.26, 13.5, 5.29, 2.58, 0.82, 12.61, 8.39, 6.17, 0.82, 12.42, 16.84, 7.29, 6.48, 5.45, 6.23], [1.97, 10.6, 2.19, 7.6, 15.14, 4.57, 1.62, 0.95, 2.04, 14.17, 17.84, 3.9, 1.8, 13.96, 4.39, 8.23, 17.01, 1.95, 1.93, 12.33, 4.89, 2.27, 14.16, 2.96, 8.05, 10.71, 9.53, 3.28, 15.53, 9.24, 7.37, 0.38, 15.4, 3.72, 2.52, 5.07, 0.79, 7.55, 10.88, 3.34, 3.97, 20.36, 4.66, 1.02, 8.61, 15.63, 3.61, 12.26, 8.26, 2.92, 1.08, 4.12, 6.64, 13.06, 4.45, 3.2, 4.19, 8.46, 1.9, 3.92, 8.62, 0.0, 1.75, 12.48, 3.67, 3.97, 4.27, 8.48, 9.05, 11.64, 8.83, 4.98, 12.77, 9.15, 5.15, 7.04, 6.7, 5.64, 4.61, 1.1, 5.11, 2.91, 0.0, 1.01, 17.06, 9.65, 7.11, 4.5, 1.59, 4.56, 3.47, 2.16, 2.81, 17.98, 5.58, 6.02, 9.35, 3.14, 17.06, 13.56], [3.29, 5.79, 3.77, 4.35, 14.62, 4.7, 2.78, 2.17, 2.38, 15.73, 6.15, 3.71, 3.89, 8.01, 1.43, 8.24, 11.25, 2.76, 9.99, 13.73, 4.68, 8.37, 5.12, 11.8, 5.37, 4.57, 9.14, 4.42, 10.74, 4.31, 2.24, 2.66, 14.4, 15.03, 9.21, 1.2, 1.23, 3.1, 6.37, 11.7, 1.64, 3.85, 2.61, 1.43, 2.51, 15.57, 4.88, 16.8, 0.68, 2.13, 2.37, 5.88, 1.89, 9.39, 22.51, 11.86, 6.95, 10.38, 7.84, 1.83, 11.96, 3.92, 5.21, 3.81, 10.82, 0.25, 11.3, 2.94, 1.86, 8.38, 7.93, 10.26, 8.02, 15.59, 4.08, 12.5, 9.41, 1.77, 1.71, 7.39, 12.05, 17.43, 1.18, 0.0, 4.38, 2.82, 5.29, 4.89, 5.46, 9.78, 1.15, 1.52, 4.66, 4.72, 1.4, 1.69, 13.75, 3.58, 4.8, 13.87], [7.17, 5.13, 7.77, 1.47, 0.78, 9.09, 8.32, 2.25, 4.41, 0.42, 0.0, 3.61, 3.27, 1.71, 15.42, 4.01, 3.83, 2.26, 0.82, 4.13, 3.2, 12.97, 1.92, 1.57, 1.16, 4.43, 1.97, 1.85, 4.88, 3.33, 12.17, 17.08, 6.19, 2.52, 2.95, 12.35, 9.86, 5.79, 3.72, 3.47, 1.72, 3.73, 17.02, 7.37, 4.68, 0.74, 7.99, 8.12, 10.37, 10.63, 6.34, 2.37, 7.85, 1.99, 2.0, 3.87, 7.57, 2.83, 10.29, 1.78, 4.39, 4.85, 2.59, 2.54, 8.38, 15.8, 5.21, 6.52, 6.37, 7.28, 6.25, 0.8, 1.57, 1.12, 6.38, 2.81, 2.7, 1.97, 8.1, 1.92, 5.13, 3.04, 5.39, 8.32, 0.0, 1.76, 8.28, 9.97, 5.3, 0.67, 8.31, 1.79, 6.06, 1.69, 8.92, 13.14, 0.92, 1.03, 0.66, 3.93], [12.56, 2.86, 3.11, 3.94, 1.09, 7.13, 9.98, 4.47, 10.5, 1.5, 1.36, 13.23, 7.37, 6.7, 13.85, 6.71, 1.43, 12.29, 5.56, 2.09, 1.38, 16.84, 10.31, 3.02, 2.92, 5.21, 2.28, 2.49, 1.43, 8.55, 12.47, 2.28, 2.78, 1.55, 13.07, 5.99, 6.28, 2.16, 1.04, 4.51, 5.27, 6.1, 2.49, 11.91, 4.07, 3.57, 2.85, 0.99, 8.6, 5.31, 3.43, 2.28, 12.25, 1.4, 7.01, 2.04, 7.91, 6.42, 2.27, 6.77, 2.21, 7.24, 6.65, 6.46, 1.34, 10.81, 11.32, 8.06, 3.76, 1.7, 0.63, 7.42, 5.82, 4.32, 5.07, 5.2, 8.27, 6.41, 12.38, 14.06, 5.71, 6.12, 13.01, 10.89, 4.99, 0.0, 1.61, 3.49, 10.05, 4.8, 1.79, 6.55, 8.94, 7.09, 13.44, 12.0, 2.04, 4.48, 2.06, 6.83], [10.58, 2.77, 10.44, 2.47, 9.98, 7.0, 3.92, 6.38, 3.76, 2.49, 2.27, 11.94, 4.13, 5.36, 12.74, 1.68, 1.4, 7.31, 2.38, 5.43, 0.87, 6.69, 12.02, 4.96, 10.87, 0.96, 3.6, 1.86, 4.87, 4.38, 1.9, 2.15, 12.04, 6.66, 7.84, 5.17, 11.42, 5.02, 1.44, 6.94, 1.57, 15.64, 7.43, 1.66, 7.11, 3.99, 7.5, 1.0, 3.67, 13.56, 3.77, 2.76, 7.17, 6.04, 14.28, 2.36, 11.7, 10.4, 11.01, 0.89, 12.41, 10.95, 16.06, 10.73, 1.45, 7.1, 2.41, 1.86, 0.47, 0.51, 3.1, 3.16, 2.52, 9.52, 2.28, 16.74, 2.05, 2.73, 7.78, 15.61, 5.55, 12.18, 11.07, 7.82, 3.97, 3.64, 0.0, 6.52, 2.89, 9.73, 4.86, 9.12, 6.01, 4.94, 14.5, 0.81, 5.66, 2.02, 5.61, 7.69], [0.73, 6.98, 2.05, 5.75, 3.93, 2.17, 4.25, 1.57, 1.04, 10.19, 11.11, 6.55, 4.39, 2.6, 3.5, 2.81, 11.29, 8.92, 1.77, 9.91, 5.82, 6.76, 6.27, 2.32, 9.92, 2.3, 10.41, 3.5, 6.02, 10.11, 2.57, 4.62, 6.73, 4.31, 2.23, 1.62, 1.26, 2.79, 8.61, 2.37, 7.65, 13.14, 3.41, 2.95, 3.83, 7.54, 4.5, 6.51, 0.42, 6.29, 1.03, 12.39, 3.84, 9.08, 15.81, 3.93, 9.3, 3.89, 2.1, 4.58, 7.19, 4.74, 6.76, 9.92, 5.28, 5.19, 3.45, 5.75, 6.59, 1.54, 7.01, 5.68, 7.57, 6.33, 2.71, 9.76, 4.05, 4.42, 3.28, 3.17, 10.34, 3.47, 2.8, 1.91, 3.55, 3.29, 1.48, 0.0, 0.4, 3.02, 0.55, 7.3, 1.38, 8.46, 3.63, 1.74, 5.46, 1.91, 12.32, 7.24], [5.08, 4.74, 1.81, 3.3, 5.4, 4.06, 6.32, 0.92, 1.58, 10.31, 4.96, 3.4, 1.52, 7.89, 1.98, 1.69, 6.51, 7.38, 5.7, 3.03, 4.38, 1.25, 5.8, 0.73, 1.82, 4.02, 10.41, 3.46, 7.1, 2.57, 9.1, 6.19, 4.55, 2.19, 0.73, 2.7, 1.59, 1.07, 3.91, 5.7, 4.79, 6.07, 5.69, 3.35, 9.31, 4.19, 1.93, 8.57, 1.39, 7.18, 5.35, 9.76, 3.15, 4.36, 13.01, 3.64, 4.66, 5.27, 1.68, 1.76, 7.54, 3.43, 3.68, 3.73, 10.82, 5.17, 3.46, 1.83, 6.32, 5.65, 5.31, 7.51, 7.21, 11.64, 0.89, 6.03, 2.8, 5.42, 5.13, 2.95, 8.42, 2.47, 2.06, 5.14, 11.72, 7.14, 5.9, 0.27, 0.0, 9.04, 1.74, 1.31, 2.5, 11.02, 1.84, 0.54, 5.82, 2.9, 5.4, 2.09], [4.93, 2.54, 12.7, 14.89, 2.31, 3.8, 16.21, 11.43, 5.99, 4.57, 2.54, 2.61, 8.46, 0.89, 8.12, 17.56, 10.62, 3.67, 7.84, 6.15, 2.88, 2.83, 1.92, 3.14, 0.29, 12.16, 3.02, 9.5, 3.94, 4.34, 24.62, 15.93, 0.83, 6.18, 10.92, 2.62, 18.13, 1.7, 9.48, 7.71, 3.95, 1.15, 17.51, 10.61, 3.94, 4.4, 8.46, 2.84, 4.29, 2.21, 12.43, 6.91, 13.32, 3.62, 0.97, 12.47, 6.24, 1.37, 1.62, 7.91, 6.07, 11.83, 17.99, 3.49, 5.17, 13.42, 2.94, 7.98, 4.95, 2.47, 3.93, 4.0, 2.7, 5.17, 9.94, 12.92, 4.98, 18.29, 4.22, 19.09, 2.34, 0.21, 12.63, 7.88, 2.86, 4.5, 14.2, 7.5, 8.08, 0.0, 7.88, 7.95, 9.95, 0.27, 14.56, 2.94, 4.33, 4.75, 2.92, 4.53], [3.94, 5.54, 0.95, 2.12, 4.35, 0.76, 3.98, 2.34, 0.63, 6.56, 4.6, 5.37, 6.97, 9.79, 4.66, 2.68, 10.44, 11.67, 6.56, 9.27, 6.23, 4.98, 10.05, 4.98, 8.84, 3.21, 10.03, 2.01, 8.58, 5.84, 4.49, 4.29, 4.22, 8.86, 3.43, 0.94, 4.14, 0.85, 3.24, 3.65, 7.08, 10.33, 3.0, 0.68, 2.4, 7.63, 4.79, 2.52, 2.12, 2.7, 0.74, 6.42, 4.7, 8.63, 7.81, 14.8, 2.42, 4.34, 2.1, 1.9, 3.84, 4.32, 4.69, 5.45, 5.8, 1.51, 2.88, 1.46, 11.12, 9.95, 1.91, 7.74, 10.33, 5.2, 4.23, 6.05, 4.93, 4.89, 2.96, 3.54, 6.07, 7.12, 1.18, 1.19, 6.9, 4.39, 0.98, 0.2, 1.11, 15.75, 0.0, 4.65, 0.45, 4.08, 5.95, 2.91, 8.9, 5.1, 10.46, 4.76], [3.28, 3.93, 9.42, 7.48, 2.8, 7.89, 11.29, 4.35, 4.85, 4.08, 4.18, 14.27, 8.26, 5.66, 3.87, 1.21, 10.33, 1.85, 0.35, 3.84, 2.46, 6.29, 2.31, 1.22, 5.42, 2.45, 4.0, 3.4, 4.22, 2.57, 3.07, 8.27, 2.52, 2.82, 3.96, 8.12, 5.24, 3.32, 2.54, 2.08, 1.67, 2.4, 5.54, 14.87, 0.79, 8.12, 0.6, 8.77, 4.18, 9.84, 5.07, 8.13, 8.25, 4.08, 2.79, 8.88, 3.75, 1.25, 8.2, 0.97, 6.44, 10.45, 5.07, 3.01, 12.05, 13.81, 6.9, 0.33, 4.44, 6.95, 7.91, 2.19, 2.29, 2.32, 3.3, 2.64, 0.93, 2.24, 1.12, 4.56, 1.0, 6.97, 2.0, 11.27, 3.1, 3.67, 5.25, 6.44, 3.39, 1.86, 1.36, 0.0, 5.06, 0.77, 10.01, 6.24, 3.37, 1.76, 7.1, 1.58], [1.42, 7.54, 0.3, 5.86, 10.97, 0.64, 0.91, 2.5, 1.65, 6.28, 7.19, 4.79, 5.05, 6.91, 1.32, 9.89, 5.18, 2.86, 6.57, 6.44, 6.02, 4.35, 2.86, 6.67, 1.5, 2.3, 4.51, 1.83, 2.33, 2.29, 2.7, 3.85, 2.3, 2.04, 0.51, 6.07, 3.6, 1.81, 7.51, 5.06, 4.52, 2.82, 5.95, 4.14, 1.59, 13.9, 3.71, 11.99, 2.31, 2.91, 3.03, 13.28, 2.52, 3.35, 7.52, 13.04, 9.3, 4.96, 4.03, 4.15, 1.45, 2.77, 3.7, 4.44, 9.29, 7.45, 3.63, 0.77, 10.13, 9.06, 7.71, 1.98, 2.13, 6.67, 6.03, 2.99, 7.28, 6.08, 4.17, 1.44, 7.97, 3.82, 1.08, 3.51, 3.87, 12.29, 5.06, 1.08, 1.4, 6.03, 0.95, 0.95, 0.0, 8.15, 5.96, 1.27, 5.95, 4.36, 12.43, 4.67], [3.22, 2.61, 13.39, 3.23, 1.74, 13.7, 8.95, 5.05, 11.66, 0.52, 0.76, 2.43, 14.68, 0.15, 4.46, 4.32, 5.64, 4.69, 5.34, 5.18, 5.17, 10.62, 2.8, 4.96, 1.41, 5.99, 4.92, 12.07, 4.17, 2.65, 5.93, 5.29, 1.31, 5.51, 8.34, 2.99, 3.72, 7.35, 6.99, 3.74, 4.4, 2.65, 17.16, 14.28, 3.37, 5.14, 10.66, 1.54, 12.53, 10.43, 16.34, 1.71, 5.05, 6.14, 0.85, 7.34, 5.92, 2.47, 9.06, 6.24, 4.66, 4.68, 4.21, 4.32, 15.42, 15.41, 1.81, 5.86, 7.34, 6.48, 12.59, 0.81, 3.19, 3.13, 5.7, 4.9, 1.96, 3.0, 6.32, 13.81, 3.06, 0.76, 11.25, 2.99, 1.95, 3.35, 4.56, 2.77, 4.06, 1.04, 12.62, 6.35, 14.62, 0.0, 12.25, 9.87, 2.22, 4.59, 1.0, 5.04], [0.72, 5.2, 8.2, 9.39, 12.57, 1.99, 8.04, 6.03, 5.41, 4.62, 9.54, 13.57, 6.36, 6.26, 0.55, 13.34, 16.3, 5.64, 4.27, 8.09, 8.95, 0.95, 2.92, 14.12, 3.57, 10.37, 4.91, 12.89, 11.75, 5.62, 14.45, 4.45, 6.66, 3.12, 3.8, 8.5, 1.01, 10.77, 4.61, 8.97, 7.82, 10.33, 9.27, 5.8, 4.97, 2.75, 1.6, 19.64, 1.71, 0.3, 5.02, 8.41, 1.6, 3.31, 15.99, 19.86, 1.75, 7.48, 2.56, 14.36, 3.01, 4.34, 0.29, 8.11, 3.19, 10.99, 0.36, 8.93, 11.4, 9.04, 10.37, 2.03, 13.04, 8.31, 4.67, 2.42, 8.28, 4.44, 5.26, 2.35, 1.33, 15.43, 7.5, 5.94, 3.99, 9.67, 2.46, 2.02, 1.96, 9.13, 2.99, 7.42, 3.64, 11.46, 0.0, 7.9, 15.3, 11.68, 11.86, 3.87], [2.34, 4.69, 3.7, 3.63, 4.53, 2.51, 2.76, 4.91, 1.8, 1.79, 8.7, 2.52, 4.56, 4.48, 4.97, 2.67, 1.76, 9.33, 4.04, 4.1, 4.81, 7.17, 11.6, 4.37, 13.75, 2.76, 5.18, 3.85, 8.68, 5.94, 3.74, 5.47, 6.09, 7.29, 2.23, 2.61, 9.86, 2.0, 1.09, 5.57, 5.77, 5.22, 0.65, 5.27, 9.24, 7.85, 10.13, 10.34, 0.32, 2.12, 5.87, 4.42, 2.17, 9.18, 4.57, 8.23, 13.33, 0.99, 5.12, 2.9, 4.61, 5.77, 9.86, 4.95, 4.79, 0.7, 10.8, 2.27, 9.76, 4.28, 6.77, 5.12, 8.84, 14.18, 3.99, 9.44, 5.88, 0.56, 2.73, 5.7, 12.01, 9.94, 3.79, 1.96, 8.63, 4.0, 1.34, 0.63, 0.5, 6.2, 0.47, 4.86, 3.33, 4.42, 7.8, 0.0, 6.17, 7.7, 14.77, 8.96], [4.41, 1.36, 4.53, 6.04, 2.61, 10.54, 7.31, 3.03, 4.35, 1.99, 0.53, 7.13, 9.2, 3.41, 7.15, 5.44, 6.34, 5.72, 1.64, 9.28, 3.74, 7.13, 5.8, 0.99, 0.92, 5.44, 0.93, 4.71, 1.86, 2.24, 8.79, 11.34, 1.73, 0.96, 4.55, 9.48, 7.15, 8.13, 3.94, 1.46, 5.04, 6.92, 4.12, 8.94, 6.59, 0.74, 1.1, 1.16, 1.79, 3.98, 12.82, 2.35, 8.41, 0.84, 5.13, 3.36, 5.99, 1.16, 13.37, 4.03, 2.29, 4.46, 3.38, 2.63, 1.56, 7.04, 6.29, 2.26, 8.05, 2.49, 2.84, 2.82, 3.88, 0.36, 6.9, 13.76, 2.06, 3.64, 1.69, 13.56, 10.14, 4.33, 13.22, 6.02, 1.39, 4.41, 0.89, 2.59, 3.62, 6.29, 7.33, 0.67, 8.38, 1.36, 8.86, 2.32, 0.0, 0.64, 2.13, 2.89], [4.43, 0.0, 3.96, 1.25, 3.71, 4.74, 1.52, 2.74, 6.46, 2.08, 2.97, 3.09, 1.65, 4.41, 10.78, 7.51, 3.25, 3.28, 2.22, 2.61, 1.57, 5.98, 1.43, 0.48, 1.96, 3.08, 3.24, 2.83, 1.5, 6.07, 3.82, 4.16, 7.38, 2.21, 1.35, 3.44, 7.61, 2.41, 3.03, 0.89, 1.08, 3.05, 3.98, 10.58, 1.35, 3.16, 2.95, 7.37, 6.11, 1.88, 2.08, 4.08, 7.96, 1.06, 5.75, 4.87, 11.1, 2.4, 5.79, 3.27, 4.2, 1.95, 8.66, 9.1, 6.15, 12.34, 6.83, 1.2, 1.85, 2.02, 6.29, 4.92, 4.31, 2.31, 1.73, 8.91, 1.45, 3.03, 5.41, 10.94, 2.44, 2.52, 6.46, 1.75, 1.64, 0.93, 4.04, 3.94, 2.39, 7.8, 7.01, 2.21, 1.3, 6.6, 8.98, 6.86, 1.62, 0.0, 2.7, 1.53], [13.84, 2.94, 5.58, 4.8, 1.5, 2.55, 6.95, 3.28, 6.86, 0.58, 1.6, 3.22, 2.96, 1.69, 17.7, 7.97, 1.72, 9.05, 3.59, 7.44, 2.03, 12.3, 5.56, 4.27, 1.65, 5.31, 0.66, 4.38, 3.73, 5.41, 6.89, 18.44, 6.0, 3.12, 11.4, 6.16, 15.05, 7.92, 3.05, 2.97, 2.56, 5.62, 13.34, 20.94, 6.88, 1.63, 8.97, 1.25, 6.18, 19.55, 12.46, 2.35, 6.76, 1.73, 4.19, 2.22, 15.51, 8.66, 2.83, 6.52, 8.28, 19.19, 18.55, 9.8, 3.19, 9.55, 15.91, 1.41, 2.11, 5.46, 9.17, 3.69, 2.92, 0.65, 4.09, 12.55, 2.16, 11.75, 4.19, 12.84, 4.67, 4.45, 4.81, 11.98, 1.23, 6.18, 6.67, 10.61, 11.14, 0.9, 4.38, 5.13, 4.13, 3.67, 17.37, 12.42, 1.82, 3.49, 0.0, 4.6], [2.7, 6.15, 1.44, 10.84, 0.89, 8.11, 7.19, 4.77, 2.98, 1.84, 4.56, 6.24, 2.81, 7.2, 2.43, 14.7, 4.21, 1.53, 1.08, 0.98, 6.95, 2.83, 1.8, 5.8, 1.55, 5.01, 4.43, 10.29, 3.29, 3.45, 7.16, 8.71, 2.81, 9.86, 3.61, 15.7, 9.47, 6.28, 4.29, 3.06, 2.18, 6.61, 12.3, 10.78, 0.6, 5.22, 2.32, 15.36, 11.94, 5.2, 6.73, 3.07, 9.41, 8.11, 2.66, 12.4, 4.31, 2.91, 3.22, 1.8, 2.41, 12.76, 9.8, 0.61, 20.05, 4.38, 1.48, 2.01, 9.16, 3.74, 10.23, 1.64, 3.01, 7.88, 11.85, 1.36, 3.19, 12.16, 3.73, 4.14, 0.43, 8.53, 8.84, 3.92, 3.68, 9.75, 12.44, 5.83, 1.98, 4.44, 1.5, 3.76, 4.29, 3.0, 2.38, 10.86, 6.75, 5.65, 2.2, 0.0]]
vans = [5, 6, 7]

