J = [0, 1, 2]
K = [3, 4, 5]
L = [6, 7, 8, 9]
I = [0, 1, 2, 3, 4, 5, 6, 7, 8, 9]
N = [0, 1, 2, 3, 4, 5, 6, 7, 8, 9, 10, 11, 12, 13, 14, 15, 16, 17, 18, 19, 20, 21, 22, 23, 24, 25, 26, 27, 28, 29, 30, 31, 32, 33, 34, 35, 36, 37, 38, 39, 40, 41, 42, 43, 44, 45, 46, 47, 48, 49, 50, 51, 52, 53, 54, 55, 56, 57, 58, 59, 60, 61, 62, 63, 64, 65, 66, 67, 68, 69, 70, 71, 72, 73, 74, 75, 76, 77, 78, 79, 80, 81, 82, 83, 84, 85, 86, 87, 88, 89, 90, 91, 92, 93, 94, 95, 96, 97, 98, 99]
demand = [1008, 523, 457, 1026, 890, 1041, 901, 517, 818, 454, 444, 839, 495, 829, 486, 1000, 732, 540, 576, 1047, 1076, 505, 1104, 1121, 695, 1051, 1021, 917, 1041, 810, 459, 638, 933, 995, 1009, 444, 966, 644, 722, 620, 789, 609, 852, 493, 499, 1039, 404, 448, 755, 1154, 1189, 1062, 1172, 833, 878, 657, 483, 818, 1128, 677, 1114, 641, 1166, 499, 684, 813, 770, 1196, 548, 1017, 1164, 1162, 632, 1029, 1101, 929, 757, 616, 988, 753, 464, 829, 606, 984, 743, 1170, 868, 941, 639, 663, 712, 549, 422, 1123, 1057, 851, 586, 851, 937, 1049]
hub = [1, 1, 0, 0, 0, 2, 0, 2, 0, 1, 2, 0, 2, 2, 2, 0, 2, 1, 0, 1, 1, 1, 0, 1, 2, 1, 1, 0, 1, 2, 2, 2, 1, 0, 2, 1, 2, 2, 1, 1, 2, 0, 1, 2, 0, 1, 0, 0, 2, 0, 1, 0, 1, 2, 0, 0, 2, 2, 0, 2, 2, 1, 0, 1, 1, 0, 1, 2, 2, 0, 0, 0, 0, 0, 2, 0, 0, 1, 0, 2, 0, 0, 2, 2, 1, 1, 0, 0, 1, 1, 2, 2, 2, 0, 1, 2, 2, 1, 1, 1]
release = [30, 23, 35, 35, 30, 33, 43, 1, 25, 1, 10, 19, 25, 46, 43, 19, 22, 15, 22, 30, 33, 39, 0, 6, 38, 23, 20, 14, 35, 8, 12, 5, 18, 34, 30, 2, 21, 33, 47, 32, 43, 20, 21, 11, 6, 24, 32, 31, 4, 45, 38, 35, 13, 17, 36, 46, 28, 46, 42, 43, 36, 18, 11, 34, 38, 39, 30, 19, 7, 20, 2, 31, 33, 31, 23, 18, 16, 47, 22, 19, 19, 0, 18, 29, 47, 36, 46, 31, 7, 4, 33, 43, 10, 38, 41, 43, 25, 19, 26, 22]
Nj = [[2, 3, 4, 6, 8, 11, 15, 18, 22, 27, 33, 41, 44, 46, 47, 49, 51, 54, 55, 58, 62, 65, 69, 70, 71, 72, 73, 75, 76, 78, 80, 81, 86, 87, 93], [0, 1, 9, 17, 19, 20, 21, 23, 25, 26, 28, 32, 35, 38, 39, 42, 45, 50, 52, 61, 63, 64, 66, 77, 84, 85, 88, 89, 94, 97, 98, 99], [5, 7, 10, 12, 13, 14, 16, 24, 29, 30, 31, 34, 36, 37, 40, 43, 48, 53, 56, 57, 59, 60, 67, 68, 74, 79, 82, 83, 90, 91, 92, 95, 96]]
Gj = [[0, 1, 2, 3, 4, 5, 6, 7, 8, 9, 10, 11, 12, 13, 14, 15, 16, 17, 18, 19, 20, 21, 22, 23, 24, 25, 26, 27, 28, 29, 30, 31, 32, 33, 34], [35, 36, 37, 38, 39, 40, 41, 42, 43, 44, 45, 46, 47, 48, 49, 50, 51, 52, 53, 54, 55, 56, 57, 58, 59, 60, 61, 62, 63, 64, 65, 66], [67, 68, 69, 70, 71, 72, 73, 74, 75, 76, 77, 78, 79, 80, 81, 82, 83, 84, 85, 86, 87, 88, 89, 90, 91, 92, 93, 94, 95, 96, 97, 98, 99]]
G = [0, 1, 2, 3, 4, 5, 6, 7, 8, 9, 10, 11, 12, 13, 14, 15, 16, 17, 18, 19, 20, 21, 22, 23, 24, 25, 26, 27, 28, 29, 30, 31, 32, 33, 34, 35, 36, 37, 38, 39, 40, 41, 42, 43, 44, 45, 46, 47, 48, 49, 50, 51, 52, 53, 54, 55, 56, 57, 58, 59, 60, 61, 62, 63, 64, 65, 66, 67, 68, 69, 70, 71, 72, 73, 74, 75, 76, 77, 78, 79, 80, 81, 82, 83, 84, 85, 86, 87, 88, 89, 90, 91, 92, 93, 94, 95, 96, 97, 98, 99]
deadline = [240, 192, 240, 192, 192, 240, 192, 216, 240, 216, 192, 240, 240, 168, 168, 216, 192, 168, 216, 168, 240, 216, 168, 216, 192, 216, 216, 216, 168, 192, 240, 240, 216, 168, 216, 192, 192, 168, 192, 168, 192, 192, 168, 216, 168, 216, 168, 240, 168, 192, 240, 168, 168, 216, 216, 216, 240, 240, 216, 216, 240, 192, 216, 192, 192, 192, 192, 216, 216, 240, 240, 216, 240, 216, 192, 168, 168, 192, 216, 216, 168, 240, 240, 216, 216, 216, 168, 216, 168, 168, 192, 192, 216, 168, 216, 168, 240, 168, 240, 192]
weight = [100, 70, 70, 70, 70, 60, 80, 30, 40, 70, 20, 100, 70, 40, 20, 20, 90, 90, 30, 100, 30, 10, 80, 30, 100, 100, 60, 80, 90, 90, 20, 100, 10, 90, 60, 100, 100, 60, 30, 50, 50, 30, 80, 90, 100, 60, 60, 70, 40, 20, 100, 20, 90, 50, 60, 50, 70, 40, 30, 90, 40, 30, 90, 80, 40, 90, 60, 40, 20, 20, 50, 40, 90, 40, 50, 70, 60, 90, 20, 10, 50, 40, 70, 70, 70, 80, 60, 20, 90, 50, 70, 90, 30, 90, 60, 100, 10, 20, 100, 70]
q = 2000
M = [0, 1, 2]
M_description = ['Road', 'Rail', 'Ship']
accessibility = [[1, 1, 0], [1, 0, 1], [1, 1, 1], [1, 1, 1], [1, 1, 1], [1, 1, 1], [1, 1, 1], [1, 1, 1], [1, 1, 1], [1, 1, 1]]
S = [0, 1, 2, 3, 4, 5, 6, 7, 8, 9, 10, 11, 12, 13, 14, 15, 16, 17, 18, 19, 20, 21, 22, 23, 24, 25, 26, 27, 28, 29, 30, 31, 32, 33, 34, 35, 36, 37, 38, 39, 40, 41, 42, 43, 44, 45, 46, 47, 48, 49, 50, 51, 52, 53, 54, 55, 56, 57, 58, 59, 60, 61, 62, 63, 64, 65, 66, 67, 68, 69, 70, 71, 72, 73, 74, 75, 76, 77, 78, 79, 80, 81, 82, 83, 84, 85, 86, 87, 88, 89, 90, 91, 92, 93, 94, 95, 96, 97, 98, 99, 100, 101, 102, 103, 104, 105, 106, 107, 108, 109, 110, 111, 112, 113, 114, 115, 116, 117, 118, 119, 120, 121, 122, 123, 124, 125, 126, 127, 128, 129, 130, 131, 132, 133, 134, 135, 136, 137, 138, 139, 140, 141, 142, 143, 144, 145, 146, 147, 148, 149, 150, 151, 152, 153, 154, 155, 156, 157, 158, 159, 160, 161, 162, 163, 164, 165, 166, 167, 168, 169, 170, 171, 172, 173, 174, 175, 176, 177, 178, 179, 180, 181, 182, 183, 184, 185, 186, 187, 188, 189, 190, 191, 192, 193, 194, 195, 196, 197, 198, 199, 200, 201, 202, 203, 204, 205, 206, 207, 208, 209, 210, 211, 212, 213, 214, 215, 216, 217, 218, 219, 220, 221, 222, 223, 224, 225, 226, 227, 228, 229, 230, 231, 232, 233, 234, 235, 236, 237, 238, 239, 240, 241, 242, 243, 244, 245, 246, 247, 248, 249, 250, 251, 252, 253, 254, 255, 256, 257, 258, 259, 260, 261, 262, 263, 264, 265, 266, 267, 268, 269, 270, 271, 272, 273, 274, 275, 276, 277, 278, 279, 280, 281, 282, 283, 284, 285, 286, 287, 288, 289, 290, 291, 292, 293, 294, 295, 296, 297, 298, 299, 300, 301, 302, 303, 304, 305, 306, 307, 308, 309, 310, 311, 312, 313, 314, 315, 316, 317, 318, 319, 320, 321, 322, 323, 324, 325, 326, 327, 328, 329, 330, 331, 332, 333, 334, 335, 336, 337, 338, 339, 340, 341, 342, 343, 344, 345, 346, 347, 348, 349, 350, 351, 352, 353, 354, 355, 356, 357, 358, 359, 360, 361, 362, 363, 364, 365, 366, 367, 368, 369, 370, 371, 372, 373, 374, 375, 376, 377, 378, 379, 380, 381, 382, 383, 384, 385, 386, 387, 388, 389, 390, 391, 392, 393, 394, 395, 396, 397, 398, 399, 400, 401, 402, 403, 404, 405, 406, 407, 408, 409, 410, 411, 412, 413, 414, 415, 416, 417, 418, 419, 420, 421, 422, 423, 424, 425, 426, 427, 428, 429, 430, 431, 432, 433, 434, 435, 436, 437, 438, 439, 440, 441, 442, 443, 444, 445, 446, 447, 448, 449, 450, 451, 452, 453, 454, 455]
origin = [0, 0, 0, 0, 0, 0, 0, 0, 0, 0, 0, 0, 0, 0, 0, 0, 0, 0, 0, 0, 0, 0, 0, 0, 0, 0, 0, 0, 0, 0, 0, 0, 0, 0, 0, 0, 1, 1, 1, 1, 1, 1, 1, 1, 1, 1, 1, 1, 1, 1, 1, 1, 1, 1, 1, 1, 1, 1, 1, 1, 1, 1, 1, 1, 1, 1, 1, 1, 1, 1, 1, 1, 2, 2, 2, 2, 2, 2, 2, 2, 2, 2, 2, 2, 2, 2, 2, 2, 2, 2, 2, 2, 2, 2, 2, 2, 2, 2, 2, 2, 2, 2, 2, 2, 2, 2, 2, 2, 3, 3, 3, 3, 3, 3, 3, 3, 3, 3, 3, 3, 3, 3, 3, 3, 3, 3, 3, 3, 3, 3, 3, 3, 3, 3, 3, 3, 3, 3, 3, 3, 3, 3, 3, 3, 4, 4, 4, 4, 4, 4, 4, 4, 4, 4, 4, 4, 4, 4, 4, 4, 4, 4, 4, 4, 4, 4, 4, 4, 4, 4, 4, 4, 4, 4, 4, 4, 4, 4, 4, 4, 5, 5, 5, 5, 5, 5, 5, 5, 5, 5, 5, 5, 5, 5, 5, 5, 5, 5, 5, 5, 5, 5, 5, 5, 5, 5, 5, 5, 5, 5, 5, 5, 5, 5, 5, 5, 0, 0, 0, 0, 0, 0, 0, 0, 0, 0, 0, 0, 0, 0, 0, 0, 0, 0, 0, 0, 0, 0, 0, 0, 2, 2, 2, 2, 2, 2, 2, 2, 2, 2, 2, 2, 2, 2, 2, 2, 2, 2, 2, 2, 2, 2, 2, 2, 3, 3, 3, 3, 3, 3, 3, 3, 3, 3, 3, 3, 3, 3, 3, 3, 3, 3, 3, 3, 3, 3, 3, 3, 4, 4, 4, 4, 4, 4, 4, 4, 4, 4, 4, 4, 4, 4, 4, 4, 4, 4, 4, 4, 4, 4, 4, 4, 5, 5, 5, 5, 5, 5, 5, 5, 5, 5, 5, 5, 5, 5, 5, 5, 5, 5, 5, 5, 5, 5, 5, 5, 1, 1, 1, 1, 1, 1, 1, 1, 1, 1, 1, 1, 1, 1, 1, 1, 1, 1, 1, 1, 1, 1, 1, 1, 2, 2, 2, 2, 2, 2, 2, 2, 2, 2, 2, 2, 2, 2, 2, 2, 2, 2, 2, 2, 2, 2, 2, 2, 3, 3, 3, 3, 3, 3, 3, 3, 3, 3, 3, 3, 3, 3, 3, 3, 3, 3, 3, 3, 3, 3, 3, 3, 4, 4, 4, 4, 4, 4, 4, 4, 4, 4, 4, 4, 4, 4, 4, 4, 4, 4, 4, 4, 4, 4, 4, 4, 5, 5, 5, 5, 5, 5, 5, 5, 5, 5, 5, 5, 5, 5, 5, 5, 5, 5, 5, 5, 5, 5, 5, 5]
destination = [1, 1, 1, 1, 2, 2, 2, 2, 3, 3, 3, 3, 4, 4, 4, 4, 5, 5, 5, 5, 6, 6, 6, 6, 7, 7, 7, 7, 8, 8, 8, 8, 9, 9, 9, 9, 0, 0, 0, 0, 2, 2, 2, 2, 3, 3, 3, 3, 4, 4, 4, 4, 5, 5, 5, 5, 6, 6, 6, 6, 7, 7, 7, 7, 8, 8, 8, 8, 9, 9, 9, 9, 0, 0, 0, 0, 1, 1, 1, 1, 3, 3, 3, 3, 4, 4, 4, 4, 5, 5, 5, 5, 6, 6, 6, 6, 7, 7, 7, 7, 8, 8, 8, 8, 9, 9, 9, 9, 0, 0, 0, 0, 1, 1, 1, 1, 2, 2, 2, 2, 4, 4, 4, 4, 5, 5, 5, 5, 6, 6, 6, 6, 7, 7, 7, 7, 8, 8, 8, 8, 9, 9, 9, 9, 0, 0, 0, 0, 1, 1, 1, 1, 2, 2, 2, 2, 3, 3, 3, 3, 5, 5, 5, 5, 6, 6, 6, 6, 7, 7, 7, 7, 8, 8, 8, 8, 9, 9, 9, 9, 0, 0, 0, 0, 1, 1, 1, 1, 2, 2, 2, 2, 3, 3, 3, 3, 4, 4, 4, 4, 6, 6, 6, 6, 7, 7, 7, 7, 8, 8, 8, 8, 9, 9, 9, 9, 2, 2, 2, 3, 3, 3, 4, 4, 4, 5, 5, 5, 6, 6, 6, 7, 7, 7, 8, 8, 8, 9, 9, 9, 0, 0, 0, 3, 3, 3, 4, 4, 4, 5, 5, 5, 6, 6, 6, 7, 7, 7, 8, 8, 8, 9, 9, 9, 0, 0, 0, 2, 2, 2, 4, 4, 4, 5, 5, 5, 6, 6, 6, 7, 7, 7, 8, 8, 8, 9, 9, 9, 0, 0, 0, 2, 2, 2, 3, 3, 3, 5, 5, 5, 6, 6, 6, 7, 7, 7, 8, 8, 8, 9, 9, 9, 0, 0, 0, 2, 2, 2, 3, 3, 3, 4, 4, 4, 6, 6, 6, 7, 7, 7, 8, 8, 8, 9, 9, 9, 2, 2, 2, 3, 3, 3, 4, 4, 4, 5, 5, 5, 6, 6, 6, 7, 7, 7, 8, 8, 8, 9, 9, 9, 1, 1, 1, 3, 3, 3, 4, 4, 4, 5, 5, 5, 6, 6, 6, 7, 7, 7, 8, 8, 8, 9, 9, 9, 1, 1, 1, 2, 2, 2, 4, 4, 4, 5, 5, 5, 6, 6, 6, 7, 7, 7, 8, 8, 8, 9, 9, 9, 1, 1, 1, 2, 2, 2, 3, 3, 3, 5, 5, 5, 6, 6, 6, 7, 7, 7, 8, 8, 8, 9, 9, 9, 1, 1, 1, 2, 2, 2, 3, 3, 3, 4, 4, 4, 6, 6, 6, 7, 7, 7, 8, 8, 8, 9, 9, 9]
departure = [8, 56, 104, 152, 8, 56, 104, 152, 8, 56, 104, 152, 8, 56, 104, 152, 8, 56, 104, 152, 8, 56, 104, 152, 8, 56, 104, 152, 8, 56, 104, 152, 8, 56, 104, 152, 8, 56, 104, 152, 8, 56, 104, 152, 8, 56, 104, 152, 8, 56, 104, 152, 8, 56, 104, 152, 8, 56, 104, 152, 8, 56, 104, 152, 8, 56, 104, 152, 8, 56, 104, 152, 8, 56, 104, 152, 8, 56, 104, 152, 8, 56, 104, 152, 8, 56, 104, 152, 8, 56, 104, 152, 8, 56, 104, 152, 8, 56, 104, 152, 8, 56, 104, 152, 8, 56, 104, 152, 12, 60, 108, 156, 12, 60, 108, 156, 12, 60, 108, 156, 12, 60, 108, 156, 12, 60, 108, 156, 12, 60, 108, 156, 12, 60, 108, 156, 12, 60, 108, 156, 12, 60, 108, 156, 12, 60, 108, 156, 12, 60, 108, 156, 12, 60, 108, 156, 12, 60, 108, 156, 12, 60, 108, 156, 12, 60, 108, 156, 12, 60, 108, 156, 12, 60, 108, 156, 12, 60, 108, 156, 12, 60, 108, 156, 12, 60, 108, 156, 12, 60, 108, 156, 12, 60, 108, 156, 12, 60, 108, 156, 12, 60, 108, 156, 12, 60, 108, 156, 12, 60, 108, 156, 12, 60, 108, 156, 33, 81, 129, 33, 81, 129, 33, 81, 129, 33, 81, 129, 33, 81, 129, 33, 81, 129, 33, 81, 129, 33, 81, 129, 33, 81, 129, 33, 81, 129, 33, 81, 129, 33, 81, 129, 33, 81, 129, 33, 81, 129, 33, 81, 129, 33, 81, 129, 37, 85, 133, 37, 85, 133, 37, 85, 133, 37, 85, 133, 37, 85, 133, 37, 85, 133, 37, 85, 133, 37, 85, 133, 37, 85, 133, 37, 85, 133, 37, 85, 133, 37, 85, 133, 37, 85, 133, 37, 85, 133, 37, 85, 133, 37, 85, 133, 37, 85, 133, 37, 85, 133, 37, 85, 133, 37, 85, 133, 37, 85, 133, 37, 85, 133, 37, 85, 133, 37, 85, 133, 10, 58, 106, 10, 58, 106, 10, 58, 106, 10, 58, 106, 10, 58, 106, 10, 58, 106, 10, 58, 106, 10, 58, 106, 10, 58, 106, 10, 58, 106, 10, 58, 106, 10, 58, 106, 10, 58, 106, 10, 58, 106, 10, 58, 106, 10, 58, 106, 13, 61, 109, 13, 61, 109, 13, 61, 109, 13, 61, 109, 13, 61, 109, 13, 61, 109, 13, 61, 109, 13, 61, 109, 13, 61, 109, 13, 61, 109, 13, 61, 109, 13, 61, 109, 13, 61, 109, 13, 61, 109, 13, 61, 109, 13, 61, 109, 13, 61, 109, 13, 61, 109, 13, 61, 109, 13, 61, 109, 13, 61, 109, 13, 61, 109, 13, 61, 109, 13, 61, 109]
arrival = [100, 124, 196, 220, 52, 76, 172, 172, 84, 156, 156, 204, 108, 108, 204, 204, 84, 108, 156, 204, 88, 208, 256, 280, 136, 208, 232, 256, 88, 136, 184, 256, 88, 136, 208, 232, 100, 100, 172, 220, 76, 124, 172, 244, 108, 156, 156, 252, 108, 156, 204, 252, 60, 108, 180, 252, 160, 208, 184, 256, 136, 136, 184, 280, 112, 184, 208, 232, 88, 208, 208, 256, 28, 76, 148, 172, 52, 148, 196, 172, 108, 156, 204, 252, 84, 156, 180, 228, 60, 132, 156, 252, 160, 160, 256, 304, 112, 184, 256, 304, 112, 184, 208, 232, 160, 208, 184, 304, 104, 128, 200, 200, 56, 128, 152, 224, 80, 104, 128, 224, 112, 136, 208, 232, 64, 160, 184, 208, 116, 212, 260, 260, 92, 140, 236, 260, 140, 212, 260, 236, 92, 188, 236, 236, 104, 80, 152, 176, 32, 152, 200, 176, 32, 152, 176, 248, 64, 112, 160, 256, 64, 136, 160, 232, 116, 212, 212, 284, 92, 188, 188, 284, 140, 164, 260, 284, 140, 212, 260, 308, 80, 128, 176, 248, 80, 128, 200, 248, 56, 80, 128, 224, 112, 160, 160, 232, 112, 136, 160, 232, 92, 140, 188, 260, 116, 140, 260, 284, 164, 164, 212, 308, 140, 212, 236, 260, 126, 102, 174, 134, 158, 182, 86, 134, 206, 110, 134, 206, 114, 162, 234, 114, 162, 282, 114, 210, 234, 162, 210, 234, 54, 150, 198, 86, 158, 230, 86, 158, 182, 110, 182, 206, 186, 186, 210, 114, 186, 210, 114, 186, 282, 186, 210, 234, 106, 154, 154, 82, 154, 226, 90, 162, 234, 90, 162, 210, 190, 166, 262, 190, 190, 262, 166, 166, 214, 190, 166, 238, 58, 154, 226, 82, 106, 226, 90, 162, 210, 138, 138, 186, 166, 238, 262, 142, 166, 238, 142, 190, 238, 142, 166, 262, 58, 106, 226, 58, 154, 178, 138, 138, 210, 90, 138, 186, 190, 214, 214, 190, 166, 238, 142, 214, 286, 142, 238, 214, 56, 152, 128, 88, 112, 184, 112, 112, 184, 64, 112, 208, 164, 140, 236, 92, 164, 236, 164, 188, 212, 116, 140, 260, 56, 152, 152, 88, 112, 160, 64, 160, 208, 64, 136, 208, 164, 188, 188, 92, 140, 188, 92, 140, 236, 164, 212, 188, 82, 106, 202, 34, 130, 154, 66, 114, 210, 66, 138, 210, 118, 142, 262, 94, 214, 214, 166, 190, 262, 94, 190, 190, 34, 106, 130, 106, 154, 202, 90, 114, 162, 90, 114, 210, 166, 166, 238, 142, 190, 214, 94, 142, 262, 118, 214, 214, 34, 130, 130, 106, 154, 130, 66, 114, 162, 114, 114, 210, 166, 142, 190, 94, 142, 214, 118, 142, 190, 94, 214, 214]
Q = [4, 4, 4, 4, 4, 2, 4, 4, 2, 4, 4, 4, 4, 2, 4, 4, 4, 2, 2, 2, 4, 2, 2, 2, 2, 2, 2, 2, 4, 4, 4, 4, 4, 2, 2, 2, 2, 4, 2, 2, 4, 4, 2, 4, 4, 2, 2, 4, 4, 4, 2, 2, 2, 4, 4, 4, 4, 4, 4, 4, 4, 4, 4, 4, 4, 4, 2, 2, 2, 4, 4, 2, 2, 4, 4, 2, 4, 2, 4, 2, 4, 2, 4, 4, 4, 2, 2, 2, 4, 2, 4, 4, 4, 2, 2, 4, 4, 2, 4, 2, 2, 2, 4, 2, 4, 2, 2, 4, 2, 4, 2, 2, 2, 4, 4, 2, 2, 2, 4, 2, 2, 2, 4, 2, 2, 4, 4, 4, 4, 2, 2, 2, 2, 4, 2, 2, 2, 2, 4, 2, 4, 4, 2, 2, 2, 4, 4, 2, 2, 4, 2, 2, 4, 4, 4, 4, 4, 4, 4, 4, 2, 4, 4, 4, 4, 4, 4, 2, 4, 2, 2, 4, 2, 2, 4, 2, 2, 2, 2, 4, 4, 4, 4, 2, 4, 2, 4, 2, 2, 4, 2, 4, 2, 4, 4, 2, 4, 2, 4, 4, 2, 4, 4, 4, 2, 4, 4, 2, 2, 2, 4, 2, 2, 2, 2, 4, 6, 6, 6, 6, 6, 3, 6, 3, 6, 6, 6, 3, 6, 6, 3, 3, 3, 3, 3, 6, 6, 3, 6, 3, 6, 6, 6, 6, 6, 3, 6, 6, 3, 3, 6, 3, 6, 3, 6, 6, 6, 6, 6, 6, 3, 3, 3, 3, 3, 6, 6, 6, 3, 6, 6, 6, 3, 6, 3, 6, 6, 6, 3, 6, 6, 6, 6, 6, 6, 3, 6, 6, 3, 3, 6, 6, 3, 3, 6, 6, 3, 3, 3, 3, 3, 3, 3, 6, 3, 6, 3, 6, 3, 6, 3, 6, 3, 6, 6, 6, 6, 3, 3, 6, 6, 3, 3, 6, 6, 6, 3, 3, 3, 3, 3, 3, 6, 6, 6, 6, 10, 5, 5, 10, 5, 5, 5, 5, 10, 5, 10, 10, 10, 5, 5, 5, 5, 10, 5, 10, 10, 5, 10, 10, 5, 10, 10, 10, 10, 10, 10, 10, 10, 10, 10, 5, 10, 10, 5, 10, 5, 10, 10, 10, 5, 5, 5, 5, 5, 10, 10, 10, 5, 10, 10, 5, 10, 10, 10, 10, 5, 5, 10, 5, 5, 10, 5, 5, 10, 5, 10, 10, 10, 5, 5, 5, 5, 10, 10, 5, 5, 10, 5, 5, 5, 5, 10, 10, 5, 10, 5, 10, 5, 5, 5, 10, 5, 5, 5, 5, 5, 10, 10, 10, 5, 5, 5, 10, 10, 5, 10, 10, 5, 5, 10, 5, 10, 10, 10, 10]
cfixed = [247, 281, 210, 257, 292, 259, 206, 290, 249, 280, 213, 212, 214, 247, 277, 209, 258, 285, 243, 294, 279, 205, 208, 249, 207, 218, 221, 236, 285, 231, 287, 294, 259, 217, 223, 285, 291, 270, 257, 225, 291, 279, 214, 263, 278, 279, 221, 263, 267, 284, 277, 252, 241, 216, 280, 247, 211, 268, 221, 263, 201, 299, 274, 231, 292, 237, 240, 267, 263, 235, 284, 210, 217, 272, 271, 213, 251, 234, 210, 286, 252, 272, 225, 286, 275, 208, 228, 238, 278, 257, 206, 283, 263, 265, 247, 273, 287, 295, 233, 200, 264, 287, 256, 231, 258, 287, 220, 244, 295, 287, 294, 276, 244, 213, 265, 282, 271, 245, 207, 241, 233, 249, 200, 242, 269, 203, 248, 295, 295, 235, 242, 219, 269, 270, 252, 289, 290, 261, 240, 216, 297, 238, 248, 238, 246, 256, 219, 286, 262, 204, 221, 276, 217, 276, 290, 286, 248, 263, 210, 277, 276, 237, 295, 242, 260, 264, 213, 221, 239, 233, 300, 220, 263, 267, 241, 289, 297, 208, 289, 213, 287, 245, 264, 254, 230, 226, 200, 258, 244, 202, 300, 280, 202, 277, 237, 248, 252, 279, 270, 222, 263, 257, 221, 255, 294, 299, 204, 225, 248, 203, 229, 287, 248, 255, 277, 255, 472, 326, 452, 456, 352, 328, 439, 302, 484, 366, 373, 310, 340, 311, 317, 358, 302, 454, 481, 389, 418, 436, 396, 394, 321, 415, 325, 464, 488, 312, 352, 440, 337, 438, 439, 340, 375, 464, 482, 333, 335, 494, 379, 379, 467, 375, 469, 456, 470, 330, 394, 437, 305, 475, 409, 308, 469, 397, 494, 471, 313, 414, 379, 317, 466, 455, 383, 490, 453, 358, 335, 384, 497, 361, 480, 345, 386, 410, 480, 434, 405, 424, 442, 378, 333, 351, 335, 489, 455, 466, 485, 327, 440, 437, 373, 373, 369, 433, 349, 398, 364, 327, 498, 365, 316, 430, 333, 441, 497, 368, 371, 449, 482, 357, 467, 409, 314, 341, 474, 396, 668, 594, 552, 515, 683, 558, 696, 614, 523, 561, 640, 615, 512, 501, 636, 566, 601, 568, 610, 661, 627, 601, 574, 628, 548, 521, 576, 676, 526, 595, 513, 580, 544, 601, 668, 549, 669, 514, 619, 699, 633, 543, 603, 699, 660, 552, 604, 601, 674, 681, 567, 503, 676, 539, 570, 562, 568, 604, 578, 502, 592, 632, 693, 676, 595, 626, 537, 568, 568, 669, 598, 621, 629, 584, 636, 629, 620, 562, 685, 548, 650, 688, 649, 570, 602, 522, 571, 538, 679, 549, 611, 534, 677, 519, 621, 517, 600, 614, 683, 531, 534, 576, 641, 542, 557, 523, 685, 672, 551, 572, 517, 540, 629, 545, 626, 699, 558, 631, 599, 629]
ctravel = [92, 68, 92, 68, 44, 20, 68, 20, 76, 100, 52, 52, 100, 52, 100, 52, 76, 52, 52, 52, 80, 152, 152, 128, 128, 152, 128, 104, 80, 80, 80, 104, 80, 80, 104, 80, 92, 44, 68, 68, 68, 68, 68, 92, 100, 100, 52, 100, 100, 100, 100, 100, 52, 52, 76, 100, 152, 152, 80, 104, 128, 80, 80, 128, 104, 128, 104, 80, 80, 152, 104, 104, 20, 20, 44, 20, 44, 92, 92, 20, 100, 100, 100, 100, 76, 100, 76, 76, 52, 76, 52, 100, 152, 104, 152, 152, 104, 128, 152, 152, 104, 128, 104, 80, 152, 152, 80, 152, 92, 68, 92, 44, 44, 68, 44, 68, 68, 44, 20, 68, 100, 76, 100, 76, 52, 100, 76, 52, 104, 152, 152, 104, 80, 80, 128, 104, 128, 152, 152, 80, 80, 128, 128, 80, 92, 20, 44, 20, 20, 92, 92, 20, 20, 92, 68, 92, 52, 52, 52, 100, 52, 76, 52, 76, 104, 152, 104, 128, 80, 128, 80, 128, 128, 104, 152, 128, 128, 152, 152, 152, 68, 68, 68, 92, 68, 68, 92, 92, 44, 20, 20, 68, 100, 100, 52, 76, 100, 76, 52, 76, 80, 80, 80, 104, 104, 80, 152, 128, 152, 104, 104, 152, 128, 152, 128, 104, 74.4, 16.8, 36.0, 80.80000000000001, 61.6, 42.400000000000006, 42.400000000000006, 42.400000000000006, 61.6, 61.6, 42.400000000000006, 61.6, 64.8, 64.8, 84.0, 64.8, 64.8, 122.4, 64.8, 103.2, 84.0, 103.2, 103.2, 84.0, 16.8, 55.2, 55.2, 42.400000000000006, 61.6, 80.80000000000001, 42.400000000000006, 61.6, 42.400000000000006, 61.6, 80.80000000000001, 61.6, 122.4, 84.0, 64.8, 64.8, 84.0, 64.8, 64.8, 84.0, 122.4, 122.4, 103.2, 84.0, 55.2, 55.2, 16.8, 36.0, 55.2, 74.4, 42.400000000000006, 61.6, 80.80000000000001, 42.400000000000006, 61.6, 61.6, 122.4, 64.8, 103.2, 122.4, 84.0, 103.2, 103.2, 64.8, 64.8, 122.4, 64.8, 84.0, 16.8, 55.2, 74.4, 36.0, 16.8, 74.4, 42.400000000000006, 61.6, 61.6, 80.80000000000001, 42.400000000000006, 42.400000000000006, 103.2, 122.4, 103.2, 84.0, 64.8, 84.0, 84.0, 84.0, 84.0, 84.0, 64.8, 103.2, 16.8, 16.8, 74.4, 16.8, 55.2, 36.0, 80.80000000000001, 42.400000000000006, 61.6, 42.400000000000006, 42.400000000000006, 42.400000000000006, 122.4, 103.2, 64.8, 122.4, 64.8, 84.0, 84.0, 103.2, 122.4, 84.0, 122.4, 64.8, 27.599999999999998, 56.4, 13.2, 46.8, 32.4, 46.8, 61.199999999999996, 32.4, 46.8, 32.4, 32.4, 61.199999999999996, 92.39999999999999, 49.199999999999996, 78.0, 49.199999999999996, 63.599999999999994, 78.0, 92.39999999999999, 78.0, 63.599999999999994, 63.599999999999994, 49.199999999999996, 92.39999999999999, 27.599999999999998, 56.4, 27.599999999999998, 46.8, 32.4, 32.4, 32.4, 61.199999999999996, 61.199999999999996, 32.4, 46.8, 61.199999999999996, 92.39999999999999, 78.0, 49.199999999999996, 49.199999999999996, 49.199999999999996, 49.199999999999996, 49.199999999999996, 49.199999999999996, 78.0, 92.39999999999999, 92.39999999999999, 49.199999999999996, 41.4, 27.0, 55.8, 12.6, 41.4, 27.0, 31.799999999999997, 31.799999999999997, 60.599999999999994, 31.799999999999997, 46.199999999999996, 60.599999999999994, 63.0, 48.6, 91.8, 48.6, 91.8, 63.0, 91.8, 77.39999999999999, 91.8, 48.6, 77.39999999999999, 48.6, 12.6, 27.0, 12.6, 55.8, 55.8, 55.8, 46.199999999999996, 31.799999999999997, 31.799999999999997, 46.199999999999996, 31.799999999999997, 60.599999999999994, 91.8, 63.0, 77.39999999999999, 77.39999999999999, 77.39999999999999, 63.0, 48.6, 48.6, 91.8, 63.0, 91.8, 63.0, 12.6, 41.4, 12.6, 55.8, 55.8, 12.6, 31.799999999999997, 31.799999999999997, 31.799999999999997, 60.599999999999994, 31.799999999999997, 60.599999999999994, 91.8, 48.6, 48.6, 48.6, 48.6, 63.0, 63.0, 48.6, 48.6, 48.6, 91.8, 63.0]
mode = [0, 0, 0, 0, 0, 0, 0, 0, 0, 0, 0, 0, 0, 0, 0, 0, 0, 0, 0, 0, 0, 0, 0, 0, 0, 0, 0, 0, 0, 0, 0, 0, 0, 0, 0, 0, 0, 0, 0, 0, 0, 0, 0, 0, 0, 0, 0, 0, 0, 0, 0, 0, 0, 0, 0, 0, 0, 0, 0, 0, 0, 0, 0, 0, 0, 0, 0, 0, 0, 0, 0, 0, 0, 0, 0, 0, 0, 0, 0, 0, 0, 0, 0, 0, 0, 0, 0, 0, 0, 0, 0, 0, 0, 0, 0, 0, 0, 0, 0, 0, 0, 0, 0, 0, 0, 0, 0, 0, 0, 0, 0, 0, 0, 0, 0, 0, 0, 0, 0, 0, 0, 0, 0, 0, 0, 0, 0, 0, 0, 0, 0, 0, 0, 0, 0, 0, 0, 0, 0, 0, 0, 0, 0, 0, 0, 0, 0, 0, 0, 0, 0, 0, 0, 0, 0, 0, 0, 0, 0, 0, 0, 0, 0, 0, 0, 0, 0, 0, 0, 0, 0, 0, 0, 0, 0, 0, 0, 0, 0, 0, 0, 0, 0, 0, 0, 0, 0, 0, 0, 0, 0, 0, 0, 0, 0, 0, 0, 0, 0, 0, 0, 0, 0, 0, 0, 0, 0, 0, 0, 0, 0, 0, 0, 0, 0, 0, 1, 1, 1, 1, 1, 1, 1, 1, 1, 1, 1, 1, 1, 1, 1, 1, 1, 1, 1, 1, 1, 1, 1, 1, 1, 1, 1, 1, 1, 1, 1, 1, 1, 1, 1, 1, 1, 1, 1, 1, 1, 1, 1, 1, 1, 1, 1, 1, 1, 1, 1, 1, 1, 1, 1, 1, 1, 1, 1, 1, 1, 1, 1, 1, 1, 1, 1, 1, 1, 1, 1, 1, 1, 1, 1, 1, 1, 1, 1, 1, 1, 1, 1, 1, 1, 1, 1, 1, 1, 1, 1, 1, 1, 1, 1, 1, 1, 1, 1, 1, 1, 1, 1, 1, 1, 1, 1, 1, 1, 1, 1, 1, 1, 1, 1, 1, 1, 1, 1, 1, 2, 2, 2, 2, 2, 2, 2, 2, 2, 2, 2, 2, 2, 2, 2, 2, 2, 2, 2, 2, 2, 2, 2, 2, 2, 2, 2, 2, 2, 2, 2, 2, 2, 2, 2, 2, 2, 2, 2, 2, 2, 2, 2, 2, 2, 2, 2, 2, 2, 2, 2, 2, 2, 2, 2, 2, 2, 2, 2, 2, 2, 2, 2, 2, 2, 2, 2, 2, 2, 2, 2, 2, 2, 2, 2, 2, 2, 2, 2, 2, 2, 2, 2, 2, 2, 2, 2, 2, 2, 2, 2, 2, 2, 2, 2, 2, 2, 2, 2, 2, 2, 2, 2, 2, 2, 2, 2, 2, 2, 2, 2, 2, 2, 2, 2, 2, 2, 2, 2, 2]
delivery_process = ['Direct-Shipment', 'Cross-Docking', 'Direct-Shipment', 'Cross-Docking']
distance_ln = [[2.66, 12.08, 9.77, 9.26, 6.14, 12.36, 1.55, 6.83, 11.31, 8.56, 11.07, 1.45, 15.76, 14.86, 8.27, 5.72, 12.98, 1.35, 8.94, 11.99, 11.17, 13.47, 13.92, 6.57, 0.74, 1.84, 1.62, 3.17, 4.7, 6.8, 10.06, 12.65, 15.46, 7.62, 13.26, 8.51, 15.07, 11.05, 8.63, 6.79, 9.49, 12.89, 2.83, 9.89, 4.15, 11.89, 1.82, 7.69, 1.91, 18.08, 2.38, 3.97, 3.68, 3.54, 4.7, 4.22, 17.54, 4.87, 0.82, 2.53, 8.74, 11.42, 2.1, 11.49, 2.1, 3.41, 11.98, 0.71, 6.31, 6.38, 8.49, 15.84, 1.76, 14.38, 19.68, 17.05, 13.93, 1.5, 2.19, 2.9, 10.4, 11.41, 15.41, 1.74, 1.9, 14.91, 12.38, 7.62, 9.06, 4.59, 4.09, 3.49, 12.1, 7.1, 7.02, 11.33, 8.01, 8.45, 5.04, 8.96], [8.69, 4.33, 9.79, 10.79, 2.61, 1.77, 8.41, 3.78, 1.78, 3.68, 11.63, 5.6, 3.61, 12.31, 6.22, 8.77, 3.32, 1.24, 11.88, 4.37, 0.64, 1.28, 8.33, 18.37, 9.42, 1.57, 2.65, 5.67, 0.64, 1.29, 14.2, 3.64, 9.78, 0.8, 11.63, 5.83, 11.57, 5.34, 5.31, 5.24, 11.79, 2.34, 5.54, 11.3, 1.57, 0.84, 9.59, 14.14, 8.5, 4.45, 12.93, 4.99, 4.77, 14.0, 4.01, 5.94, 10.87, 4.24, 3.22, 0.95, 12.55, 16.11, 1.63, 15.54, 7.36, 3.38, 17.72, 8.72, 7.94, 7.04, 17.28, 2.5, 1.6, 17.71, 12.61, 2.31, 13.99, 1.99, 2.97, 1.44, 5.65, 3.07, 9.94, 7.31, 5.13, 1.22, 3.64, 13.3, 3.06, 5.88, 5.05, 11.17, 4.13, 11.19, 5.22, 4.27, 6.95, 4.64, 9.65, 3.39], [4.9, 5.98, 0.97, 3.44, 9.56, 0.5, 10.12, 6.36, 14.17, 3.19, 3.47, 0.8, 7.16, 2.96, 2.77, 1.99, 8.74, 10.3, 1.7, 10.89, 6.87, 7.24, 5.55, 11.99, 1.28, 8.05, 11.5, 3.89, 3.37, 5.66, 4.49, 2.7, 1.53, 7.83, 4.98, 3.52, 6.73, 1.7, 1.42, 2.37, 3.46, 4.24, 2.19, 0.83, 10.34, 15.36, 3.91, 4.1, 11.19, 4.79, 6.54, 3.45, 4.85, 3.98, 7.21, 4.87, 3.42, 3.63, 10.17, 1.08, 1.78, 4.42, 9.78, 7.92, 10.11, 4.41, 4.44, 9.67, 0.65, 9.1, 2.27, 2.43, 4.61, 3.76, 7.9, 3.16, 6.25, 6.35, 11.27, 6.23, 12.01, 0.8, 6.95, 3.51, 3.36, 12.09, 1.75, 1.06, 3.58, 4.33, 9.64, 2.17, 9.69, 5.0, 2.95, 4.91, 7.9, 9.87, 4.82, 6.15], [5.04, 3.3, 2.61, 8.88, 3.31, 9.89, 8.7, 10.79, 1.3, 0.97, 18.07, 4.23, 14.05, 10.25, 1.73, 7.55, 3.34, 0.74, 7.87, 4.49, 2.47, 1.03, 1.27, 3.28, 12.02, 4.12, 10.58, 3.39, 1.85, 4.13, 5.04, 6.73, 11.04, 1.11, 16.05, 0.27, 3.19, 10.0, 1.03, 2.19, 3.68, 8.55, 7.29, 8.1, 1.92, 1.88, 5.44, 3.57, 5.61, 2.26, 6.33, 1.23, 3.95, 5.4, 1.87, 2.21, 10.57, 2.95, 6.3, 3.33, 3.09, 15.04, 1.81, 7.12, 10.26, 8.4, 3.59, 9.53, 5.35, 9.6, 5.07, 9.83, 6.42, 5.24, 8.93, 6.95, 8.44, 2.39, 7.08, 2.15, 11.06, 7.28, 6.23, 1.71, 2.87, 5.4, 4.05, 2.91, 5.56, 4.29, 0.99, 8.9, 1.18, 6.26, 8.47, 8.9, 4.73, 3.38, 1.51, 6.13]]
distance_nn = [[0.0, 1.02, 1.83, 3.67, 7.75, 6.37, 9.48, 9.75, 4.63, 1.4, 3.62, 4.66, 6.61, 6.37, 2.23, 3.21, 11.47, 5.27, 6.01, 7.24, 6.08, 5.98, 4.89, 11.03, 5.2, 4.26, 10.84, 2.79, 1.25, 1.72, 1.03, 10.4, 6.34, 4.94, 4.69, 3.39, 1.88, 2.56, 0.0, 6.6, 2.33, 6.26, 1.45, 2.73, 0.66, 10.26, 3.62, 10.09, 9.43, 5.18, 9.44, 1.39, 1.06, 5.12, 4.52, 0.56, 3.32, 3.33, 8.97, 0.46, 6.78, 4.33, 2.8, 1.37, 12.0, 1.22, 9.9, 7.07, 2.48, 10.47, 11.65, 1.26, 5.91, 8.23, 6.61, 9.57, 1.05, 5.16, 1.66, 1.09, 4.86, 3.39, 6.11, 1.99, 0.57, 6.82, 3.38, 4.76, 1.34, 0.62, 1.61, 5.67, 6.55, 5.41, 4.87, 7.96, 4.09, 3.68, 6.67, 6.37], [3.37, 0.0, 1.61, 8.36, 2.82, 3.29, 8.6, 8.02, 2.91, 4.33, 10.89, 4.57, 8.36, 10.19, 1.51, 1.04, 10.6, 0.6, 3.82, 2.99, 6.45, 4.3, 5.4, 4.69, 8.47, 2.46, 7.05, 7.91, 1.08, 1.25, 1.55, 9.27, 2.83, 0.8, 4.15, 0.92, 2.06, 9.14, 3.64, 3.47, 1.43, 1.76, 6.6, 4.16, 0.54, 2.88, 5.61, 2.09, 5.31, 6.13, 8.75, 4.57, 1.7, 2.12, 5.99, 3.69, 9.24, 2.98, 9.24, 1.58, 10.02, 3.7, 3.1, 5.33, 9.49, 2.77, 9.69, 6.86, 5.59, 2.79, 12.79, 6.92, 10.3, 1.88, 7.27, 3.65, 7.19, 7.05, 5.64, 2.64, 6.65, 4.86, 2.9, 0.43, 3.7, 4.02, 1.71, 4.89, 0.9, 1.89, 0.78, 3.83, 1.3, 1.95, 6.85, 4.26, 0.51, 0.55, 2.4, 12.14], [2.35, 2.48, 0.0, 0.46, 9.76, 3.48, 4.58, 12.45, 3.84, 1.36, 9.88, 2.56, 4.66, 5.82, 3.77, 1.02, 8.92, 8.11, 8.67, 8.29, 13.61, 4.95, 3.52, 13.22, 4.65, 6.76, 8.94, 1.07, 6.26, 0.61, 3.28, 8.15, 4.31, 1.99, 5.55, 4.07, 3.81, 0.79, 2.99, 10.54, 1.86, 8.69, 4.43, 1.94, 3.69, 6.81, 2.69, 6.17, 10.88, 8.18, 2.87, 4.97, 3.24, 2.51, 4.39, 4.58, 4.11, 2.74, 7.36, 0.74, 7.21, 3.64, 2.66, 7.22, 3.85, 0.98, 3.0, 2.65, 1.98, 0.9, 9.36, 12.24, 6.43, 8.91, 4.63, 1.27, 6.34, 3.49, 4.46, 0.53, 6.86, 4.41, 8.74, 4.7, 1.37, 5.38, 9.47, 1.43, 0.0, 1.99, 8.2, 2.55, 6.5, 1.2, 5.12, 1.09, 4.57, 8.41, 4.53, 3.94], [0.66, 8.98, 0.28, 0.0, 7.34, 2.03, 3.62, 7.23, 12.42, 4.61, 5.14, 1.14, 5.55, 6.61, 6.34, 0.66, 15.7, 4.46, 10.62, 1.95, 15.49, 1.8, 6.82, 13.07, 2.36, 3.02, 6.75, 0.95, 4.3, 2.7, 6.33, 13.6, 3.66, 3.9, 5.53, 5.92, 10.32, 2.2, 1.16, 6.6, 0.8, 9.03, 1.79, 4.22, 4.17, 12.56, 7.85, 3.27, 6.2, 9.01, 3.95, 2.66, 7.88, 7.31, 2.77, 5.14, 1.29, 1.41, 10.15, 2.59, 5.85, 6.06, 2.35, 9.2, 8.46, 0.65, 2.76, 3.38, 0.5, 5.94, 1.78, 8.4, 3.41, 3.25, 8.33, 5.24, 1.75, 3.3, 2.06, 5.28, 15.15, 2.39, 12.21, 6.7, 1.23, 4.81, 8.93, 7.02, 0.3, 0.86, 9.14, 1.1, 2.95, 13.53, 2.53, 5.23, 5.65, 4.07, 1.17, 1.83], [4.74, 1.09, 10.46, 3.32, 0.0, 6.15, 16.09, 14.8, 0.78, 1.25, 9.56, 8.47, 5.27, 10.28, 12.96, 9.78, 12.31, 1.45, 8.58, 1.96, 2.24, 1.61, 10.45, 11.48, 5.44, 1.57, 1.87, 9.07, 1.17, 1.79, 9.7, 12.65, 4.06, 2.65, 17.85, 5.36, 9.0, 13.5, 4.41, 1.77, 2.08, 2.64, 6.05, 3.02, 0.56, 1.73, 5.3, 9.51, 8.04, 2.81, 10.64, 5.44, 2.45, 10.25, 2.6, 12.38, 3.16, 4.58, 6.64, 9.85, 4.08, 10.04, 2.81, 11.47, 3.25, 9.48, 6.17, 14.79, 4.65, 13.82, 10.14, 8.57, 6.43, 15.49, 2.57, 3.79, 5.74, 5.99, 8.4, 3.44, 9.84, 4.94, 0.61, 5.63, 7.35, 2.87, 13.26, 5.38, 1.42, 4.25, 2.33, 8.06, 1.74, 8.92, 5.1, 20.47, 5.72, 3.19, 10.63, 9.48], [4.65, 8.26, 2.15, 5.61, 7.13, 0.0, 13.44, 4.85, 11.79, 2.31, 1.09, 1.2, 7.33, 1.81, 1.31, 0.84, 9.28, 10.99, 5.14, 1.98, 15.64, 6.57, 0.54, 6.97, 3.73, 11.26, 12.95, 8.41, 7.28, 2.72, 3.59, 7.81, 3.93, 13.55, 6.43, 6.9, 1.07, 1.08, 5.55, 12.32, 4.18, 5.51, 10.48, 1.86, 8.64, 4.75, 2.27, 5.84, 3.86, 3.81, 6.97, 2.59, 5.68, 3.75, 3.17, 3.02, 2.91, 1.03, 3.76, 7.66, 0.77, 5.02, 5.89, 5.54, 10.84, 2.87, 1.03, 2.73, 2.29, 11.11, 5.49, 6.72, 4.76, 4.55, 2.43, 1.3, 4.75, 7.98, 8.44, 8.63, 5.35, 1.27, 10.89, 3.07, 1.37, 8.94, 3.79, 1.97, 3.69, 1.24, 5.16, 1.93, 2.43, 6.95, 0.59, 5.24, 1.27, 11.08, 10.77, 4.91], [13.28, 9.94, 4.92, 8.06, 3.31, 2.51, 0.0, 16.68, 5.26, 10.3, 13.96, 5.98, 21.8, 17.71, 12.84, 4.88, 21.25, 13.17, 11.72, 2.72, 12.5, 12.23, 5.54, 3.04, 4.64, 6.96, 1.09, 6.35, 11.6, 6.65, 16.74, 7.83, 14.07, 5.98, 1.85, 4.76, 9.49, 8.46, 5.27, 9.31, 9.15, 3.31, 3.01, 5.92, 14.54, 12.55, 14.01, 10.99, 0.38, 4.21, 5.48, 2.93, 3.95, 17.69, 1.64, 9.35, 2.72, 2.77, 6.64, 3.93, 16.4, 12.55, 7.29, 4.21, 1.0, 6.25, 4.11, 3.65, 9.18, 3.53, 13.93, 13.05, 1.91, 7.68, 3.4, 7.29, 18.15, 5.96, 4.27, 3.43, 4.31, 5.27, 12.22, 4.96, 2.32, 10.35, 12.86, 14.52, 4.04, 2.68, 3.36, 4.09, 10.67, 11.09, 3.56, 9.82, 9.89, 5.96, 3.44, 6.38], [8.85, 1.71, 9.25, 10.52, 13.79, 5.62, 19.76, 0.0, 4.82, 13.34, 7.49, 5.72, 0.14, 4.5, 4.36, 8.49, 0.41, 2.34, 5.82, 3.37, 16.16, 1.52, 0.68, 0.96, 15.72, 8.06, 21.29, 15.76, 6.35, 3.26, 1.12, 0.86, 2.55, 15.71, 14.73, 3.74, 3.35, 10.81, 9.31, 6.13, 8.76, 2.06, 10.46, 11.9, 11.52, 15.36, 4.13, 9.24, 15.99, 1.23, 9.36, 11.18, 6.63, 3.29, 8.16, 4.12, 6.99, 13.23, 3.62, 5.47, 5.52, 14.81, 5.64, 0.62, 5.55, 9.07, 5.87, 15.0, 11.51, 15.19, 0.31, 2.88, 3.67, 0.72, 0.94, 4.94, 0.95, 12.19, 6.15, 5.5, 0.9, 8.1, 9.2, 5.17, 5.84, 1.32, 2.76, 5.07, 5.47, 1.82, 6.56, 6.43, 6.75, 3.96, 1.9, 6.98, 4.71, 4.35, 15.58, 6.8], [4.43, 2.12, 1.75, 10.08, 0.94, 3.13, 12.12, 3.69, 0.0, 2.2, 20.18, 4.64, 2.34, 6.3, 8.48, 5.43, 7.27, 3.96, 2.15, 1.58, 4.87, 0.99, 6.28, 11.25, 7.3, 9.33, 7.02, 8.9, 1.28, 2.02, 7.49, 9.15, 8.0, 2.19, 10.17, 5.9, 2.61, 9.41, 3.1, 0.27, 13.01, 6.86, 15.43, 10.6, 1.32, 1.52, 9.18, 16.8, 6.29, 14.43, 17.92, 6.27, 4.36, 4.76, 6.03, 5.74, 15.39, 7.11, 8.06, 8.02, 1.74, 10.81, 8.19, 8.35, 15.87, 11.01, 2.48, 16.48, 4.71, 3.01, 2.49, 7.37, 13.06, 5.57, 1.47, 15.01, 5.29, 5.29, 11.86, 2.63, 10.79, 12.47, 1.55, 5.88, 2.18, 2.97, 8.55, 8.62, 10.33, 1.55, 2.44, 16.39, 0.79, 2.01, 4.73, 20.05, 2.01, 0.83, 3.56, 3.12], [4.53, 4.33, 9.48, 2.47, 1.15, 6.2, 2.35, 10.19, 1.61, 0.0, 8.0, 3.98, 8.5, 5.43, 5.71, 3.69, 8.34, 1.38, 1.88, 0.9, 0.72, 1.28, 4.93, 7.72, 8.41, 2.04, 15.57, 6.14, 2.59, 7.18, 7.52, 11.39, 8.35, 3.71, 11.2, 4.22, 9.74, 3.65, 5.37, 0.64, 5.15, 3.36, 2.92, 7.85, 2.31, 0.52, 7.91, 3.33, 15.94, 8.64, 12.33, 10.18, 3.95, 8.44, 4.04, 4.85, 14.86, 4.47, 10.05, 6.25, 14.85, 13.82, 2.86, 11.38, 6.87, 2.71, 12.4, 6.06, 1.49, 7.04, 6.12, 4.96, 13.7, 13.05, 2.04, 14.18, 13.41, 3.84, 6.41, 0.89, 12.45, 13.96, 2.14, 1.16, 8.77, 0.68, 1.75, 8.21, 4.21, 4.22, 1.81, 4.0, 6.89, 6.41, 8.29, 19.0, 3.09, 1.44, 8.57, 13.48], [1.66, 13.43, 1.97, 6.02, 11.63, 3.2, 6.59, 7.18, 12.01, 3.23, 0.0, 8.41, 11.77, 7.82, 1.86, 5.57, 18.19, 10.28, 17.07, 3.28, 23.39, 2.91, 5.52, 4.07, 2.33, 3.51, 2.9, 9.89, 12.99, 5.42, 6.95, 11.21, 4.77, 5.54, 0.87, 12.65, 11.36, 2.42, 9.74, 16.64, 9.08, 9.49, 12.87, 6.46, 16.51, 18.62, 10.69, 1.67, 9.36, 11.67, 0.96, 10.34, 13.94, 8.63, 12.83, 2.54, 1.66, 4.31, 8.6, 12.9, 6.44, 1.36, 14.53, 5.09, 15.26, 1.61, 1.88, 4.69, 2.39, 5.5, 12.62, 10.48, 6.1, 8.69, 17.79, 1.61, 15.41, 6.15, 5.7, 1.95, 7.52, 6.45, 2.79, 9.43, 6.0, 20.5, 12.21, 9.71, 4.57, 7.06, 15.75, 2.77, 5.73, 13.49, 13.71, 1.94, 3.34, 10.2, 4.15, 6.77], [5.46, 4.11, 0.78, 0.34, 7.09, 1.57, 2.06, 12.71, 5.3, 10.73, 6.76, 0.0, 7.79, 4.06, 3.29, 0.32, 6.85, 6.65, 1.21, 15.11, 11.58, 2.4, 4.53, 10.01, 1.13, 2.73, 7.53, 4.2, 1.51, 3.88, 9.7, 11.5, 1.12, 9.51, 1.1, 7.86, 5.69, 2.01, 5.78, 10.13, 0.65, 2.4, 5.2, 0.9, 11.32, 8.32, 3.29, 4.13, 6.81, 8.67, 2.36, 4.67, 3.18, 3.6, 1.87, 5.07, 2.83, 3.59, 6.66, 3.87, 1.66, 3.43, 6.5, 3.25, 7.58, 2.03, 4.28, 4.62, 1.77, 6.09, 8.27, 3.65, 8.68, 12.43, 3.14, 7.42, 2.59, 5.22, 4.82, 4.27, 12.01, 1.58, 11.93, 3.82, 2.8, 12.56, 7.05, 3.59, 0.47, 1.66, 2.11, 3.35, 8.1, 12.93, 3.14, 2.34, 7.7, 5.32, 3.96, 4.37], [3.15, 7.39, 8.7, 11.54, 13.33, 8.71, 16.69, 0.1, 4.78, 9.73, 16.1, 4.57, 0.0, 3.78, 8.23, 5.81, 0.23, 13.9, 3.3, 9.88, 5.95, 1.76, 4.25, 0.9, 16.55, 14.8, 3.59, 11.98, 4.36, 3.52, 3.31, 0.95, 4.26, 9.85, 9.54, 8.17, 4.64, 4.53, 7.8, 14.01, 1.75, 3.06, 19.47, 5.72, 2.73, 4.83, 4.09, 4.96, 3.53, 2.76, 2.82, 16.02, 8.88, 1.38, 7.52, 5.19, 7.11, 4.51, 5.65, 7.9, 3.93, 13.92, 12.52, 2.93, 22.96, 12.14, 6.31, 18.87, 11.31, 11.98, 1.03, 0.7, 10.87, 1.26, 0.91, 2.8, 2.1, 14.07, 3.28, 4.74, 1.54, 10.97, 9.66, 2.96, 3.57, 5.39, 3.15, 2.91, 11.63, 9.47, 5.03, 6.78, 5.45, 6.94, 5.55, 12.51, 1.44, 6.37, 9.5, 8.31], [9.34, 9.15, 5.56, 10.19, 10.49, 3.61, 4.24, 0.99, 4.51, 10.75, 1.64, 6.11, 3.56, 0.0, 1.7, 4.07, 6.71, 5.26, 8.29, 17.49, 15.97, 7.71, 0.65, 7.23, 5.08, 2.5, 2.07, 8.56, 9.68, 3.43, 2.67, 1.72, 3.46, 6.09, 2.94, 6.32, 5.33, 3.59, 9.72, 7.43, 9.6, 2.04, 18.6, 5.26, 7.91, 6.63, 4.03, 6.22, 12.74, 0.0, 12.35, 8.34, 7.84, 3.05, 12.38, 3.69, 1.39, 10.53, 12.85, 1.8, 0.78, 1.96, 11.33, 2.86, 2.63, 5.48, 2.0, 4.4, 2.25, 11.59, 1.54, 6.42, 12.37, 3.19, 4.33, 2.76, 3.93, 9.1, 7.2, 3.77, 4.15, 5.1, 6.17, 4.93, 2.41, 3.09, 0.48, 2.51, 5.85, 1.42, 6.31, 1.67, 5.31, 8.22, 1.91, 6.88, 4.5, 2.14, 15.54, 2.62], [3.49, 5.22, 0.62, 2.32, 2.05, 1.97, 12.95, 6.16, 10.14, 3.84, 3.88, 2.18, 5.43, 2.66, 0.0, 3.19, 6.03, 7.54, 6.32, 11.71, 7.63, 11.19, 1.62, 8.78, 10.75, 6.81, 7.87, 4.05, 5.34, 3.75, 3.35, 5.1, 5.58, 9.09, 2.85, 3.27, 1.57, 0.87, 0.61, 9.97, 1.46, 4.81, 14.44, 1.6, 4.65, 8.79, 1.66, 6.45, 16.17, 2.29, 6.8, 2.43, 4.1, 1.23, 9.93, 1.02, 2.35, 0.97, 2.41, 5.26, 2.73, 8.62, 6.72, 6.44, 8.68, 4.53, 2.92, 8.65, 4.28, 3.37, 6.15, 8.19, 12.86, 5.77, 5.17, 3.51, 6.25, 8.8, 11.77, 3.21, 5.7, 3.05, 9.46, 3.12, 5.08, 9.41, 2.75, 0.2, 0.98, 1.15, 9.21, 1.96, 6.95, 6.26, 2.97, 5.5, 2.65, 7.76, 1.21, 10.37], [1.06, 3.85, 0.17, 0.28, 2.76, 2.06, 10.78, 12.52, 4.68, 4.52, 5.99, 0.79, 12.41, 3.44, 1.13, 0.0, 12.59, 9.66, 4.65, 9.82, 9.62, 13.26, 6.79, 10.43, 4.1, 4.09, 10.65, 4.62, 9.53, 4.8, 9.52, 3.02, 0.76, 3.53, 2.22, 4.73, 5.09, 4.52, 1.47, 3.82, 1.61, 7.83, 7.0, 3.91, 2.29, 7.33, 0.76, 2.47, 6.59, 2.27, 0.77, 2.5, 4.35, 3.97, 3.1, 2.77, 2.92, 1.33, 1.37, 2.16, 7.15, 8.44, 4.55, 2.13, 4.11, 1.44, 3.35, 5.78, 0.74, 6.86, 5.1, 6.02, 8.41, 10.73, 10.33, 2.77, 8.96, 4.28, 0.94, 1.19, 12.48, 2.82, 9.09, 2.13, 0.73, 3.28, 3.69, 1.25, 0.93, 1.5, 7.91, 1.21, 7.15, 11.33, 1.72, 8.25, 3.9, 7.33, 6.36, 2.74], [3.91, 8.65, 12.88, 11.68, 10.67, 1.52, 20.48, 0.94, 7.75, 4.1, 8.52, 11.93, 0.72, 6.39, 5.05, 13.37, 0.0, 1.69, 3.05, 4.13, 3.3, 8.33, 0.65, 0.9, 2.75, 6.95, 6.43, 4.24, 3.33, 6.12, 2.94, 1.81, 14.13, 5.83, 16.5, 8.11, 3.78, 7.89, 7.89, 3.7, 14.98, 1.02, 13.2, 5.95, 7.12, 11.21, 2.17, 11.8, 21.96, 5.08, 6.37, 15.18, 6.04, 2.92, 6.02, 5.98, 4.02, 9.3, 16.38, 10.46, 7.49, 14.82, 11.35, 1.27, 8.21, 3.9, 6.38, 16.71, 10.39, 16.39, 0.54, 2.91, 6.12, 1.69, 0.64, 8.15, 2.09, 4.07, 7.97, 1.66, 1.93, 10.8, 3.94, 12.13, 15.13, 1.15, 4.5, 2.52, 4.52, 15.4, 6.78, 8.84, 2.26, 1.89, 0.82, 4.31, 3.53, 3.91, 13.23, 16.81], [5.33, 1.49, 5.83, 6.67, 0.81, 5.03, 6.13, 10.89, 1.75, 1.25, 19.74, 10.04, 9.29, 11.27, 1.32, 2.33, 10.89, 0.0, 1.88, 0.65, 0.87, 2.7, 3.68, 8.09, 12.44, 6.31, 8.99, 4.05, 0.0, 2.93, 10.67, 5.65, 7.08, 1.58, 7.77, 1.5, 6.94, 13.65, 4.34, 2.16, 3.71, 7.06, 11.76, 6.18, 0.92, 0.59, 2.88, 3.92, 12.07, 4.05, 2.81, 6.87, 3.81, 4.07, 4.43, 8.51, 5.04, 5.26, 5.92, 2.18, 9.39, 16.81, 3.76, 9.94, 9.37, 4.81, 7.07, 3.7, 2.12, 9.53, 4.49, 3.67, 9.03, 7.18, 11.87, 2.95, 3.2, 4.65, 12.01, 3.38, 4.75, 1.95, 4.05, 1.61, 5.97, 0.82, 4.59, 3.76, 3.98, 2.79, 0.0, 7.93, 1.08, 4.67, 7.26, 16.72, 1.25, 1.1, 8.94, 6.85], [1.42, 2.0, 6.78, 9.34, 7.71, 2.3, 17.85, 3.41, 1.03, 3.98, 13.91, 4.92, 2.14, 7.67, 2.62, 8.01, 4.17, 6.91, 0.0, 9.42, 2.29, 4.69, 1.2, 5.76, 2.13, 12.25, 13.17, 4.52, 6.92, 3.67, 3.38, 3.82, 4.08, 2.76, 7.09, 7.75, 0.42, 3.06, 7.12, 6.13, 7.93, 1.81, 13.18, 3.15, 1.31, 8.71, 1.38, 1.94, 14.4, 8.45, 10.09, 4.61, 0.59, 0.73, 8.3, 1.79, 9.36, 3.71, 6.58, 10.77, 6.68, 9.61, 7.81, 1.39, 17.02, 6.53, 8.52, 4.56, 9.14, 17.73, 3.91, 2.21, 15.23, 4.76, 1.6, 10.92, 3.99, 6.28, 3.88, 7.09, 1.1, 3.95, 3.01, 1.34, 2.01, 1.2, 5.67, 3.08, 7.27, 5.07, 4.71, 11.1, 0.88, 1.7, 0.93, 14.5, 3.82, 0.79, 12.11, 5.06], [9.79, 3.14, 7.53, 2.5, 0.92, 2.13, 11.81, 8.63, 1.57, 1.04, 18.35, 15.88, 14.2, 12.17, 10.08, 6.32, 4.48, 3.48, 1.47, 0.0, 1.1, 1.21, 9.57, 15.29, 8.62, 4.17, 11.73, 9.52, 2.8, 1.55, 14.88, 15.66, 17.53, 1.71, 20.15, 5.25, 9.47, 12.53, 11.08, 1.54, 7.08, 4.37, 11.57, 3.39, 1.44, 0.87, 2.27, 16.59, 12.07, 13.31, 11.84, 10.9, 8.77, 6.39, 5.03, 6.13, 12.93, 3.84, 8.35, 11.44, 14.2, 6.77, 2.97, 7.09, 11.6, 8.0, 7.9, 14.82, 13.59, 13.3, 17.21, 2.48, 12.8, 16.12, 11.96, 5.17, 2.63, 4.37, 6.19, 5.1, 6.84, 15.94, 1.49, 7.3, 2.73, 5.97, 6.85, 6.22, 2.6, 10.51, 3.7, 8.25, 8.75, 7.6, 9.82, 9.67, 3.1, 1.96, 8.3, 17.25], [7.73, 2.01, 4.4, 4.67, 1.04, 9.0, 9.29, 2.94, 4.56, 0.86, 15.28, 8.42, 6.29, 18.2, 7.77, 2.37, 18.75, 1.86, 4.76, 0.35, 0.0, 0.75, 4.39, 14.22, 3.33, 6.45, 9.43, 11.02, 5.61, 5.26, 7.9, 6.37, 12.89, 4.48, 3.86, 7.47, 10.73, 17.96, 10.71, 2.13, 2.84, 7.29, 2.93, 13.35, 1.28, 1.36, 3.95, 18.46, 9.63, 2.72, 19.25, 2.52, 4.81, 9.39, 6.79, 1.73, 8.74, 4.41, 3.37, 5.7, 16.48, 22.34, 5.87, 10.1, 7.59, 9.32, 16.66, 13.24, 2.91, 10.33, 4.79, 4.68, 13.46, 3.0, 11.41, 12.95, 14.06, 9.96, 12.17, 5.0, 13.76, 11.87, 4.42, 9.07, 8.65, 1.94, 2.36, 13.32, 11.79, 7.16, 2.52, 4.55, 8.38, 3.15, 12.55, 18.47, 7.53, 3.82, 4.94, 6.16], [6.11, 4.93, 11.96, 4.73, 1.88, 2.59, 12.71, 10.85, 0.45, 0.7, 4.95, 1.7, 6.6, 7.71, 8.91, 10.04, 3.26, 1.67, 2.24, 1.98, 0.42, 0.0, 2.97, 11.59, 10.42, 8.54, 17.72, 7.42, 2.07, 3.19, 8.69, 7.12, 13.4, 4.32, 11.06, 5.95, 2.53, 5.49, 7.04, 1.74, 8.02, 6.28, 6.14, 9.73, 2.15, 1.53, 5.51, 2.68, 5.74, 2.61, 9.83, 2.35, 4.39, 2.76, 7.79, 10.73, 6.09, 5.17, 4.12, 10.43, 15.23, 10.72, 7.7, 8.82, 4.38, 3.9, 13.17, 16.8, 12.88, 16.11, 13.4, 2.87, 9.34, 12.18, 7.2, 15.53, 3.31, 8.03, 12.42, 2.3, 6.01, 5.9, 2.1, 5.86, 9.04, 3.5, 13.0, 11.38, 3.83, 9.52, 1.42, 16.11, 4.12, 3.31, 1.45, 16.02, 4.35, 1.03, 11.09, 12.57], [3.21, 4.7, 7.35, 5.69, 7.3, 1.48, 9.22, 3.76, 7.98, 8.94, 12.01, 3.59, 4.78, 0.68, 2.91, 1.51, 5.51, 5.85, 2.62, 11.79, 6.59, 6.91, 0.0, 1.15, 3.99, 13.39, 9.4, 9.65, 4.58, 3.04, 1.73, 3.75, 2.41, 2.64, 8.27, 2.6, 2.6, 3.39, 4.76, 5.23, 4.86, 2.23, 3.57, 0.85, 6.72, 10.16, 0.7, 9.01, 11.1, 4.2, 9.16, 2.09, 4.81, 0.85, 2.66, 0.5, 4.15, 2.75, 7.22, 4.31, 4.62, 2.08, 2.82, 2.68, 18.43, 2.55, 3.64, 8.31, 3.6, 2.78, 4.29, 2.55, 7.58, 2.19, 1.46, 1.17, 0.9, 10.2, 7.6, 7.15, 5.13, 3.73, 1.9, 5.39, 5.07, 7.45, 1.91, 2.16, 1.09, 4.59, 9.31, 4.42, 1.11, 4.92, 0.14, 3.69, 6.34, 3.92, 13.88, 4.75], [6.08, 9.54, 14.35, 10.71, 14.12, 7.73, 25.61, 0.33, 3.83, 12.96, 8.31, 14.3, 0.93, 1.99, 6.56, 9.79, 0.17, 7.8, 5.64, 6.27, 16.92, 1.47, 0.8, 0.0, 8.46, 7.24, 22.63, 4.56, 2.96, 8.86, 2.56, 0.25, 2.23, 17.32, 4.97, 9.61, 5.73, 5.41, 9.02, 3.46, 16.09, 3.1, 16.31, 4.46, 1.97, 8.88, 2.76, 5.59, 14.14, 0.85, 17.69, 8.8, 3.91, 2.97, 7.37, 3.04, 5.34, 9.32, 13.67, 15.71, 9.07, 8.79, 12.59, 2.77, 8.56, 9.12, 7.8, 14.26, 4.39, 11.89, 4.12, 2.65, 7.41, 0.33, 0.13, 2.09, 2.27, 15.24, 15.65, 2.46, 0.67, 5.75, 2.29, 11.82, 14.52, 2.99, 5.82, 8.52, 10.34, 6.25, 11.31, 7.3, 1.42, 2.95, 1.96, 9.79, 6.39, 7.27, 18.28, 8.58], [4.37, 4.36, 5.85, 1.81, 6.56, 3.11, 4.2, 8.23, 9.49, 4.0, 1.81, 2.2, 10.13, 6.7, 9.55, 1.53, 12.95, 5.75, 12.78, 15.96, 3.88, 13.47, 10.54, 6.49, 0.0, 7.89, 1.65, 4.24, 2.87, 4.28, 16.42, 3.84, 10.44, 4.16, 8.39, 11.56, 11.57, 12.38, 8.21, 5.6, 4.23, 16.4, 3.1, 8.43, 6.72, 7.26, 7.29, 7.56, 0.96, 8.8, 2.05, 1.77, 14.53, 8.75, 6.92, 6.56, 3.0, 3.95, 3.74, 5.73, 14.76, 4.84, 1.59, 12.53, 3.06, 1.18, 5.39, 0.89, 5.38, 0.65, 14.51, 6.56, 2.16, 17.04, 7.82, 5.72, 9.7, 2.37, 0.35, 1.43, 19.39, 1.27, 3.88, 8.18, 5.56, 3.13, 17.64, 12.44, 5.84, 3.62, 12.53, 5.66, 6.03, 9.34, 14.03, 11.98, 5.79, 6.18, 1.54, 0.86], [7.03, 3.76, 1.85, 7.17, 4.41, 10.88, 8.15, 14.81, 6.98, 1.96, 3.25, 4.01, 17.99, 9.09, 7.91, 5.45, 13.05, 6.36, 11.1, 9.11, 9.11, 1.83, 5.94, 4.55, 5.84, 0.0, 7.15, 1.22, 5.44, 1.33, 6.0, 2.93, 2.74, 2.44, 9.98, 3.1, 6.74, 13.27, 6.05, 7.03, 7.62, 3.67, 8.74, 8.27, 2.37, 7.04, 8.29, 3.3, 2.77, 4.77, 9.8, 2.03, 6.71, 6.78, 1.3, 4.14, 13.97, 3.74, 1.96, 4.05, 6.22, 2.68, 0.44, 8.46, 6.93, 6.01, 6.17, 6.23, 5.55, 2.71, 8.7, 11.87, 4.51, 2.35, 10.2, 1.73, 8.77, 0.97, 3.66, 3.57, 7.64, 12.8, 3.09, 2.53, 3.41, 7.49, 10.46, 5.81, 4.52, 4.4, 6.2, 2.8, 7.35, 8.56, 4.99, 14.48, 3.08, 7.93, 5.55, 4.57], [9.58, 8.95, 4.88, 7.34, 13.72, 5.46, 1.35, 18.94, 9.55, 9.92, 10.94, 2.62, 14.31, 13.64, 7.64, 6.43, 20.21, 2.43, 11.35, 11.02, 1.83, 5.95, 5.28, 19.86, 1.94, 1.62, 0.0, 1.93, 13.09, 8.28, 6.39, 15.98, 8.08, 5.3, 2.34, 11.79, 6.99, 11.01, 3.13, 13.75, 6.88, 13.65, 0.73, 8.06, 9.11, 5.55, 4.14, 11.89, 0.57, 9.45, 4.36, 6.93, 8.14, 14.22, 6.06, 15.41, 6.17, 2.54, 2.62, 4.48, 14.73, 2.08, 5.55, 12.54, 0.22, 5.34, 5.62, 0.71, 1.57, 1.92, 7.96, 16.87, 1.32, 11.96, 7.62, 18.73, 12.69, 2.57, 1.88, 6.05, 21.92, 5.65, 7.2, 7.27, 2.17, 7.04, 7.32, 11.38, 6.26, 9.18, 1.73, 7.67, 6.72, 20.89, 4.37, 2.36, 6.28, 10.68, 1.53, 5.82], [4.65, 4.35, 2.65, 4.1, 2.3, 10.03, 5.68, 14.38, 9.75, 3.67, 10.8, 5.93, 3.81, 10.31, 8.03, 3.78, 3.9, 4.37, 7.79, 5.55, 4.67, 2.47, 8.62, 4.81, 5.0, 0.37, 6.69, 0.0, 7.35, 7.71, 8.07, 11.03, 8.12, 3.18, 9.56, 4.96, 7.72, 6.99, 4.24, 8.69, 5.16, 2.35, 2.55, 4.86, 8.16, 11.43, 3.05, 10.83, 5.59, 2.81, 6.6, 0.78, 6.88, 4.3, 0.59, 2.47, 9.92, 2.19, 1.18, 1.73, 10.37, 11.94, 1.13, 11.59, 5.46, 3.27, 7.46, 4.58, 3.36, 5.43, 15.57, 14.05, 1.12, 13.8, 14.69, 7.54, 7.3, 0.44, 3.08, 2.62, 11.64, 6.17, 9.71, 3.48, 0.59, 9.74, 5.79, 6.89, 1.75, 2.67, 4.64, 4.68, 1.22, 11.48, 8.78, 5.55, 8.25, 1.75, 0.86, 6.99], [4.9, 0.3, 8.48, 2.59, 1.94, 2.05, 6.99, 8.54, 1.25, 3.38, 11.12, 10.46, 2.92, 9.5, 2.76, 6.4, 12.22, 0.0, 4.05, 2.3, 4.37, 3.79, 1.22, 2.55, 4.95, 4.25, 7.79, 3.59, 0.0, 5.94, 10.58, 6.99, 1.7, 3.66, 12.89, 0.54, 1.59, 5.51, 2.25, 1.14, 1.29, 8.13, 10.55, 3.48, 0.68, 2.54, 7.85, 4.81, 8.21, 2.11, 3.0, 3.48, 3.21, 5.98, 3.19, 3.31, 12.96, 4.74, 8.03, 1.95, 3.0, 7.7, 4.72, 6.81, 12.2, 8.91, 6.69, 9.28, 2.96, 9.84, 3.66, 2.85, 4.42, 9.17, 3.88, 14.52, 2.8, 4.72, 13.6, 2.03, 1.84, 10.12, 3.39, 0.64, 2.35, 2.4, 11.89, 4.86, 4.83, 1.76, 0.0, 2.77, 3.03, 3.92, 8.0, 10.45, 1.4, 0.54, 9.31, 1.64], [2.84, 3.16, 1.31, 7.49, 4.59, 6.64, 13.3, 5.74, 3.49, 7.41, 5.85, 1.92, 1.6, 7.81, 1.94, 5.25, 6.19, 2.67, 2.2, 8.36, 7.27, 3.52, 2.93, 7.44, 10.86, 6.82, 12.21, 8.23, 4.35, 0.0, 3.4, 3.94, 5.52, 5.56, 12.58, 0.59, 2.62, 5.28, 0.78, 5.06, 8.36, 2.91, 11.43, 0.93, 1.01, 9.22, 2.33, 3.75, 5.64, 6.77, 7.5, 4.75, 0.63, 2.31, 5.53, 1.59, 2.98, 4.08, 11.98, 4.64, 6.4, 9.13, 4.45, 4.69, 14.93, 2.04, 1.43, 11.84, 8.12, 10.41, 3.25, 0.99, 5.44, 6.47, 8.11, 7.44, 4.05, 5.3, 6.93, 3.65, 1.02, 5.59, 2.59, 2.09, 2.82, 0.82, 4.98, 2.33, 2.84, 2.49, 2.06, 1.93, 1.87, 3.67, 1.86, 4.48, 2.41, 1.62, 8.62, 10.95], [7.86, 5.94, 8.06, 5.24, 7.03, 4.15, 4.33, 2.76, 3.85, 7.12, 11.28, 3.78, 1.7, 4.3, 3.27, 2.85, 2.05, 3.39, 0.69, 4.09, 3.51, 1.83, 0.89, 4.47, 16.93, 5.78, 11.18, 5.32, 9.21, 3.27, 0.0, 1.55, 8.52, 12.5, 10.15, 1.11, 0.58, 7.1, 6.32, 10.9, 8.62, 0.71, 8.75, 8.41, 8.46, 13.18, 1.43, 11.82, 2.31, 2.3, 10.94, 3.83, 1.6, 1.55, 9.36, 3.32, 5.63, 10.04, 13.86, 10.4, 3.01, 10.41, 13.34, 1.77, 15.38, 11.07, 4.86, 12.72, 2.2, 12.45, 0.61, 2.21, 1.95, 1.72, 3.28, 5.55, 0.88, 2.25, 6.42, 4.96, 2.54, 2.6, 5.52, 2.31, 8.99, 5.33, 2.35, 1.61, 1.5, 11.29, 6.28, 6.34, 2.88, 2.29, 0.75, 3.43, 7.43, 6.27, 4.34, 13.49], [5.99, 7.95, 5.57, 8.79, 6.94, 8.67, 5.46, 0.25, 11.53, 11.12, 6.78, 8.15, 1.3, 5.31, 5.12, 7.18, 2.17, 10.68, 3.06, 6.54, 16.21, 4.47, 1.87, 0.78, 5.35, 16.88, 4.22, 4.59, 7.58, 4.39, 0.91, 0.0, 9.01, 12.71, 3.09, 11.32, 3.68, 3.5, 4.0, 10.04, 13.07, 0.59, 21.68, 1.35, 5.91, 11.15, 0.55, 9.92, 4.81, 2.93, 13.77, 5.19, 6.87, 2.24, 6.1, 2.0, 5.08, 12.19, 19.14, 8.7, 1.91, 11.75, 14.0, 0.77, 6.6, 3.44, 6.74, 9.76, 5.5, 4.83, 2.33, 1.04, 12.96, 0.82, 0.65, 1.16, 0.23, 8.38, 14.97, 10.5, 0.81, 6.15, 1.8, 4.44, 10.32, 3.44, 3.46, 7.07, 9.19, 13.45, 8.89, 11.92, 2.83, 1.06, 1.65, 12.08, 4.21, 3.22, 6.93, 3.57], [7.15, 10.21, 3.47, 2.86, 4.54, 3.79, 11.45, 11.97, 9.39, 2.12, 4.69, 2.84, 3.0, 2.92, 5.71, 4.42, 13.34, 10.99, 9.33, 10.31, 7.51, 13.29, 3.47, 13.1, 7.03, 10.31, 6.01, 8.48, 10.42, 5.91, 4.72, 8.65, 0.0, 5.65, 1.54, 9.43, 3.22, 1.54, 8.94, 14.87, 0.99, 5.06, 3.42, 0.84, 6.11, 3.76, 2.34, 0.46, 4.18, 3.91, 3.98, 10.71, 4.2, 6.25, 7.76, 5.52, 5.29, 2.02, 15.27, 8.95, 5.18, 2.49, 7.51, 5.31, 13.62, 2.15, 1.73, 6.8, 4.48, 2.46, 2.39, 11.66, 12.2, 5.07, 6.46, 1.56, 10.83, 5.13, 6.99, 9.0, 13.08, 0.62, 4.18, 10.96, 3.7, 3.18, 8.82, 4.9, 3.2, 6.83, 2.76, 1.05, 1.88, 10.53, 5.99, 0.86, 7.07, 5.73, 6.47, 1.38], [6.94, 1.19, 1.72, 9.75, 2.23, 3.76, 5.81, 1.88, 3.8, 4.13, 16.85, 9.44, 4.49, 15.66, 3.42, 9.04, 7.42, 3.14, 9.98, 2.01, 3.76, 5.19, 9.69, 4.09, 7.43, 2.76, 3.43, 3.48, 3.04, 0.94, 11.12, 8.5, 2.31, 0.0, 12.6, 2.05, 5.37, 10.38, 4.03, 0.76, 6.16, 8.6, 11.05, 2.63, 3.87, 2.84, 6.57, 15.0, 6.19, 4.32, 11.07, 1.87, 1.03, 6.68, 0.71, 1.93, 16.22, 2.96, 2.52, 1.41, 15.19, 13.69, 0.9, 2.15, 3.17, 7.03, 13.77, 10.07, 2.95, 12.14, 17.67, 13.71, 2.35, 8.11, 10.37, 3.65, 11.2, 0.81, 3.13, 2.21, 3.96, 8.28, 1.48, 2.15, 3.13, 6.56, 14.35, 11.15, 4.77, 4.87, 2.62, 11.71, 1.19, 7.57, 3.14, 3.24, 6.64, 3.91, 2.94, 11.62], [7.38, 11.84, 4.82, 4.08, 17.14, 5.67, 16.13, 7.62, 17.28, 6.61, 0.94, 0.97, 4.25, 6.8, 2.9, 5.14, 9.62, 15.15, 14.27, 8.47, 19.22, 13.74, 1.9, 11.21, 4.64, 13.4, 1.68, 9.83, 5.93, 3.87, 7.19, 9.08, 0.66, 5.92, 0.0, 10.94, 7.11, 4.32, 11.53, 7.6, 7.25, 2.33, 7.67, 4.25, 9.38, 6.25, 4.44, 0.0, 12.82, 4.16, 3.09, 5.88, 7.17, 8.12, 11.53, 6.02, 3.1, 7.31, 3.26, 10.25, 5.67, 0.5, 11.35, 16.1, 3.18, 7.22, 5.83, 2.35, 8.73, 9.26, 8.25, 8.85, 11.76, 3.63, 7.11, 2.73, 12.45, 13.45, 7.24, 6.14, 5.92, 4.45, 19.99, 11.61, 7.99, 6.36, 7.25, 8.94, 8.4, 9.21, 13.29, 2.32, 16.14, 14.71, 12.29, 0.39, 15.83, 15.6, 1.63, 6.6], [2.72, 1.42, 3.45, 7.9, 3.78, 2.41, 8.6, 2.03, 1.42, 5.54, 16.58, 5.08, 13.53, 3.88, 4.06, 5.58, 13.16, 0.97, 5.51, 6.7, 4.96, 5.54, 4.99, 11.39, 2.12, 1.69, 8.82, 3.65, 0.32, 3.55, 1.93, 5.9, 10.58, 2.84, 2.97, 0.0, 7.27, 9.92, 1.05, 3.19, 2.62, 2.96, 2.09, 7.58, 2.65, 3.59, 2.41, 7.16, 2.96, 9.82, 2.8, 4.53, 3.26, 1.61, 3.08, 1.63, 2.34, 0.84, 5.87, 4.8, 4.51, 12.04, 3.88, 8.77, 6.83, 2.88, 5.25, 9.79, 4.51, 3.49, 13.95, 6.83, 3.58, 3.12, 9.22, 4.99, 9.04, 1.47, 4.06, 0.91, 10.62, 10.14, 2.21, 0.73, 4.61, 2.99, 7.29, 8.47, 3.36, 1.95, 0.28, 1.82, 4.17, 7.41, 5.66, 3.63, 2.21, 3.07, 7.46, 10.83], [5.52, 2.55, 4.01, 9.46, 6.56, 6.53, 13.12, 1.61, 3.08, 7.49, 13.92, 8.16, 2.09, 6.87, 1.29, 1.92, 6.64, 4.16, 0.72, 4.55, 2.99, 4.68, 0.54, 1.77, 7.03, 9.0, 3.48, 10.39, 2.79, 1.51, 2.41, 0.46, 9.62, 1.96, 4.13, 1.71, 0.0, 8.23, 2.34, 7.58, 7.4, 0.2, 5.07, 1.04, 4.63, 4.19, 3.4, 4.66, 13.76, 1.44, 14.26, 1.84, 0.38, 1.43, 7.21, 2.93, 7.05, 7.12, 2.16, 4.4, 6.91, 9.53, 2.46, 0.85, 8.5, 9.28, 7.63, 7.35, 4.48, 11.14, 6.77, 0.52, 15.26, 1.61, 2.98, 1.89, 3.49, 9.1, 7.83, 6.52, 1.04, 1.34, 4.07, 0.79, 8.85, 1.89, 2.46, 2.57, 3.08, 5.87, 2.89, 4.42, 1.88, 3.0, 1.98, 7.08, 1.29, 5.36, 12.93, 8.29], [6.14, 3.23, 6.32, 5.06, 13.14, 1.9, 15.75, 9.25, 5.99, 16.45, 3.77, 0.88, 11.14, 4.27, 2.83, 3.22, 4.15, 2.67, 3.32, 8.77, 18.77, 17.22, 6.04, 13.04, 7.32, 7.21, 5.02, 7.67, 6.13, 3.84, 8.56, 10.34, 1.58, 12.84, 4.29, 1.58, 8.26, 0.0, 7.53, 10.47, 6.79, 9.43, 12.89, 1.81, 10.11, 14.38, 3.18, 1.54, 13.16, 1.43, 1.11, 4.29, 9.91, 1.2, 3.97, 6.5, 3.13, 5.9, 10.39, 5.7, 0.68, 2.51, 4.98, 9.39, 7.46, 5.48, 0.53, 10.12, 4.53, 10.57, 5.83, 12.54, 8.6, 7.63, 2.65, 0.85, 2.9, 11.56, 8.53, 8.95, 3.63, 0.92, 10.94, 5.09, 7.39, 3.33, 2.88, 0.46, 2.8, 8.26, 5.24, 2.43, 1.41, 1.94, 7.11, 0.94, 2.22, 10.97, 9.21, 5.55], [0.0, 1.63, 0.37, 2.75, 1.94, 4.82, 6.96, 2.8, 1.69, 4.56, 2.21, 2.89, 8.53, 3.97, 0.94, 4.19, 11.72, 1.44, 1.5, 4.62, 4.63, 5.57, 3.74, 2.65, 5.48, 2.74, 6.31, 0.68, 3.84, 0.92, 6.63, 3.01, 8.2, 5.51, 1.58, 2.63, 3.93, 7.38, 0.0, 1.5, 3.66, 4.34, 4.5, 7.55, 3.83, 9.51, 5.13, 8.64, 2.11, 5.05, 1.73, 4.16, 3.95, 4.39, 0.9, 3.9, 2.75, 1.64, 4.15, 1.55, 3.26, 4.87, 3.68, 4.41, 9.28, 4.47, 9.29, 8.78, 1.57, 1.97, 6.21, 4.2, 7.68, 1.66, 6.91, 9.92, 2.86, 5.86, 9.55, 1.84, 8.77, 1.7, 9.03, 2.11, 1.89, 3.82, 4.0, 3.43, 0.94, 0.44, 1.63, 8.36, 4.02, 6.75, 4.3, 9.05, 4.92, 1.97, 6.33, 3.31], [5.53, 0.62, 1.43, 9.52, 0.28, 13.64, 10.84, 1.82, 1.2, 0.85, 2.32, 6.03, 11.93, 10.41, 7.54, 10.92, 2.67, 1.82, 4.2, 3.49, 1.72, 1.81, 4.65, 8.7, 15.04, 4.5, 13.17, 5.53, 0.42, 4.38, 5.29, 7.01, 10.58, 1.84, 5.82, 3.92, 2.82, 3.0, 4.77, 0.0, 12.96, 1.4, 2.38, 3.32, 0.77, 1.71, 6.36, 10.34, 8.66, 2.24, 7.46, 2.01, 5.4, 9.14, 1.71, 5.91, 15.77, 8.0, 3.56, 5.02, 5.52, 6.77, 4.5, 9.92, 4.83, 5.56, 1.91, 6.73, 1.78, 3.18, 3.55, 1.21, 10.12, 4.08, 13.18, 14.96, 3.43, 8.47, 8.42, 4.84, 10.0, 13.89, 3.69, 4.09, 9.53, 2.05, 5.29, 3.45, 3.23, 4.53, 0.73, 2.77, 3.71, 4.91, 2.14, 14.01, 1.95, 2.73, 10.93, 4.88], [4.45, 5.19, 1.29, 0.1, 11.9, 4.62, 3.82, 9.7, 5.02, 4.28, 8.23, 0.5, 6.59, 1.27, 3.97, 1.9, 6.79, 8.11, 4.55, 2.42, 9.73, 7.79, 8.04, 5.85, 5.04, 6.63, 5.94, 1.16, 3.58, 2.21, 2.6, 12.28, 2.64, 7.36, 2.65, 6.15, 1.73, 6.65, 5.73, 6.64, 0.0, 9.68, 2.53, 2.44, 9.95, 4.85, 3.56, 3.06, 6.09, 8.2, 4.81, 5.67, 7.02, 3.34, 2.39, 1.12, 2.13, 2.68, 9.42, 3.59, 5.77, 3.02, 2.46, 6.04, 8.56, 0.74, 6.56, 2.59, 0.67, 3.25, 9.96, 9.83, 3.01, 2.46, 15.05, 6.65, 10.64, 6.29, 6.06, 3.33, 8.17, 3.7, 9.42, 4.54, 1.76, 12.33, 3.83, 2.51, 0.55, 3.02, 2.62, 2.03, 8.36, 8.49, 2.28, 3.73, 1.86, 4.26, 4.05, 1.3], [5.23, 6.62, 6.62, 5.2, 7.07, 6.63, 5.73, 4.19, 4.77, 7.0, 15.31, 2.63, 4.2, 2.76, 0.51, 4.73, 0.8, 2.61, 1.69, 3.3, 2.15, 10.36, 1.15, 5.42, 2.54, 10.5, 19.17, 3.47, 4.95, 3.04, 1.73, 2.5, 3.84, 8.87, 8.01, 2.2, 0.14, 8.88, 5.66, 5.12, 5.0, 0.0, 12.18, 1.07, 6.33, 4.75, 1.15, 10.61, 9.26, 5.09, 7.16, 3.63, 1.75, 0.84, 5.58, 1.93, 7.55, 6.34, 12.63, 2.63, 3.95, 9.31, 1.97, 0.89, 6.19, 2.66, 3.67, 3.6, 2.58, 14.3, 4.34, 0.59, 5.9, 3.98, 3.44, 2.07, 2.07, 4.64, 13.12, 3.24, 3.58, 4.51, 5.34, 1.95, 3.54, 3.85, 2.02, 2.4, 6.21, 8.2, 2.61, 7.34, 3.53, 3.0, 0.62, 6.61, 0.89, 1.41, 10.71, 12.37], [8.95, 15.01, 3.27, 8.71, 7.78, 15.33, 1.04, 6.94, 12.0, 3.06, 14.33, 9.61, 9.17, 10.46, 2.93, 4.87, 11.52, 3.3, 6.16, 18.97, 12.91, 16.9, 8.95, 18.77, 1.9, 6.66, 1.4, 2.82, 13.72, 8.81, 12.35, 16.54, 10.05, 8.95, 11.97, 6.95, 16.78, 10.04, 6.07, 8.24, 1.25, 10.82, 0.0, 7.6, 3.71, 11.13, 10.6, 1.78, 1.77, 6.47, 3.11, 4.21, 11.85, 3.64, 7.79, 8.05, 5.86, 5.16, 5.77, 2.06, 10.76, 13.92, 1.23, 19.32, 2.12, 4.75, 11.14, 1.7, 4.49, 0.45, 15.83, 19.78, 0.79, 18.82, 6.76, 11.94, 6.98, 6.43, 2.16, 3.73, 19.26, 2.39, 5.57, 3.7, 6.63, 3.55, 17.56, 2.62, 7.45, 7.1, 12.08, 4.13, 12.56, 19.02, 12.93, 2.52, 12.12, 6.57, 4.21, 4.86], [3.11, 9.14, 1.14, 2.78, 9.98, 1.8, 2.87, 11.46, 5.72, 1.7, 1.82, 2.17, 1.54, 3.96, 0.78, 2.01, 5.86, 5.06, 11.32, 2.13, 9.08, 15.75, 6.38, 12.58, 5.52, 10.79, 1.95, 5.42, 2.51, 4.01, 4.7, 8.31, 1.06, 8.42, 3.72, 2.11, 6.8, 1.56, 6.21, 7.75, 2.94, 1.5, 7.67, 0.0, 8.22, 16.4, 5.49, 3.49, 11.77, 3.85, 4.63, 9.62, 6.62, 2.6, 7.71, 5.08, 2.76, 4.46, 7.69, 4.97, 2.71, 0.66, 1.42, 11.27, 5.03, 4.66, 4.76, 2.65, 5.9, 7.48, 3.35, 7.05, 10.88, 4.73, 6.89, 4.62, 10.84, 9.59, 10.73, 1.46, 8.89, 0.7, 15.43, 1.22, 4.37, 1.93, 2.74, 3.41, 1.39, 3.39, 3.02, 0.57, 3.3, 3.38, 4.99, 1.63, 8.04, 10.06, 7.21, 7.42], [1.67, 0.64, 1.35, 9.84, 2.68, 7.39, 5.14, 3.73, 1.98, 1.93, 16.26, 8.25, 8.44, 11.57, 5.64, 9.28, 3.5, 0.4, 4.48, 1.42, 4.44, 2.64, 6.31, 1.99, 11.92, 4.58, 8.95, 5.74, 0.7, 1.71, 8.45, 5.57, 12.81, 3.29, 11.95, 0.75, 0.98, 3.13, 2.76, 0.47, 8.54, 6.53, 11.02, 7.88, 0.0, 2.44, 8.32, 2.18, 12.58, 12.06, 5.77, 0.97, 3.54, 3.68, 3.17, 7.42, 6.3, 4.94, 9.95, 6.6, 4.25, 4.23, 7.52, 1.29, 4.32, 6.87, 11.71, 11.1, 3.11, 11.13, 8.2, 5.65, 13.09, 6.22, 5.35, 10.99, 2.54, 2.14, 9.7, 2.34, 6.06, 10.06, 3.4, 0.55, 1.67, 2.23, 3.03, 1.66, 7.7, 7.06, 1.36, 6.86, 3.93, 0.85, 2.44, 17.9, 1.98, 0.82, 12.06, 3.49], [7.77, 2.56, 6.49, 13.17, 0.34, 6.26, 5.49, 4.16, 2.9, 1.05, 10.41, 5.11, 11.13, 16.97, 10.82, 7.15, 16.31, 4.3, 1.73, 0.35, 2.22, 0.32, 9.12, 8.49, 1.99, 3.99, 15.28, 5.25, 4.26, 7.53, 12.69, 10.07, 13.56, 1.76, 20.19, 4.63, 8.34, 2.79, 6.13, 0.37, 5.29, 11.57, 3.15, 14.79, 4.3, 0.0, 3.42, 18.02, 12.62, 15.73, 14.79, 6.84, 4.94, 8.38, 2.17, 12.41, 16.83, 7.84, 4.48, 3.49, 2.19, 17.06, 8.35, 5.16, 14.63, 3.25, 10.62, 15.31, 4.61, 2.79, 3.94, 8.53, 7.86, 13.49, 4.94, 10.07, 5.15, 5.42, 7.11, 5.76, 2.81, 17.13, 3.85, 5.61, 2.06, 2.75, 5.61, 1.84, 8.87, 6.38, 1.53, 9.0, 2.27, 2.48, 8.11, 7.33, 5.25, 3.16, 14.65, 17.78], [2.62, 6.19, 4.21, 4.81, 4.91, 3.9, 7.67, 3.17, 7.67, 3.2, 9.2, 7.42, 0.78, 2.38, 1.26, 1.58, 5.91, 4.13, 3.45, 7.11, 6.14, 11.65, 0.62, 7.04, 11.28, 10.97, 7.86, 3.84, 1.24, 2.71, 1.43, 3.63, 3.79, 3.49, 3.29, 6.34, 1.65, 5.48, 1.98, 4.31, 2.96, 0.71, 14.7, 2.48, 5.99, 4.48, 0.0, 9.04, 8.63, 3.94, 4.83, 6.72, 1.66, 0.59, 1.71, 0.26, 4.58, 8.35, 13.63, 5.39, 0.89, 1.99, 3.08, 2.69, 2.76, 6.82, 4.48, 2.6, 1.37, 9.52, 5.48, 6.86, 9.59, 2.97, 5.14, 0.82, 3.05, 7.24, 13.68, 6.65, 2.99, 2.5, 10.19, 4.56, 3.38, 7.57, 2.01, 0.87, 6.21, 1.81, 7.03, 2.15, 6.95, 4.35, 1.27, 2.63, 7.5, 7.58, 1.98, 1.7], [7.59, 16.02, 3.31, 4.07, 19.3, 6.39, 13.6, 7.52, 12.43, 14.84, 1.34, 4.86, 2.76, 4.71, 4.4, 2.39, 16.85, 10.21, 13.91, 16.3, 14.29, 7.71, 2.06, 15.84, 8.16, 12.16, 6.53, 9.52, 2.72, 12.99, 6.57, 15.06, 1.3, 14.86, 0.0, 4.57, 10.87, 0.78, 2.89, 16.75, 3.43, 10.47, 7.35, 2.53, 16.49, 3.48, 4.86, 0.0, 11.69, 4.76, 1.52, 12.59, 3.21, 7.76, 10.26, 11.3, 3.49, 9.46, 8.52, 8.9, 3.65, 0.37, 3.55, 5.52, 10.52, 8.09, 1.69, 7.58, 3.5, 3.95, 2.6, 16.52, 6.59, 7.73, 13.65, 2.67, 9.1, 6.49, 7.23, 10.59, 12.69, 3.51, 13.25, 8.56, 4.39, 4.01, 9.59, 5.27, 1.96, 7.19, 9.04, 1.4, 17.31, 18.07, 4.74, 0.4, 15.47, 8.37, 4.41, 6.87], [12.27, 10.04, 6.5, 6.86, 2.69, 12.13, 0.89, 21.03, 13.46, 10.16, 3.34, 5.2, 23.76, 20.3, 9.0, 11.59, 15.37, 10.24, 17.51, 5.25, 8.6, 10.99, 17.77, 19.17, 2.04, 7.81, 0.29, 5.07, 2.16, 9.41, 8.84, 5.13, 13.22, 5.09, 10.63, 4.37, 2.25, 15.97, 6.45, 3.19, 2.21, 8.3, 1.2, 6.1, 13.03, 15.93, 9.34, 3.0, 0.0, 12.92, 4.07, 3.88, 4.01, 7.11, 6.72, 16.34, 18.68, 8.91, 6.57, 5.02, 9.6, 4.3, 4.31, 21.21, 0.26, 3.02, 13.41, 1.04, 1.88, 3.79, 11.91, 3.19, 2.67, 9.34, 20.49, 8.5, 4.77, 7.16, 3.07, 1.75, 5.44, 13.32, 3.05, 7.37, 6.22, 5.46, 17.43, 3.79, 1.2, 2.63, 2.11, 11.89, 12.01, 10.56, 12.84, 10.76, 12.02, 2.02, 1.83, 6.79], [9.82, 7.66, 9.61, 8.04, 9.48, 4.02, 3.22, 4.64, 6.22, 10.57, 9.01, 1.67, 0.97, 0.0, 3.45, 6.7, 2.81, 7.15, 7.52, 11.92, 18.66, 7.74, 2.72, 1.71, 10.4, 9.07, 11.04, 13.8, 9.39, 3.6, 1.41, 4.21, 4.2, 12.85, 5.18, 12.54, 6.24, 2.44, 7.38, 12.66, 8.84, 3.27, 10.07, 6.4, 6.09, 15.65, 1.69, 3.54, 8.27, 0.0, 3.98, 9.37, 1.14, 1.4, 12.62, 2.1, 0.72, 12.03, 10.7, 8.68, 0.88, 7.98, 14.12, 5.9, 19.65, 3.14, 2.44, 2.01, 9.18, 10.49, 2.55, 3.71, 2.29, 1.19, 1.46, 0.89, 4.95, 12.48, 2.9, 4.15, 4.01, 5.04, 2.59, 8.05, 5.42, 1.9, 0.26, 2.35, 2.46, 9.82, 6.3, 2.18, 5.63, 10.1, 0.93, 7.1, 7.97, 11.36, 13.12, 13.19], [8.09, 13.82, 1.71, 3.26, 7.26, 5.4, 9.4, 5.58, 13.95, 5.06, 5.31, 0.73, 6.59, 8.73, 2.1, 6.59, 18.68, 11.05, 7.41, 14.66, 8.06, 17.49, 10.81, 16.93, 3.56, 1.82, 4.71, 4.09, 4.41, 8.91, 7.43, 11.34, 5.31, 10.5, 1.05, 3.25, 3.56, 4.56, 8.7, 10.93, 4.97, 10.69, 0.95, 2.0, 16.72, 18.9, 8.71, 1.43, 5.48, 7.3, 0.0, 3.0, 13.18, 8.84, 11.26, 11.54, 10.82, 5.46, 6.0, 6.5, 1.71, 2.32, 10.95, 7.06, 5.28, 2.3, 3.49, 4.52, 4.26, 2.52, 18.33, 4.23, 4.85, 10.7, 20.01, 5.69, 12.24, 9.94, 0.78, 10.77, 15.98, 1.16, 16.91, 12.05, 6.37, 9.73, 13.68, 6.04, 7.65, 1.36, 11.29, 3.74, 2.09, 3.16, 13.7, 4.29, 8.44, 11.41, 2.55, 2.13], [4.55, 0.84, 1.75, 1.59, 2.04, 5.81, 4.58, 6.39, 10.81, 2.27, 8.53, 2.81, 10.0, 6.12, 7.74, 4.31, 8.45, 3.07, 2.51, 4.55, 9.02, 9.32, 1.66, 15.41, 4.18, 2.65, 3.74, 0.19, 6.6, 1.83, 7.82, 14.63, 1.78, 3.86, 9.84, 0.89, 5.97, 7.77, 2.41, 1.09, 2.42, 7.2, 2.08, 6.36, 6.93, 2.97, 3.17, 2.07, 6.85, 8.68, 5.75, 0.0, 5.69, 9.87, 0.43, 2.19, 4.18, 0.36, 2.07, 0.95, 10.49, 4.33, 2.22, 7.15, 3.82, 2.47, 1.93, 3.49, 0.8, 1.53, 14.74, 9.07, 2.64, 15.19, 12.17, 6.8, 10.81, 1.1, 4.05, 0.92, 10.53, 6.77, 1.81, 2.71, 2.3, 1.69, 7.03, 9.76, 4.38, 0.63, 5.59, 8.19, 5.6, 7.96, 4.71, 13.13, 5.49, 1.1, 0.84, 6.0], [1.92, 1.95, 6.6, 7.75, 5.09, 7.7, 7.86, 4.0, 1.16, 7.58, 5.74, 6.46, 4.76, 5.75, 2.3, 6.54, 9.1, 1.0, 2.99, 6.86, 5.08, 7.06, 1.08, 4.78, 2.77, 8.49, 6.18, 4.51, 1.92, 0.17, 2.71, 3.36, 1.49, 3.7, 5.23, 4.12, 0.75, 8.23, 1.68, 2.55, 1.31, 4.07, 10.72, 3.72, 1.14, 4.16, 4.49, 2.75, 15.57, 1.44, 2.95, 5.24, 0.0, 1.65, 1.46, 0.92, 4.02, 2.94, 1.47, 1.38, 8.95, 11.12, 2.04, 2.12, 11.9, 8.99, 7.63, 13.18, 3.24, 9.84, 6.76, 2.86, 7.37, 5.62, 8.31, 1.79, 5.49, 4.1, 7.89, 3.62, 2.53, 2.02, 2.42, 1.05, 7.57, 2.02, 7.24, 5.56, 1.4, 5.03, 0.76, 4.38, 0.35, 2.55, 1.62, 10.4, 0.88, 3.13, 5.2, 9.58], [2.01, 2.92, 0.91, 4.61, 5.82, 1.12, 11.77, 6.14, 10.57, 8.9, 2.96, 2.14, 4.7, 3.59, 1.48, 4.05, 7.41, 4.73, 4.63, 4.49, 10.93, 11.17, 0.81, 5.57, 10.99, 8.18, 2.81, 1.26, 6.13, 1.41, 2.39, 1.19, 3.98, 6.85, 2.93, 0.86, 1.32, 5.86, 1.19, 3.13, 5.24, 2.67, 4.79, 6.86, 8.44, 12.98, 0.28, 9.21, 3.94, 4.62, 2.98, 6.06, 4.32, 0.0, 6.85, 0.0, 0.8, 7.06, 7.04, 7.04, 4.38, 7.04, 10.04, 0.72, 12.71, 7.93, 1.57, 6.45, 5.58, 9.16, 1.24, 3.41, 4.58, 1.18, 1.67, 2.91, 0.9, 6.49, 6.14, 2.68, 4.89, 4.74, 3.0, 3.39, 5.64, 7.45, 1.54, 1.98, 2.03, 4.21, 7.2, 6.15, 5.24, 4.09, 0.57, 3.66, 4.42, 1.82, 5.02, 8.94], [1.03, 1.73, 5.65, 2.19, 7.63, 4.2, 7.51, 2.41, 4.82, 3.15, 13.58, 5.36, 3.13, 6.45, 5.03, 0.75, 15.03, 4.18, 9.32, 10.37, 9.15, 2.53, 11.46, 16.75, 4.54, 1.49, 1.72, 1.76, 1.19, 4.71, 11.88, 11.48, 2.11, 1.08, 5.69, 1.16, 6.34, 9.67, 3.59, 5.3, 7.02, 10.21, 5.89, 2.73, 4.64, 7.43, 9.66, 3.19, 6.01, 13.35, 4.58, 0.3, 6.03, 6.38, 0.0, 2.46, 7.4, 0.69, 2.41, 1.56, 4.86, 7.8, 0.13, 11.51, 6.47, 1.41, 6.12, 1.62, 3.21, 8.09, 17.38, 7.89, 6.09, 8.02, 10.58, 9.79, 13.44, 1.26, 0.82, 2.04, 3.85, 1.82, 7.7, 3.22, 2.8, 1.3, 12.49, 2.42, 2.89, 2.74, 3.08, 9.1, 7.4, 8.98, 5.73, 13.9, 3.33, 5.78, 3.97, 2.65], [1.07, 3.91, 4.93, 6.54, 9.84, 2.43, 7.32, 3.33, 9.92, 2.9, 3.98, 4.78, 2.06, 4.22, 0.53, 2.02, 3.66, 1.21, 2.54, 5.44, 4.92, 11.04, 1.26, 6.11, 8.39, 2.78, 10.98, 5.57, 8.14, 1.05, 3.07, 1.68, 3.68, 11.82, 2.97, 4.84, 2.13, 4.16, 1.96, 9.28, 1.38, 1.81, 8.83, 3.47, 3.12, 13.06, 0.99, 6.61, 3.13, 1.05, 9.95, 8.12, 1.57, 0.0, 2.86, 0.0, 1.99, 5.74, 11.2, 3.94, 1.52, 3.07, 1.41, 3.9, 8.2, 2.31, 3.35, 8.39, 6.43, 2.07, 2.1, 0.79, 4.95, 0.9, 5.61, 4.23, 2.28, 9.14, 2.39, 6.94, 1.78, 5.56, 6.07, 4.7, 2.94, 5.64, 1.7, 1.0, 5.52, 1.4, 8.37, 3.61, 5.62, 7.06, 0.56, 1.77, 3.7, 4.73, 8.08, 9.86], [6.96, 5.63, 4.43, 9.17, 18.28, 1.89, 20.59, 3.83, 15.59, 3.1, 4.9, 1.04, 1.15, 0.77, 0.52, 1.55, 1.5, 7.25, 5.82, 15.33, 4.62, 2.44, 5.16, 4.25, 15.06, 13.78, 9.91, 5.97, 12.71, 2.94, 2.91, 8.05, 4.02, 15.15, 4.84, 8.76, 5.22, 3.17, 9.31, 13.96, 6.14, 4.01, 8.46, 5.5, 11.16, 9.55, 1.92, 7.04, 2.33, 1.18, 4.34, 7.39, 2.21, 4.86, 11.34, 3.76, 0.0, 10.11, 5.09, 8.36, 0.35, 1.39, 4.25, 6.49, 5.52, 2.96, 0.63, 7.17, 2.94, 9.12, 1.32, 7.08, 15.1, 3.4, 7.3, 0.19, 6.27, 2.57, 9.37, 4.09, 4.4, 2.06, 11.68, 4.73, 8.82, 8.41, 1.49, 1.19, 7.5, 3.36, 4.9, 6.52, 8.31, 4.22, 1.48, 2.97, 5.12, 9.03, 13.0, 5.06], [1.72, 3.27, 2.71, 3.33, 8.41, 6.01, 8.18, 12.39, 5.07, 2.84, 6.35, 1.65, 11.85, 3.17, 3.19, 3.84, 5.81, 1.59, 4.76, 3.32, 4.85, 5.38, 5.53, 14.74, 2.37, 2.67, 5.2, 0.56, 4.88, 4.84, 11.71, 9.66, 2.53, 3.08, 9.25, 2.94, 3.18, 7.25, 3.11, 2.05, 4.4, 2.99, 7.71, 1.94, 4.82, 6.9, 3.47, 9.89, 2.42, 6.84, 6.7, 1.1, 2.28, 7.49, 1.99, 1.97, 4.3, 0.0, 5.05, 0.8, 8.92, 2.46, 1.19, 3.32, 5.41, 1.8, 11.78, 2.29, 2.57, 1.51, 9.16, 5.07, 6.41, 7.98, 9.89, 4.79, 2.85, 0.41, 6.76, 2.29, 9.94, 2.83, 6.59, 3.38, 2.69, 2.71, 5.27, 6.07, 0.56, 0.65, 2.75, 4.66, 4.12, 1.94, 7.22, 5.96, 5.64, 4.39, 4.74, 8.06], [4.6, 7.73, 5.02, 2.12, 8.4, 8.54, 4.07, 12.36, 4.84, 9.09, 11.15, 4.22, 13.46, 19.14, 2.44, 6.16, 10.23, 2.44, 9.95, 3.84, 2.49, 1.81, 6.0, 15.45, 8.46, 1.18, 5.85, 2.79, 4.75, 5.58, 13.71, 10.81, 7.27, 1.74, 9.18, 6.37, 4.6, 4.55, 3.7, 1.39, 9.88, 4.42, 3.76, 5.77, 9.7, 10.94, 9.56, 14.68, 1.83, 19.11, 8.1, 2.16, 10.16, 13.36, 0.91, 9.76, 16.4, 1.61, 0.0, 5.46, 3.53, 6.8, 2.79, 5.24, 3.28, 7.36, 15.9, 4.56, 4.38, 6.87, 11.17, 18.34, 5.01, 5.47, 20.94, 9.19, 14.02, 1.21, 3.91, 3.11, 10.89, 10.69, 2.9, 1.48, 8.21, 10.25, 9.42, 2.97, 7.22, 4.63, 2.33, 15.4, 2.99, 10.23, 3.55, 10.15, 4.89, 2.66, 1.59, 4.8], [1.47, 5.34, 2.92, 3.42, 8.1, 4.89, 2.53, 13.32, 4.47, 5.34, 13.04, 0.8, 1.98, 4.48, 4.11, 3.76, 3.15, 4.68, 3.03, 11.72, 8.15, 7.2, 3.62, 7.45, 3.09, 2.11, 1.3, 0.87, 3.3, 1.48, 3.07, 4.66, 3.68, 2.12, 2.77, 0.76, 4.36, 9.02, 2.86, 9.02, 1.93, 3.0, 3.38, 6.37, 6.29, 8.78, 6.57, 6.98, 7.13, 12.15, 1.51, 0.65, 1.03, 5.58, 0.44, 1.24, 5.39, 0.54, 6.46, 0.0, 7.36, 4.09, 3.45, 11.12, 3.65, 0.96, 11.5, 1.89, 1.13, 1.69, 11.2, 2.19, 4.47, 1.95, 12.31, 6.42, 3.17, 1.23, 4.39, 0.91, 7.97, 4.18, 1.53, 3.63, 1.53, 1.23, 11.3, 8.37, 1.26, 0.36, 3.14, 1.13, 7.76, 5.53, 5.73, 4.83, 1.68, 1.14, 1.96, 2.09], [2.44, 7.74, 3.35, 1.29, 4.55, 1.21, 11.17, 1.47, 9.71, 8.42, 6.66, 4.73, 4.79, 1.11, 3.38, 3.24, 6.17, 3.74, 3.19, 9.42, 4.15, 3.84, 2.8, 1.15, 14.57, 15.24, 11.76, 7.2, 13.67, 2.83, 3.96, 1.27, 3.37, 5.1, 4.47, 7.17, 7.32, 2.05, 8.57, 12.36, 5.12, 0.91, 13.64, 4.62, 8.27, 7.77, 1.69, 3.71, 4.35, 1.85, 9.74, 5.9, 4.51, 2.29, 2.04, 2.78, 0.48, 4.85, 6.19, 8.27, 0.0, 1.82, 7.26, 2.78, 8.84, 7.93, 1.32, 7.4, 0.99, 7.73, 5.23, 4.69, 10.55, 3.85, 7.96, 0.5, 2.05, 14.35, 2.17, 2.47, 3.91, 2.41, 13.54, 8.27, 8.23, 13.07, 0.97, 2.17, 2.89, 2.19, 2.8, 3.67, 1.44, 7.63, 2.89, 5.6, 11.24, 7.75, 7.69, 4.61], [1.36, 7.56, 5.7, 1.14, 19.66, 4.72, 15.41, 15.67, 18.3, 19.09, 0.78, 1.46, 6.59, 2.59, 1.67, 5.5, 11.87, 15.94, 3.78, 15.63, 16.3, 2.55, 6.26, 7.99, 5.83, 9.36, 11.05, 9.62, 9.02, 8.93, 2.44, 13.85, 1.63, 17.96, 0.37, 14.79, 4.4, 2.65, 10.32, 12.83, 1.2, 9.29, 1.52, 1.86, 17.66, 7.25, 2.49, 0.58, 15.15, 6.84, 5.64, 10.88, 9.02, 9.07, 7.28, 9.45, 3.78, 5.17, 13.15, 8.07, 5.71, 0.0, 11.21, 2.83, 13.28, 4.12, 2.92, 5.63, 1.45, 7.34, 12.51, 13.11, 11.18, 12.92, 5.66, 2.6, 4.01, 5.09, 10.69, 12.7, 8.83, 2.28, 4.51, 12.66, 9.55, 16.57, 2.53, 1.35, 7.23, 3.53, 11.67, 1.49, 2.48, 15.97, 2.44, 1.17, 7.25, 12.63, 10.6, 3.23], [6.25, 2.95, 6.22, 6.24, 5.41, 6.56, 3.55, 10.48, 5.13, 1.98, 2.31, 2.71, 17.02, 14.19, 1.76, 2.51, 13.07, 5.68, 10.41, 6.83, 2.52, 5.41, 10.6, 2.22, 5.33, 0.49, 3.91, 2.46, 6.3, 4.13, 11.99, 6.28, 12.57, 1.72, 3.93, 1.46, 11.13, 7.62, 1.71, 6.18, 5.71, 10.11, 2.53, 4.5, 2.99, 4.9, 6.75, 4.43, 2.11, 6.47, 9.32, 2.23, 2.36, 2.63, 0.73, 3.23, 7.07, 2.14, 1.8, 0.7, 3.44, 3.99, 0.0, 1.68, 3.04, 4.27, 13.12, 5.92, 5.1, 9.23, 14.86, 12.1, 3.04, 12.42, 17.25, 10.49, 4.47, 0.62, 6.66, 2.86, 12.21, 2.54, 3.24, 4.46, 1.73, 8.65, 2.42, 10.84, 0.84, 3.74, 2.73, 11.74, 2.33, 12.36, 4.55, 14.25, 2.48, 4.67, 4.63, 9.03], [8.09, 2.23, 5.14, 12.33, 8.95, 0.98, 6.81, 2.34, 9.75, 1.6, 9.18, 4.27, 3.48, 2.54, 6.35, 10.67, 3.49, 7.24, 1.54, 11.85, 6.05, 4.55, 3.32, 1.89, 8.2, 2.48, 16.69, 12.63, 3.15, 2.34, 1.25, 0.69, 4.16, 2.99, 13.73, 5.74, 1.14, 6.76, 8.34, 6.39, 2.75, 1.49, 20.61, 7.43, 6.71, 3.68, 4.1, 9.95, 19.48, 4.63, 8.66, 9.76, 1.61, 1.89, 8.56, 1.12, 1.35, 6.84, 8.64, 5.4, 4.97, 15.77, 8.63, 0.0, 7.67, 4.39, 9.36, 13.2, 11.17, 7.91, 2.21, 1.96, 11.46, 2.15, 1.64, 7.88, 0.41, 5.52, 13.72, 5.91, 0.55, 6.41, 5.06, 1.66, 10.49, 2.03, 1.54, 6.55, 8.48, 10.09, 8.88, 6.88, 3.86, 3.45, 2.74, 15.08, 5.92, 5.34, 12.84, 7.76], [2.02, 7.7, 9.97, 6.46, 5.9, 16.31, 1.02, 10.71, 5.46, 13.46, 9.27, 5.68, 16.86, 8.76, 5.36, 3.46, 23.33, 6.83, 4.35, 9.64, 12.66, 14.86, 16.53, 2.84, 2.15, 3.7, 0.42, 2.03, 10.73, 11.41, 15.42, 17.03, 3.37, 5.69, 13.96, 1.65, 13.3, 15.67, 5.28, 8.93, 1.1, 8.09, 2.02, 11.64, 14.81, 4.86, 9.21, 10.76, 0.79, 11.89, 5.49, 5.64, 12.29, 7.14, 5.25, 6.96, 8.69, 7.13, 5.26, 5.04, 4.98, 8.89, 3.79, 14.43, 0.0, 5.19, 17.57, 1.8, 8.27, 5.27, 9.95, 17.75, 1.08, 11.7, 6.74, 17.78, 16.86, 5.33, 2.09, 8.34, 15.79, 14.52, 14.99, 7.07, 7.6, 4.37, 6.27, 3.68, 8.18, 4.87, 11.93, 14.13, 14.67, 9.83, 13.3, 14.99, 7.43, 10.26, 1.65, 3.71], [4.74, 1.04, 1.37, 0.67, 2.47, 4.34, 6.56, 5.98, 3.96, 2.6, 3.91, 2.1, 12.05, 1.72, 4.77, 1.42, 12.83, 6.91, 9.7, 7.15, 4.73, 12.7, 1.67, 6.84, 3.23, 1.03, 4.76, 4.11, 6.56, 2.92, 1.97, 3.83, 3.08, 7.66, 2.76, 1.21, 4.11, 6.66, 1.92, 3.64, 1.1, 10.71, 7.64, 3.87, 5.63, 10.48, 7.35, 6.1, 2.64, 9.42, 3.38, 3.61, 2.21, 4.26, 1.86, 1.5, 9.97, 2.62, 6.22, 0.53, 5.06, 5.58, 3.3, 1.38, 1.08, 0.0, 7.82, 4.91, 0.0, 1.21, 8.41, 9.67, 2.87, 4.19, 13.95, 9.64, 6.03, 0.68, 5.38, 5.96, 14.52, 4.25, 7.13, 2.45, 0.66, 10.96, 8.05, 5.84, 1.9, 2.84, 1.02, 1.48, 12.01, 2.05, 8.86, 2.2, 6.05, 6.45, 2.61, 2.08], [1.18, 10.3, 4.33, 7.98, 17.55, 0.94, 8.57, 5.36, 11.62, 11.41, 5.36, 3.8, 8.2, 2.24, 4.82, 5.59, 5.65, 13.83, 8.89, 2.67, 5.43, 6.28, 3.98, 6.42, 12.74, 14.25, 5.37, 2.76, 14.32, 8.59, 4.41, 3.63, 2.34, 15.49, 1.45, 13.24, 4.88, 0.65, 4.48, 13.93, 3.58, 3.26, 3.66, 0.88, 14.54, 19.29, 3.8, 5.31, 4.66, 1.42, 2.73, 12.67, 8.86, 1.42, 7.59, 1.61, 0.36, 9.73, 8.06, 2.58, 1.33, 1.8, 3.72, 4.51, 6.28, 10.43, 0.0, 13.5, 9.47, 12.53, 5.06, 7.29, 5.99, 7.38, 3.55, 0.0, 3.7, 14.8, 13.61, 4.99, 10.54, 1.41, 10.68, 9.19, 6.98, 7.08, 3.53, 4.34, 6.59, 7.86, 2.57, 2.81, 12.02, 6.02, 0.72, 5.59, 5.61, 5.91, 13.22, 4.57], [3.26, 11.07, 4.26, 4.18, 13.26, 9.62, 3.03, 13.59, 1.72, 9.69, 1.46, 0.89, 14.49, 13.45, 2.57, 5.39, 3.59, 6.84, 6.11, 14.6, 15.84, 3.12, 13.85, 7.96, 0.59, 3.11, 2.26, 1.96, 6.49, 7.01, 5.77, 8.06, 5.57, 5.76, 10.88, 2.75, 7.43, 1.55, 7.26, 7.94, 1.9, 5.82, 1.28, 3.5, 12.66, 14.94, 11.01, 1.94, 4.05, 11.26, 3.11, 5.56, 2.28, 10.17, 2.06, 7.81, 13.85, 1.63, 2.61, 5.41, 13.3, 2.84, 1.77, 10.93, 2.88, 0.92, 3.41, 0.0, 0.56, 0.89, 9.66, 18.79, 1.58, 9.38, 3.89, 3.1, 16.66, 1.94, 1.0, 2.02, 4.52, 6.19, 9.74, 1.18, 0.59, 2.95, 11.66, 2.98, 2.06, 3.81, 6.03, 3.7, 3.1, 8.82, 2.9, 10.41, 2.31, 4.86, 0.15, 1.8], [1.21, 6.96, 1.33, 0.77, 5.88, 4.96, 3.83, 9.64, 5.12, 8.68, 6.37, 2.83, 6.3, 8.59, 3.05, 2.04, 11.94, 8.4, 3.67, 8.55, 3.37, 13.81, 5.12, 12.4, 2.44, 1.89, 5.83, 2.89, 4.09, 7.6, 2.03, 13.0, 3.89, 8.34, 7.34, 7.04, 10.57, 5.62, 3.83, 11.52, 0.41, 9.44, 3.77, 5.95, 4.54, 4.23, 7.07, 4.07, 1.63, 7.9, 2.28, 0.84, 4.79, 1.22, 5.48, 1.34, 9.73, 4.05, 5.0, 1.46, 4.8, 4.29, 5.77, 11.73, 4.23, 0.0, 1.51, 4.01, 0.0, 1.11, 10.26, 7.09, 1.3, 13.9, 11.22, 4.01, 7.74, 3.39, 1.61, 5.95, 13.24, 1.68, 10.0, 1.02, 0.53, 3.66, 8.44, 4.79, 1.07, 2.63, 3.89, 0.84, 5.11, 14.07, 8.46, 2.4, 8.72, 8.9, 1.96, 2.73], [5.39, 2.27, 4.51, 6.19, 12.51, 5.74, 5.28, 12.4, 7.6, 5.65, 5.15, 5.88, 8.06, 5.47, 5.98, 2.59, 9.3, 10.65, 7.47, 16.66, 11.74, 17.64, 14.08, 6.86, 0.41, 2.91, 4.96, 1.79, 2.19, 13.66, 15.13, 19.67, 1.84, 11.94, 5.23, 1.43, 3.16, 9.42, 6.76, 3.18, 3.61, 11.04, 0.94, 4.03, 1.88, 12.4, 3.3, 3.0, 3.45, 14.12, 3.69, 2.14, 2.95, 2.88, 6.48, 12.41, 3.0, 5.15, 9.25, 1.46, 6.74, 7.93, 5.89, 13.71, 5.98, 3.26, 9.46, 0.78, 1.11, 0.0, 11.19, 19.18, 1.92, 8.9, 14.46, 4.47, 7.3, 5.94, 1.93, 3.0, 6.37, 3.06, 18.97, 7.35, 0.94, 6.66, 6.86, 8.21, 5.31, 1.51, 6.05, 2.29, 10.98, 2.24, 13.07, 9.46, 7.65, 10.49, 2.2, 0.39], [10.62, 3.47, 8.06, 2.39, 2.99, 7.81, 7.67, 2.34, 13.28, 14.06, 2.55, 12.19, 1.63, 1.08, 5.89, 7.47, 2.14, 14.64, 1.7, 10.6, 10.9, 13.44, 1.3, 3.91, 13.67, 15.89, 16.56, 11.59, 13.88, 5.28, 2.35, 0.55, 2.05, 8.97, 4.78, 2.06, 3.74, 8.82, 3.6, 1.96, 7.27, 2.49, 7.41, 3.44, 11.59, 3.39, 3.92, 3.27, 11.36, 3.97, 11.98, 7.52, 2.83, 6.53, 7.2, 0.91, 1.22, 10.77, 10.19, 5.15, 4.28, 11.55, 8.1, 4.26, 14.04, 6.81, 2.88, 13.4, 10.27, 5.23, 0.0, 1.05, 11.23, 2.14, 2.36, 4.39, 2.65, 12.27, 7.93, 4.08, 2.88, 9.01, 2.26, 5.19, 2.53, 11.1, 1.7, 1.89, 5.27, 6.39, 13.76, 12.12, 6.06, 4.03, 1.42, 3.69, 10.97, 7.64, 15.73, 4.69], [1.31, 4.83, 3.71, 10.75, 7.12, 8.11, 23.29, 4.12, 4.62, 6.68, 5.92, 11.36, 4.38, 4.96, 2.54, 3.75, 1.95, 4.87, 0.79, 9.2, 5.33, 8.64, 2.68, 2.89, 5.18, 12.12, 15.96, 7.25, 4.52, 4.65, 2.04, 3.14, 6.2, 7.09, 8.54, 8.96, 3.63, 6.14, 8.12, 1.67, 8.01, 1.31, 17.39, 11.07, 5.01, 7.47, 1.08, 7.83, 6.68, 7.05, 3.83, 7.14, 0.75, 5.58, 7.72, 2.66, 5.5, 12.55, 15.52, 10.09, 10.11, 7.11, 13.94, 1.97, 4.21, 7.91, 7.41, 12.39, 6.53, 18.38, 1.79, 0.0, 2.75, 2.33, 3.68, 9.27, 3.85, 12.73, 13.27, 9.25, 0.93, 3.83, 1.45, 7.91, 11.95, 3.26, 1.19, 5.02, 4.94, 12.78, 7.44, 12.78, 2.61, 2.35, 1.43, 14.45, 6.23, 6.37, 16.99, 16.34], [4.65, 11.51, 2.76, 2.31, 9.62, 13.44, 0.98, 19.71, 5.27, 2.4, 3.97, 6.58, 3.9, 2.19, 6.14, 7.67, 14.25, 12.41, 5.48, 11.68, 9.22, 12.55, 12.51, 22.5, 1.94, 4.47, 0.41, 4.86, 1.52, 8.78, 18.23, 7.96, 3.49, 1.91, 6.4, 9.67, 11.21, 9.95, 7.21, 10.37, 2.1, 7.43, 1.98, 5.88, 4.62, 5.14, 13.23, 9.36, 0.52, 6.12, 1.03, 4.21, 4.9, 12.95, 3.99, 1.93, 9.98, 2.5, 3.92, 4.74, 3.93, 1.85, 3.57, 10.27, 2.08, 0.99, 15.21, 1.41, 1.08, 2.13, 17.71, 10.67, 0.0, 17.68, 10.21, 11.95, 3.6, 2.55, 1.1, 6.02, 8.42, 5.5, 10.31, 6.14, 6.52, 15.8, 14.82, 8.61, 3.36, 7.04, 6.26, 2.28, 13.3, 5.25, 2.66, 8.13, 7.81, 5.31, 1.3, 1.84], [3.3, 3.52, 4.85, 8.08, 14.06, 4.83, 22.54, 0.13, 3.7, 14.89, 5.13, 6.64, 0.94, 1.31, 6.27, 10.62, 0.81, 9.06, 4.11, 5.69, 2.82, 5.14, 2.64, 1.68, 13.51, 9.62, 2.6, 9.59, 1.79, 1.99, 2.21, 0.36, 1.7, 5.17, 5.9, 1.67, 3.32, 1.06, 3.92, 4.25, 8.91, 1.67, 13.72, 8.49, 7.36, 8.86, 3.99, 12.12, 17.75, 4.21, 8.87, 12.17, 7.23, 0.73, 14.14, 1.39, 5.73, 9.48, 10.94, 10.98, 3.92, 10.19, 5.22, 1.85, 6.52, 10.35, 4.88, 12.49, 9.22, 6.7, 1.12, 2.61, 2.74, 0.0, 1.94, 5.75, 0.35, 4.44, 7.58, 11.32, 0.71, 6.72, 4.61, 6.24, 8.98, 7.1, 1.08, 6.18, 3.41, 1.5, 10.72, 6.55, 5.7, 7.54, 2.34, 1.59, 3.31, 1.97, 14.1, 11.57], [9.54, 3.89, 9.98, 11.82, 14.64, 8.46, 3.24, 0.52, 5.01, 3.29, 15.84, 1.95, 0.44, 5.44, 7.63, 10.9, 0.23, 4.92, 4.76, 4.06, 13.54, 9.54, 1.18, 0.41, 9.86, 4.4, 4.11, 16.16, 9.88, 6.93, 1.81, 0.66, 13.87, 10.22, 6.85, 12.55, 2.65, 6.92, 6.45, 4.72, 13.58, 1.12, 21.07, 5.71, 4.05, 7.55, 4.9, 13.18, 2.65, 3.21, 6.87, 11.55, 2.37, 5.49, 15.86, 5.53, 3.3, 6.69, 9.46, 7.65, 6.58, 8.86, 15.22, 0.72, 6.21, 10.72, 8.78, 17.25, 7.42, 16.21, 2.18, 0.8, 20.58, 0.57, 0.0, 9.8, 0.9, 6.24, 16.89, 3.97, 0.52, 7.66, 10.01, 5.85, 4.42, 5.05, 1.64, 3.44, 11.93, 8.25, 11.36, 1.89, 4.71, 3.09, 0.77, 14.69, 4.97, 1.25, 3.79, 3.08], [8.76, 6.66, 5.26, 5.72, 13.2, 1.5, 10.6, 1.96, 16.21, 17.04, 6.45, 6.39, 3.95, 2.57, 1.55, 6.15, 1.43, 7.29, 1.72, 13.91, 15.04, 5.48, 2.08, 8.65, 6.87, 7.91, 2.15, 1.46, 8.02, 8.99, 6.61, 8.17, 2.49, 13.22, 7.03, 10.46, 8.55, 2.22, 5.22, 4.83, 6.91, 6.49, 11.93, 3.0, 7.21, 12.53, 0.64, 3.07, 4.34, 1.75, 12.01, 11.24, 2.9, 4.76, 4.52, 3.24, 0.24, 12.76, 4.19, 3.0, 0.3, 1.89, 7.83, 1.65, 10.8, 10.22, 0.0, 4.85, 5.8, 3.97, 2.99, 9.75, 14.11, 7.76, 7.16, 0.0, 5.12, 8.18, 5.32, 6.04, 5.45, 2.57, 2.15, 5.04, 8.9, 3.86, 1.8, 1.43, 8.74, 9.36, 4.48, 5.56, 2.52, 10.17, 5.72, 4.54, 11.4, 8.89, 10.82, 5.42], [6.08, 3.94, 3.23, 9.12, 7.28, 5.54, 7.39, 1.1, 1.22, 11.48, 11.51, 11.28, 1.96, 1.44, 3.3, 2.85, 2.0, 11.91, 3.93, 3.91, 14.21, 8.21, 0.43, 1.99, 3.98, 5.06, 18.41, 11.76, 6.66, 3.68, 0.38, 0.73, 1.98, 13.9, 10.11, 3.48, 1.93, 8.62, 7.52, 6.71, 8.99, 2.02, 12.42, 3.82, 9.17, 9.16, 2.07, 14.23, 13.09, 5.34, 13.34, 3.2, 0.84, 3.62, 7.4, 2.65, 2.56, 8.76, 2.22, 7.38, 1.59, 11.95, 12.61, 0.73, 21.35, 12.62, 2.87, 10.6, 3.22, 6.72, 1.28, 4.04, 15.87, 0.63, 0.56, 7.42, 0.0, 2.0, 15.5, 2.15, 0.72, 1.24, 2.97, 9.05, 6.52, 1.83, 1.37, 1.64, 11.01, 7.02, 11.77, 4.83, 5.24, 6.22, 0.51, 6.07, 3.2, 3.37, 13.39, 8.75], [3.33, 2.3, 0.98, 6.49, 8.48, 12.36, 4.0, 5.11, 4.61, 8.99, 8.66, 5.64, 8.52, 5.76, 3.01, 5.57, 4.58, 2.89, 7.92, 7.67, 6.04, 5.86, 7.92, 2.19, 4.26, 0.6, 6.62, 1.73, 4.25, 4.19, 3.99, 2.76, 6.99, 1.33, 10.91, 2.4, 9.5, 3.32, 5.36, 1.11, 2.05, 7.33, 7.37, 10.0, 0.92, 2.45, 1.96, 12.19, 1.07, 4.14, 7.55, 1.9, 4.13, 8.64, 0.39, 3.73, 11.02, 0.68, 2.13, 2.04, 2.3, 10.28, 0.5, 14.17, 0.91, 5.89, 12.83, 3.25, 4.43, 5.04, 7.36, 4.38, 1.51, 16.04, 5.87, 7.97, 12.63, 0.0, 0.96, 2.7, 8.48, 9.62, 9.21, 5.17, 2.57, 7.94, 2.08, 11.68, 4.59, 1.1, 1.16, 3.39, 1.38, 8.59, 6.66, 7.31, 3.54, 7.36, 5.62, 3.52], [7.93, 1.7, 3.73, 0.8, 2.16, 11.5, 4.21, 9.49, 17.58, 8.29, 2.02, 7.25, 14.03, 4.72, 11.78, 7.22, 17.15, 12.47, 2.01, 10.29, 12.7, 2.18, 3.39, 11.97, 0.43, 3.11, 2.37, 5.0, 1.91, 6.25, 3.04, 16.38, 11.44, 9.74, 8.09, 7.24, 7.54, 6.76, 1.4, 15.32, 1.31, 14.87, 0.99, 4.09, 14.54, 11.11, 7.56, 2.27, 2.0, 10.6, 2.86, 0.82, 2.31, 3.9, 7.46, 8.7, 11.05, 4.83, 5.89, 3.34, 9.07, 7.55, 7.41, 13.03, 1.06, 2.86, 2.38, 1.21, 1.18, 0.83, 17.26, 18.98, 1.16, 7.86, 15.53, 3.76, 3.78, 1.4, 0.0, 9.62, 18.16, 2.64, 13.77, 5.65, 4.64, 8.12, 13.99, 3.14, 6.93, 4.13, 3.53, 1.81, 10.05, 13.02, 13.17, 3.58, 12.01, 4.06, 0.86, 0.95], [1.06, 0.36, 3.61, 5.78, 1.38, 5.07, 10.02, 10.02, 1.0, 3.74, 4.4, 3.64, 9.26, 9.98, 5.49, 1.39, 13.46, 2.23, 1.19, 4.48, 4.96, 6.55, 5.18, 11.55, 5.42, 3.17, 8.32, 2.95, 0.75, 3.55, 7.61, 5.34, 3.91, 2.52, 10.72, 0.86, 5.93, 9.67, 0.71, 5.05, 0.85, 5.29, 3.61, 1.76, 1.87, 4.93, 2.03, 9.03, 4.72, 10.3, 8.48, 2.76, 3.07, 1.52, 0.69, 1.61, 1.78, 2.64, 5.64, 2.47, 7.28, 2.93, 2.45, 2.62, 2.89, 0.89, 7.22, 7.86, 3.07, 9.8, 4.84, 9.17, 7.54, 11.29, 2.72, 4.92, 6.88, 3.5, 6.7, 0.0, 4.62, 1.31, 4.95, 0.46, 4.67, 2.97, 7.43, 6.24, 3.75, 0.73, 2.93, 9.6, 2.73, 3.7, 2.58, 10.95, 3.39, 3.94, 1.49, 3.98], [11.07, 3.97, 6.77, 13.22, 8.07, 9.69, 10.26, 1.59, 2.1, 9.88, 15.87, 12.85, 2.82, 6.47, 4.03, 13.16, 2.75, 5.0, 2.55, 2.04, 7.57, 11.92, 2.8, 0.47, 17.63, 6.21, 21.16, 9.49, 1.23, 5.32, 2.92, 1.68, 10.73, 8.48, 16.75, 11.78, 4.05, 2.07, 7.62, 9.26, 4.88, 1.19, 15.4, 3.54, 1.26, 13.2, 2.23, 10.37, 16.38, 2.83, 11.2, 5.94, 4.4, 4.95, 12.51, 5.64, 3.48, 14.45, 18.15, 9.12, 3.1, 5.61, 14.04, 0.38, 13.19, 12.43, 4.3, 9.8, 5.5, 21.55, 3.77, 1.43, 18.97, 2.12, 1.9, 1.37, 1.9, 8.58, 8.98, 10.33, 0.0, 10.89, 8.79, 1.4, 6.79, 1.28, 4.52, 4.02, 1.49, 1.72, 3.84, 15.85, 4.92, 2.47, 6.28, 9.05, 3.39, 1.87, 13.93, 19.66], [1.87, 10.49, 0.92, 2.26, 2.12, 2.15, 7.06, 1.44, 5.34, 7.13, 3.93, 0.75, 5.67, 6.15, 1.33, 0.73, 8.97, 10.42, 7.6, 10.12, 4.87, 12.93, 3.51, 7.0, 5.73, 10.88, 9.12, 2.29, 10.72, 6.67, 3.06, 8.18, 0.65, 4.87, 1.08, 2.31, 4.67, 0.8, 3.15, 7.2, 1.91, 6.19, 9.66, 0.66, 3.47, 7.66, 5.66, 4.67, 6.71, 4.54, 1.56, 7.73, 4.61, 4.18, 10.85, 1.46, 3.09, 4.03, 2.17, 3.57, 3.27, 2.61, 4.36, 6.61, 12.78, 1.06, 1.8, 6.44, 4.4, 5.21, 1.46, 8.43, 10.7, 9.31, 11.56, 1.89, 5.98, 2.69, 2.88, 6.67, 3.16, 0.0, 13.2, 1.93, 1.19, 4.48, 1.4, 3.2, 4.52, 6.65, 2.19, 2.56, 9.03, 6.0, 1.8, 0.98, 3.35, 11.91, 2.12, 0.92], [1.47, 3.33, 3.39, 11.52, 5.41, 7.63, 6.99, 3.73, 0.44, 1.81, 3.34, 9.12, 8.06, 10.54, 7.98, 9.07, 4.83, 4.93, 3.61, 5.65, 1.9, 2.97, 5.21, 7.88, 15.04, 1.31, 12.97, 2.8, 3.61, 5.13, 3.49, 5.19, 17.21, 6.29, 6.32, 6.15, 5.45, 12.96, 6.37, 3.74, 7.78, 0.81, 16.03, 9.12, 2.68, 4.29, 1.24, 13.28, 14.88, 4.19, 8.44, 5.49, 5.11, 3.73, 9.76, 8.01, 8.47, 8.75, 5.32, 3.95, 3.61, 4.32, 10.7, 2.6, 4.13, 8.07, 3.5, 4.49, 1.89, 10.1, 2.63, 5.23, 13.04, 5.07, 9.61, 4.02, 10.18, 1.32, 9.0, 7.47, 4.7, 2.01, 0.0, 5.23, 3.27, 1.11, 4.12, 9.36, 3.01, 4.78, 3.15, 5.73, 1.18, 3.8, 1.51, 4.08, 2.71, 0.52, 8.96, 10.39], [2.14, 0.32, 3.98, 4.31, 6.55, 4.77, 9.14, 10.63, 3.29, 2.37, 16.36, 7.15, 10.12, 10.98, 1.17, 2.3, 10.93, 2.04, 4.95, 5.07, 1.55, 6.76, 5.49, 1.55, 8.9, 1.35, 9.68, 3.09, 2.74, 1.13, 2.74, 4.99, 5.41, 5.09, 3.62, 1.93, 4.81, 8.8, 0.85, 4.03, 1.42, 0.83, 12.9, 3.08, 0.53, 2.43, 1.5, 1.99, 11.34, 1.57, 5.14, 4.59, 1.32, 1.21, 2.56, 5.35, 9.12, 3.77, 9.32, 4.15, 2.5, 2.33, 0.64, 3.86, 4.12, 2.02, 4.94, 5.61, 2.11, 8.26, 7.99, 2.35, 8.38, 3.03, 3.61, 5.49, 8.67, 6.23, 3.67, 0.38, 7.16, 9.1, 7.0, 0.0, 4.83, 2.39, 9.56, 5.47, 0.54, 2.27, 1.12, 3.13, 2.18, 1.81, 2.71, 11.01, 1.07, 2.65, 1.61, 4.5], [2.82, 0.96, 1.14, 1.04, 5.65, 7.2, 2.64, 10.15, 1.54, 5.79, 2.6, 0.58, 6.5, 5.76, 3.55, 1.89, 15.46, 4.6, 2.86, 1.91, 11.47, 12.9, 5.62, 5.1, 4.28, 5.76, 2.82, 3.14, 1.87, 5.19, 8.58, 6.04, 4.34, 5.2, 6.14, 6.07, 4.19, 4.94, 2.79, 3.4, 0.85, 6.03, 4.69, 0.86, 3.99, 4.62, 7.94, 2.57, 6.2, 2.6, 5.39, 0.64, 8.05, 6.35, 1.01, 5.75, 8.13, 1.87, 5.42, 1.4, 6.5, 3.64, 4.68, 10.73, 7.84, 0.71, 7.26, 4.11, 0.85, 2.12, 3.49, 5.68, 5.16, 10.28, 9.87, 2.92, 5.54, 1.2, 1.58, 3.24, 13.73, 1.94, 2.17, 3.92, 0.0, 8.55, 9.2, 7.16, 0.82, 2.79, 5.92, 3.0, 8.41, 4.6, 6.14, 9.33, 5.62, 1.32, 4.13, 3.43], [6.45, 3.19, 6.43, 2.74, 1.88, 8.46, 17.2, 3.83, 0.45, 0.68, 12.79, 7.65, 7.88, 5.64, 1.41, 7.94, 2.59, 4.26, 3.28, 0.77, 6.1, 2.75, 2.34, 8.6, 9.16, 6.02, 2.48, 7.27, 1.04, 3.14, 8.12, 3.19, 3.87, 6.35, 11.09, 0.72, 3.5, 9.38, 3.69, 1.42, 12.19, 5.68, 7.21, 11.78, 0.71, 4.94, 3.92, 8.12, 10.08, 1.96, 6.96, 4.62, 1.67, 7.36, 5.22, 6.92, 8.5, 7.03, 2.43, 6.94, 6.22, 11.85, 2.52, 1.51, 17.7, 6.01, 2.7, 8.19, 3.16, 13.66, 1.31, 4.57, 15.21, 1.84, 8.9, 13.33, 8.24, 3.93, 14.88, 1.88, 6.29, 4.23, 0.85, 3.22, 9.27, 0.0, 6.36, 8.97, 8.35, 8.8, 2.2, 8.48, 2.01, 0.76, 3.74, 7.46, 0.45, 2.6, 8.19, 6.48], [6.2, 9.59, 2.51, 8.5, 3.43, 3.41, 12.09, 3.73, 13.15, 10.22, 3.88, 9.86, 0.7, 0.78, 4.74, 4.82, 2.95, 3.65, 3.36, 15.79, 9.97, 12.02, 2.21, 0.9, 2.15, 7.52, 14.02, 14.51, 6.52, 1.1, 1.35, 2.88, 5.54, 15.92, 5.79, 1.45, 0.82, 4.75, 6.05, 4.28, 6.6, 0.79, 14.97, 3.98, 11.48, 8.92, 1.36, 2.49, 18.49, 0.38, 3.6, 10.29, 2.76, 0.57, 3.11, 3.16, 2.15, 6.1, 12.97, 5.6, 0.59, 1.29, 3.45, 4.05, 20.54, 11.53, 1.06, 5.36, 6.72, 4.01, 1.24, 6.09, 9.2, 2.57, 3.17, 3.69, 2.29, 12.07, 4.79, 9.57, 1.7, 3.82, 9.88, 3.62, 8.92, 4.27, 0.0, 3.38, 8.43, 8.76, 3.75, 8.84, 3.01, 5.98, 2.98, 5.84, 9.22, 5.44, 7.76, 3.71], [5.89, 5.04, 1.12, 3.06, 1.89, 1.49, 3.87, 4.31, 2.41, 7.63, 9.11, 2.7, 1.81, 0.62, 0.16, 5.59, 4.22, 3.79, 5.89, 10.64, 10.93, 8.48, 0.45, 8.86, 10.23, 6.94, 3.44, 3.61, 6.24, 0.63, 3.06, 4.73, 1.74, 9.0, 0.96, 8.53, 3.55, 1.23, 5.25, 2.49, 5.64, 1.86, 13.32, 3.65, 4.5, 10.44, 1.73, 6.16, 11.32, 0.96, 10.2, 4.46, 1.01, 1.59, 4.48, 1.34, 1.45, 5.3, 8.79, 4.97, 2.09, 2.11, 7.68, 6.34, 9.49, 6.48, 1.9, 10.15, 3.77, 11.84, 1.17, 8.24, 12.28, 2.46, 2.22, 3.24, 1.15, 8.06, 9.07, 1.7, 3.2, 1.58, 6.64, 4.14, 1.82, 7.03, 1.01, 0.0, 1.6, 1.52, 9.77, 3.48, 6.65, 7.04, 1.82, 8.74, 4.15, 6.93, 1.55, 5.94], [1.85, 0.84, 0.0, 0.96, 3.71, 2.66, 11.67, 3.87, 8.31, 11.79, 10.18, 0.57, 2.61, 6.37, 3.82, 0.72, 3.73, 2.85, 3.49, 7.31, 3.13, 10.15, 4.86, 5.43, 2.04, 4.21, 9.26, 3.36, 4.19, 2.98, 3.14, 8.42, 1.27, 5.18, 1.73, 3.73, 3.6, 6.1, 1.94, 8.25, 1.43, 5.29, 7.64, 5.28, 8.42, 5.86, 6.33, 4.11, 1.55, 3.05, 1.34, 4.7, 3.51, 4.3, 2.88, 1.31, 8.73, 0.44, 2.26, 2.44, 3.03, 1.22, 7.05, 4.74, 3.86, 1.0, 3.89, 4.87, 2.05, 3.38, 11.53, 9.2, 2.16, 3.03, 12.43, 8.24, 5.01, 5.0, 2.16, 2.86, 5.51, 1.48, 6.97, 4.24, 0.46, 10.29, 2.73, 5.65, 0.0, 0.72, 2.1, 6.11, 9.27, 5.27, 1.73, 4.7, 1.23, 7.48, 5.19, 2.69], [0.87, 4.04, 0.57, 2.56, 7.74, 2.37, 1.83, 12.76, 8.61, 3.16, 5.84, 1.66, 9.71, 11.17, 4.46, 3.71, 11.87, 6.32, 8.76, 5.91, 7.75, 4.0, 2.41, 8.11, 6.19, 2.89, 5.79, 0.81, 1.22, 0.99, 5.38, 9.04, 6.79, 4.26, 8.66, 1.55, 6.28, 5.93, 2.27, 3.87, 1.81, 9.75, 7.68, 8.46, 6.83, 3.66, 6.09, 10.37, 2.41, 2.0, 7.47, 1.2, 1.75, 5.87, 1.41, 7.6, 3.44, 0.92, 6.57, 0.8, 8.3, 9.65, 2.65, 7.74, 8.86, 1.44, 3.94, 6.66, 2.12, 5.04, 1.9, 8.47, 1.06, 11.78, 3.59, 8.29, 3.34, 4.05, 6.9, 0.77, 2.17, 1.48, 3.93, 3.16, 0.92, 7.24, 9.9, 7.55, 2.29, 0.0, 3.3, 6.99, 3.48, 9.26, 4.99, 8.04, 1.87, 5.82, 4.05, 6.6], [3.22, 0.54, 5.76, 4.05, 3.38, 3.86, 7.6, 3.45, 1.89, 1.15, 3.11, 4.54, 7.71, 2.24, 3.37, 4.45, 9.04, 0.0, 4.53, 3.32, 3.64, 3.11, 3.73, 12.69, 11.52, 5.6, 11.46, 1.35, 0.0, 1.77, 4.19, 2.99, 8.86, 1.38, 5.04, 0.45, 7.58, 2.44, 0.6, 0.5, 10.07, 7.23, 8.62, 12.48, 0.86, 1.64, 6.06, 8.4, 13.61, 5.71, 12.12, 1.25, 2.01, 7.51, 4.1, 4.3, 14.69, 2.95, 2.45, 2.16, 12.8, 2.76, 5.9, 10.42, 5.78, 4.45, 4.13, 11.25, 9.19, 3.05, 6.19, 2.52, 12.37, 4.32, 10.87, 11.44, 8.72, 6.21, 12.1, 1.6, 9.01, 9.75, 0.95, 1.19, 3.85, 1.17, 2.79, 9.54, 1.43, 3.43, 0.0, 10.96, 3.52, 0.95, 7.86, 6.3, 2.01, 0.28, 10.32, 9.43], [4.52, 9.27, 2.26, 4.48, 11.07, 2.33, 13.46, 4.51, 9.58, 18.0, 0.67, 3.48, 8.06, 4.27, 4.93, 4.5, 3.8, 9.51, 13.29, 8.64, 20.43, 8.04, 6.26, 14.74, 5.36, 9.99, 10.3, 4.54, 13.49, 5.49, 11.14, 7.47, 0.83, 2.26, 1.43, 10.39, 1.64, 1.32, 3.42, 7.54, 4.12, 10.99, 3.66, 0.8, 7.04, 15.34, 3.83, 0.89, 8.59, 4.19, 1.9, 3.91, 11.03, 6.25, 1.36, 6.79, 3.66, 7.65, 9.61, 1.44, 5.94, 0.6, 10.77, 1.51, 6.09, 1.98, 2.55, 0.99, 3.49, 4.66, 3.22, 10.8, 4.94, 11.57, 2.36, 3.0, 12.32, 8.52, 9.34, 8.37, 12.36, 2.45, 4.04, 6.01, 5.6, 1.7, 2.51, 6.47, 1.94, 2.82, 11.7, 0.0, 13.18, 12.95, 8.71, 2.28, 13.55, 12.0, 7.61, 1.59], [5.96, 1.18, 1.71, 10.68, 2.02, 4.61, 12.28, 2.75, 4.34, 5.84, 11.49, 1.53, 4.42, 5.06, 4.8, 10.55, 1.11, 3.64, 1.55, 3.53, 2.61, 3.98, 5.67, 4.29, 10.31, 9.65, 9.46, 2.37, 0.66, 1.61, 4.55, 4.14, 7.44, 3.36, 8.42, 1.56, 1.38, 3.84, 3.84, 3.45, 11.98, 2.28, 11.69, 11.83, 2.64, 1.05, 1.64, 3.97, 7.71, 3.05, 11.47, 3.75, 0.31, 5.34, 9.85, 2.38, 9.05, 4.92, 13.87, 1.52, 7.69, 7.75, 8.64, 2.22, 11.57, 5.33, 2.51, 4.25, 6.6, 4.54, 5.76, 3.09, 8.99, 4.43, 3.37, 8.43, 2.67, 11.79, 5.89, 3.98, 5.34, 10.34, 0.66, 1.38, 6.15, 0.54, 4.39, 6.07, 9.62, 2.52, 1.94, 1.7, 0.0, 1.54, 4.6, 13.9, 1.07, 3.03, 6.18, 13.68], [1.41, 3.68, 5.61, 2.33, 3.06, 2.63, 3.93, 3.83, 4.68, 6.05, 9.19, 12.53, 1.14, 6.63, 2.92, 2.38, 7.93, 3.87, 1.47, 9.06, 2.42, 6.76, 4.51, 3.95, 8.33, 5.27, 16.59, 3.22, 5.72, 5.0, 6.01, 2.21, 11.35, 9.2, 8.58, 2.21, 3.75, 2.86, 4.11, 6.04, 8.63, 3.2, 6.62, 11.94, 4.29, 6.73, 5.61, 7.86, 5.23, 7.11, 12.75, 3.89, 2.69, 5.93, 12.19, 6.89, 12.29, 5.22, 5.3, 8.68, 6.5, 10.01, 13.01, 3.14, 13.98, 11.71, 4.9, 14.93, 9.21, 19.54, 3.15, 0.86, 11.86, 7.21, 6.57, 9.49, 2.49, 13.9, 12.97, 5.51, 1.74, 12.19, 2.16, 6.15, 10.9, 1.68, 4.57, 7.39, 7.06, 6.53, 6.06, 12.72, 0.26, 0.0, 6.38, 6.46, 1.36, 2.7, 11.21, 10.68], [2.12, 5.88, 2.76, 8.4, 2.16, 1.95, 2.82, 3.97, 1.32, 5.08, 10.68, 3.64, 1.91, 0.96, 2.96, 1.78, 3.46, 1.5, 3.27, 12.47, 12.33, 4.56, 0.98, 6.6, 13.43, 4.79, 13.98, 2.89, 7.16, 0.53, 0.69, 4.11, 8.95, 1.42, 3.53, 5.15, 1.35, 3.09, 1.39, 2.0, 4.98, 1.79, 1.95, 4.73, 6.17, 6.65, 0.88, 4.69, 10.16, 1.29, 14.24, 4.48, 1.78, 0.82, 6.46, 0.47, 1.31, 4.08, 10.8, 7.54, 2.59, 12.07, 8.53, 1.24, 3.19, 3.68, 3.6, 2.69, 7.12, 11.15, 0.7, 3.75, 8.14, 3.74, 2.63, 1.87, 2.18, 12.01, 9.22, 3.85, 2.97, 4.28, 7.07, 4.71, 1.28, 5.31, 1.79, 1.56, 3.4, 2.15, 7.28, 9.13, 3.0, 6.45, 0.0, 6.93, 4.82, 4.62, 8.59, 5.53], [4.32, 4.6, 9.33, 6.49, 9.57, 2.71, 3.17, 4.0, 14.52, 7.6, 1.73, 4.85, 14.59, 6.71, 8.15, 5.79, 9.96, 14.62, 8.19, 23.92, 15.88, 11.17, 1.93, 11.21, 4.26, 12.42, 6.9, 9.4, 14.65, 9.41, 12.6, 3.77, 1.26, 18.61, 0.81, 3.35, 14.21, 3.15, 11.12, 4.08, 1.91, 5.32, 2.45, 2.79, 14.27, 22.11, 2.79, 0.77, 2.27, 4.46, 8.36, 6.46, 13.38, 5.82, 2.84, 4.14, 2.27, 8.65, 7.16, 10.47, 4.67, 1.29, 4.28, 2.93, 2.23, 2.24, 4.03, 8.29, 2.63, 4.77, 12.57, 4.03, 7.91, 3.8, 15.41, 2.72, 12.43, 4.47, 3.41, 8.28, 7.3, 5.41, 5.9, 3.86, 4.85, 16.25, 9.01, 1.11, 2.28, 7.91, 14.31, 1.36, 14.82, 15.35, 10.8, 0.0, 3.43, 17.5, 6.54, 1.62], [1.07, 0.62, 2.37, 3.69, 1.9, 2.58, 8.5, 7.15, 1.87, 1.9, 4.93, 3.05, 10.97, 8.31, 7.72, 1.61, 3.98, 1.03, 4.27, 1.87, 6.44, 1.65, 4.6, 5.54, 4.98, 5.59, 6.33, 6.45, 1.65, 1.08, 7.51, 5.62, 9.42, 5.45, 12.52, 1.53, 1.72, 2.76, 3.08, 3.43, 8.53, 1.25, 3.95, 11.45, 1.06, 6.03, 1.69, 14.72, 3.03, 3.44, 11.88, 8.15, 0.6, 4.83, 3.42, 3.63, 11.75, 2.9, 9.7, 1.61, 8.82, 10.88, 4.05, 3.55, 14.87, 3.06, 3.29, 5.91, 2.1, 8.22, 2.72, 0.76, 8.3, 5.42, 7.54, 7.99, 5.53, 3.44, 3.23, 3.01, 8.94, 1.98, 1.18, 1.57, 7.24, 2.01, 1.49, 4.91, 0.87, 4.11, 1.49, 12.51, 0.34, 2.94, 5.21, 6.8, 0.0, 0.74, 7.72, 10.61], [5.33, 0.73, 4.03, 3.04, 3.56, 7.06, 14.98, 10.87, 2.64, 3.14, 14.57, 1.61, 11.45, 10.15, 1.56, 9.55, 4.42, 1.39, 3.56, 4.11, 2.91, 3.7, 2.15, 3.37, 12.84, 4.09, 8.6, 1.01, 1.24, 3.95, 3.56, 4.12, 5.42, 2.55, 14.17, 1.5, 4.07, 5.06, 4.74, 1.26, 6.33, 6.63, 11.71, 10.51, 0.76, 5.72, 4.87, 10.73, 7.38, 10.29, 7.2, 4.82, 1.85, 1.23, 4.51, 6.56, 3.01, 5.09, 6.83, 6.87, 10.99, 4.01, 4.68, 1.78, 2.72, 6.41, 4.82, 3.94, 8.09, 3.4, 8.75, 4.28, 11.14, 9.9, 5.02, 8.37, 6.6, 6.94, 4.05, 1.08, 3.69, 10.0, 2.29, 1.72, 6.62, 1.74, 8.2, 2.19, 3.41, 5.78, 1.25, 11.93, 0.81, 5.05, 2.85, 7.83, 0.3, 0.0, 9.68, 4.06], [6.62, 9.57, 3.02, 1.01, 10.72, 9.49, 1.03, 10.55, 12.23, 13.25, 7.46, 6.67, 13.11, 15.8, 5.8, 3.77, 8.69, 5.01, 2.61, 14.98, 3.52, 14.22, 4.7, 15.68, 0.28, 1.67, 2.26, 3.41, 2.99, 9.59, 12.85, 10.58, 8.41, 3.77, 4.07, 6.38, 5.16, 5.86, 3.42, 10.82, 2.18, 6.12, 1.94, 5.89, 6.53, 16.4, 5.59, 8.33, 2.03, 11.11, 1.0, 0.53, 1.84, 5.72, 1.78, 3.45, 11.46, 4.78, 4.9, 0.8, 12.4, 1.28, 4.25, 7.83, 1.17, 2.4, 14.06, 0.51, 2.21, 2.58, 2.65, 2.11, 1.61, 10.06, 5.21, 1.82, 13.22, 5.02, 0.82, 3.36, 6.02, 5.77, 8.01, 2.34, 2.51, 11.41, 8.83, 5.61, 4.73, 5.71, 11.69, 8.81, 7.23, 10.27, 2.64, 9.31, 1.8, 5.7, 0.0, 2.74], [3.79, 11.62, 1.03, 3.94, 15.76, 4.02, 5.19, 14.16, 18.17, 7.7, 6.54, 4.41, 15.5, 3.27, 3.67, 5.31, 7.5, 11.96, 3.56, 5.76, 7.46, 9.78, 7.62, 9.03, 2.05, 7.02, 2.64, 1.85, 1.71, 12.85, 3.4, 8.81, 0.86, 3.47, 1.53, 8.63, 15.06, 7.48, 3.41, 1.86, 0.89, 15.16, 3.32, 6.87, 13.75, 4.67, 9.41, 2.9, 3.54, 12.94, 2.0, 6.28, 5.0, 5.17, 8.98, 5.66, 7.76, 3.4, 9.47, 3.61, 3.44, 3.12, 3.03, 17.61, 4.96, 1.32, 12.29, 2.67, 4.13, 0.49, 13.88, 19.54, 4.47, 1.94, 3.53, 9.95, 2.57, 2.57, 0.57, 4.8, 11.29, 6.9, 15.92, 2.87, 4.53, 10.18, 10.79, 1.63, 6.74, 3.49, 9.23, 6.17, 7.03, 7.7, 11.36, 1.47, 9.07, 8.6, 1.34, 0.0]]
vans = [10, 10, 7, 6]

