J = [0, 1, 2, 3]
K = [4, 5]
L = [6, 7, 8, 9]
I = [0, 1, 2, 3, 4, 5, 6, 7, 8, 9]
N = [0, 1, 2, 3, 4, 5, 6, 7, 8, 9, 10, 11, 12, 13, 14, 15, 16, 17, 18, 19, 20, 21, 22, 23, 24, 25, 26, 27, 28, 29, 30, 31, 32, 33, 34, 35, 36, 37, 38, 39, 40, 41, 42, 43, 44, 45, 46, 47, 48, 49]
demand = [1087, 1171, 663, 584, 926, 1044, 920, 575, 1096, 480, 911, 451, 455, 409, 600, 981, 742, 769, 474, 1162, 598, 1136, 756, 582, 636, 426, 1098, 1095, 771, 460, 908, 532, 871, 900, 990, 998, 888, 528, 659, 503, 631, 480, 943, 607, 879, 1193, 545, 833, 1076, 785]
hub = [3, 0, 0, 2, 3, 2, 1, 0, 0, 2, 2, 1, 1, 1, 3, 3, 1, 1, 3, 2, 2, 3, 1, 3, 3, 1, 3, 3, 3, 3, 3, 3, 3, 3, 1, 0, 3, 0, 0, 1, 0, 2, 1, 2, 2, 0, 0, 0, 0, 2]
release = [33, 21, 28, 46, 19, 14, 46, 5, 5, 1, 47, 26, 20, 20, 27, 48, 41, 6, 37, 39, 47, 37, 38, 2, 27, 35, 10, 1, 43, 4, 29, 31, 27, 36, 43, 37, 20, 38, 32, 21, 16, 22, 5, 4, 27, 24, 41, 6, 17, 21]
Nj = [[1, 2, 7, 8, 35, 37, 38, 40, 45, 46, 47, 48], [6, 11, 12, 13, 16, 17, 22, 25, 34, 39, 42], [3, 5, 9, 10, 19, 20, 41, 43, 44, 49], [0, 4, 14, 15, 18, 21, 23, 24, 26, 27, 28, 29, 30, 31, 32, 33, 36]]
Gj = [[0, 1, 2, 3, 4, 5, 6, 7, 8, 9, 10, 11], [12, 13, 14, 15, 16, 17, 18, 19, 20, 21, 22], [23, 24, 25, 26, 27, 28, 29, 30, 31, 32], [33, 34, 35, 36, 37, 38, 39, 40, 41, 42, 43, 44, 45, 46, 47, 48, 49]]
G = [0, 1, 2, 3, 4, 5, 6, 7, 8, 9, 10, 11, 12, 13, 14, 15, 16, 17, 18, 19, 20, 21, 22, 23, 24, 25, 26, 27, 28, 29, 30, 31, 32, 33, 34, 35, 36, 37, 38, 39, 40, 41, 42, 43, 44, 45, 46, 47, 48, 49]
deadline = [216, 216, 192, 192, 240, 168, 216, 240, 216, 240, 168, 216, 216, 240, 216, 192, 192, 240, 168, 192, 168, 192, 168, 240, 240, 216, 168, 192, 216, 240, 240, 240, 168, 168, 192, 240, 216, 240, 168, 168, 168, 240, 240, 216, 192, 240, 216, 168, 168, 216]
weight = [20, 100, 100, 60, 80, 20, 60, 30, 20, 10, 90, 60, 40, 60, 30, 60, 10, 10, 30, 90, 40, 60, 70, 20, 20, 70, 80, 40, 60, 90, 100, 40, 60, 60, 40, 100, 60, 100, 40, 50, 40, 40, 90, 80, 30, 30, 40, 100, 90, 80]
q = 2000
M = [0, 1, 2]
M_description = ['Road', 'Rail', 'Ship']
accessibility = [[1, 0, 1], [1, 0, 0], [1, 0, 0], [1, 1, 1], [1, 1, 1], [1, 1, 1], [1, 0, 0], [1, 0, 0], [1, 1, 1], [1, 0, 1]]
S = [0, 1, 2, 3, 4, 5, 6, 7, 8, 9, 10, 11, 12, 13, 14, 15, 16, 17, 18, 19, 20, 21, 22, 23, 24, 25, 26, 27, 28, 29, 30, 31, 32, 33, 34, 35, 36, 37, 38, 39, 40, 41, 42, 43, 44, 45, 46, 47, 48, 49, 50, 51, 52, 53, 54, 55, 56, 57, 58, 59, 60, 61, 62, 63, 64, 65, 66, 67, 68, 69, 70, 71, 72, 73, 74, 75, 76, 77, 78, 79, 80, 81, 82, 83, 84, 85, 86, 87, 88, 89, 90, 91, 92, 93, 94, 95, 96, 97, 98, 99, 100, 101, 102, 103, 104, 105, 106, 107, 108, 109, 110, 111, 112, 113, 114, 115, 116, 117, 118, 119, 120, 121, 122, 123, 124, 125, 126, 127, 128, 129, 130, 131, 132, 133, 134, 135, 136, 137, 138, 139, 140, 141, 142, 143, 144, 145, 146, 147, 148, 149, 150, 151, 152, 153, 154, 155, 156, 157, 158, 159, 160, 161, 162, 163, 164, 165, 166, 167, 168, 169, 170, 171, 172, 173, 174, 175, 176, 177, 178, 179, 180, 181, 182, 183, 184, 185, 186, 187, 188, 189, 190, 191, 192, 193, 194, 195, 196, 197, 198, 199, 200, 201, 202, 203, 204, 205, 206, 207, 208, 209, 210, 211, 212, 213, 214, 215, 216, 217, 218, 219, 220, 221, 222, 223, 224, 225, 226, 227, 228, 229, 230, 231, 232, 233, 234, 235, 236, 237, 238, 239, 240, 241, 242, 243, 244, 245, 246, 247, 248, 249, 250, 251, 252, 253, 254, 255, 256, 257, 258, 259, 260, 261, 262, 263, 264, 265, 266, 267, 268, 269, 270, 271, 272, 273, 274, 275, 276, 277, 278, 279, 280, 281, 282, 283, 284, 285, 286, 287, 288, 289, 290, 291, 292, 293, 294, 295, 296, 297, 298, 299, 300, 301, 302]
origin = [0, 0, 0, 0, 0, 0, 0, 0, 0, 0, 0, 0, 0, 0, 0, 0, 0, 0, 0, 0, 0, 0, 0, 0, 0, 0, 0, 0, 0, 0, 0, 0, 0, 0, 0, 0, 1, 1, 1, 1, 1, 1, 1, 1, 1, 1, 1, 1, 1, 1, 1, 1, 1, 1, 1, 1, 1, 1, 1, 1, 1, 1, 1, 1, 1, 1, 1, 1, 1, 1, 1, 1, 2, 2, 2, 2, 2, 2, 2, 2, 2, 2, 2, 2, 2, 2, 2, 2, 2, 2, 2, 2, 2, 2, 2, 2, 2, 2, 2, 2, 2, 2, 2, 2, 2, 2, 2, 2, 3, 3, 3, 3, 3, 3, 3, 3, 3, 3, 3, 3, 3, 3, 3, 3, 3, 3, 3, 3, 3, 3, 3, 3, 3, 3, 3, 3, 3, 3, 3, 3, 3, 3, 3, 3, 4, 4, 4, 4, 4, 4, 4, 4, 4, 4, 4, 4, 4, 4, 4, 4, 4, 4, 4, 4, 4, 4, 4, 4, 4, 4, 4, 4, 4, 4, 4, 4, 4, 4, 4, 4, 5, 5, 5, 5, 5, 5, 5, 5, 5, 5, 5, 5, 5, 5, 5, 5, 5, 5, 5, 5, 5, 5, 5, 5, 5, 5, 5, 5, 5, 5, 5, 5, 5, 5, 5, 5, 3, 3, 3, 3, 3, 3, 3, 3, 3, 4, 4, 4, 4, 4, 4, 4, 4, 4, 5, 5, 5, 5, 5, 5, 5, 5, 5, 0, 0, 0, 0, 0, 0, 0, 0, 0, 0, 0, 0, 0, 0, 0, 3, 3, 3, 3, 3, 3, 3, 3, 3, 3, 3, 3, 3, 3, 3, 4, 4, 4, 4, 4, 4, 4, 4, 4, 4, 4, 4, 4, 4, 4, 5, 5, 5, 5, 5, 5, 5, 5, 5, 5, 5, 5, 5, 5, 5]
destination = [1, 1, 1, 1, 2, 2, 2, 2, 3, 3, 3, 3, 4, 4, 4, 4, 5, 5, 5, 5, 6, 6, 6, 6, 7, 7, 7, 7, 8, 8, 8, 8, 9, 9, 9, 9, 0, 0, 0, 0, 2, 2, 2, 2, 3, 3, 3, 3, 4, 4, 4, 4, 5, 5, 5, 5, 6, 6, 6, 6, 7, 7, 7, 7, 8, 8, 8, 8, 9, 9, 9, 9, 0, 0, 0, 0, 1, 1, 1, 1, 3, 3, 3, 3, 4, 4, 4, 4, 5, 5, 5, 5, 6, 6, 6, 6, 7, 7, 7, 7, 8, 8, 8, 8, 9, 9, 9, 9, 0, 0, 0, 0, 1, 1, 1, 1, 2, 2, 2, 2, 4, 4, 4, 4, 5, 5, 5, 5, 6, 6, 6, 6, 7, 7, 7, 7, 8, 8, 8, 8, 9, 9, 9, 9, 0, 0, 0, 0, 1, 1, 1, 1, 2, 2, 2, 2, 3, 3, 3, 3, 5, 5, 5, 5, 6, 6, 6, 6, 7, 7, 7, 7, 8, 8, 8, 8, 9, 9, 9, 9, 0, 0, 0, 0, 1, 1, 1, 1, 2, 2, 2, 2, 3, 3, 3, 3, 4, 4, 4, 4, 6, 6, 6, 6, 7, 7, 7, 7, 8, 8, 8, 8, 9, 9, 9, 9, 4, 4, 4, 5, 5, 5, 8, 8, 8, 3, 3, 3, 5, 5, 5, 8, 8, 8, 3, 3, 3, 4, 4, 4, 8, 8, 8, 3, 3, 3, 4, 4, 4, 5, 5, 5, 8, 8, 8, 9, 9, 9, 0, 0, 0, 4, 4, 4, 5, 5, 5, 8, 8, 8, 9, 9, 9, 0, 0, 0, 3, 3, 3, 5, 5, 5, 8, 8, 8, 9, 9, 9, 0, 0, 0, 3, 3, 3, 4, 4, 4, 8, 8, 8, 9, 9, 9]
departure = [8, 56, 104, 152, 8, 56, 104, 152, 8, 56, 104, 152, 8, 56, 104, 152, 8, 56, 104, 152, 8, 56, 104, 152, 8, 56, 104, 152, 8, 56, 104, 152, 8, 56, 104, 152, 8, 56, 104, 152, 8, 56, 104, 152, 8, 56, 104, 152, 8, 56, 104, 152, 8, 56, 104, 152, 8, 56, 104, 152, 8, 56, 104, 152, 8, 56, 104, 152, 8, 56, 104, 152, 8, 56, 104, 152, 8, 56, 104, 152, 8, 56, 104, 152, 8, 56, 104, 152, 8, 56, 104, 152, 8, 56, 104, 152, 8, 56, 104, 152, 8, 56, 104, 152, 8, 56, 104, 152, 8, 56, 104, 152, 8, 56, 104, 152, 8, 56, 104, 152, 8, 56, 104, 152, 8, 56, 104, 152, 8, 56, 104, 152, 8, 56, 104, 152, 8, 56, 104, 152, 8, 56, 104, 152, 12, 60, 108, 156, 12, 60, 108, 156, 12, 60, 108, 156, 12, 60, 108, 156, 12, 60, 108, 156, 12, 60, 108, 156, 12, 60, 108, 156, 12, 60, 108, 156, 12, 60, 108, 156, 12, 60, 108, 156, 12, 60, 108, 156, 12, 60, 108, 156, 12, 60, 108, 156, 12, 60, 108, 156, 12, 60, 108, 156, 12, 60, 108, 156, 12, 60, 108, 156, 12, 60, 108, 156, 33, 81, 129, 33, 81, 129, 33, 81, 129, 37, 85, 133, 37, 85, 133, 37, 85, 133, 37, 85, 133, 37, 85, 133, 37, 85, 133, 10, 58, 106, 10, 58, 106, 10, 58, 106, 10, 58, 106, 10, 58, 106, 10, 58, 106, 10, 58, 106, 10, 58, 106, 10, 58, 106, 10, 58, 106, 13, 61, 109, 13, 61, 109, 13, 61, 109, 13, 61, 109, 13, 61, 109, 13, 61, 109, 13, 61, 109, 13, 61, 109, 13, 61, 109, 13, 61, 109]
arrival = [28, 76, 196, 220, 100, 100, 172, 244, 76, 100, 196, 172, 108, 156, 204, 204, 84, 108, 204, 204, 112, 184, 184, 280, 112, 136, 208, 304, 160, 184, 184, 304, 88, 136, 208, 232, 28, 148, 148, 172, 52, 148, 172, 196, 28, 124, 148, 196, 84, 108, 204, 252, 60, 108, 156, 228, 112, 136, 184, 256, 112, 208, 232, 232, 112, 136, 256, 280, 112, 160, 184, 280, 52, 76, 172, 196, 52, 124, 148, 196, 100, 124, 196, 244, 60, 132, 180, 204, 60, 132, 180, 252, 88, 136, 232, 256, 136, 160, 184, 280, 88, 160, 184, 256, 136, 184, 256, 304, 28, 148, 148, 220, 52, 76, 148, 172, 76, 148, 148, 196, 84, 132, 156, 204, 84, 132, 156, 204, 160, 160, 208, 280, 136, 184, 184, 232, 112, 136, 232, 256, 136, 160, 232, 232, 32, 104, 152, 248, 104, 104, 128, 248, 32, 128, 200, 224, 56, 104, 128, 224, 88, 160, 160, 208, 116, 188, 188, 260, 140, 140, 188, 308, 116, 140, 212, 236, 164, 140, 188, 308, 32, 80, 128, 224, 56, 152, 176, 224, 80, 152, 152, 176, 56, 152, 176, 176, 64, 136, 208, 256, 140, 188, 188, 284, 164, 188, 212, 260, 140, 164, 260, 236, 140, 188, 236, 260, 110, 182, 182, 134, 182, 206, 138, 234, 210, 58, 178, 178, 90, 138, 234, 118, 214, 238, 130, 154, 226, 90, 186, 234, 166, 190, 286, 32, 152, 200, 112, 112, 208, 88, 136, 160, 140, 164, 188, 164, 188, 260, 56, 80, 128, 112, 136, 184, 64, 160, 184, 140, 140, 188, 92, 188, 236, 82, 82, 202, 34, 106, 202, 66, 114, 162, 166, 166, 190, 94, 214, 262, 58, 106, 178, 82, 130, 202, 90, 138, 186, 94, 190, 214, 118, 214, 238]
Q = [2, 4, 2, 4, 4, 4, 2, 2, 2, 2, 4, 4, 2, 2, 4, 4, 2, 4, 2, 4, 2, 2, 4, 4, 2, 4, 2, 2, 2, 2, 2, 4, 2, 4, 4, 4, 2, 2, 2, 2, 4, 4, 2, 4, 4, 4, 2, 4, 4, 4, 4, 2, 4, 4, 4, 2, 4, 2, 4, 2, 2, 4, 4, 4, 4, 4, 4, 2, 2, 4, 4, 2, 4, 4, 2, 4, 4, 4, 4, 2, 2, 2, 2, 4, 4, 4, 4, 2, 2, 4, 2, 4, 2, 4, 4, 2, 2, 2, 4, 4, 2, 4, 2, 4, 4, 4, 4, 2, 4, 4, 4, 4, 2, 4, 4, 2, 4, 4, 2, 2, 4, 2, 2, 4, 2, 4, 4, 4, 4, 2, 4, 2, 2, 4, 2, 4, 2, 4, 4, 2, 2, 2, 4, 2, 2, 2, 2, 4, 4, 4, 4, 2, 2, 2, 4, 2, 4, 2, 4, 4, 4, 2, 2, 4, 4, 4, 4, 2, 2, 4, 2, 4, 2, 4, 4, 2, 2, 2, 2, 2, 4, 4, 4, 4, 4, 2, 2, 2, 2, 4, 2, 2, 2, 2, 2, 2, 2, 2, 4, 2, 2, 2, 4, 4, 4, 4, 4, 4, 4, 2, 2, 4, 4, 2, 2, 2, 6, 6, 6, 6, 6, 6, 6, 3, 6, 3, 6, 6, 6, 6, 6, 6, 6, 6, 3, 3, 3, 6, 3, 6, 3, 6, 3, 10, 10, 5, 10, 10, 5, 5, 5, 5, 10, 10, 10, 10, 5, 10, 5, 5, 10, 10, 10, 10, 5, 10, 5, 5, 5, 10, 10, 5, 5, 5, 5, 10, 5, 10, 5, 5, 10, 10, 5, 5, 5, 5, 5, 5, 5, 10, 10, 10, 10, 10, 5, 10, 10, 10, 5, 5, 10, 5, 5]
cfixed = [254, 205, 262, 239, 291, 200, 299, 224, 248, 202, 292, 275, 286, 290, 296, 274, 246, 256, 218, 294, 295, 294, 249, 220, 230, 240, 204, 206, 247, 281, 287, 232, 223, 229, 221, 266, 220, 272, 235, 293, 222, 281, 292, 230, 248, 297, 289, 261, 257, 246, 294, 292, 292, 288, 267, 234, 252, 299, 274, 202, 294, 274, 253, 224, 299, 221, 217, 236, 247, 200, 221, 213, 262, 262, 286, 245, 280, 269, 258, 287, 230, 272, 264, 275, 264, 292, 292, 252, 285, 251, 271, 271, 292, 265, 252, 285, 277, 248, 290, 257, 241, 286, 291, 257, 271, 234, 289, 263, 287, 210, 267, 287, 225, 202, 268, 280, 256, 224, 216, 215, 201, 270, 286, 228, 218, 232, 216, 210, 265, 210, 249, 208, 264, 259, 289, 208, 237, 209, 286, 251, 240, 278, 202, 271, 217, 260, 271, 255, 249, 202, 261, 203, 229, 297, 219, 260, 277, 257, 235, 209, 211, 270, 204, 284, 228, 258, 252, 299, 255, 279, 298, 240, 217, 279, 212, 282, 252, 246, 256, 224, 282, 217, 273, 250, 220, 255, 246, 244, 217, 258, 242, 215, 247, 279, 289, 206, 275, 218, 240, 252, 268, 296, 242, 297, 202, 255, 284, 222, 292, 206, 259, 289, 287, 210, 248, 289, 328, 431, 423, 419, 367, 409, 473, 397, 448, 487, 361, 356, 301, 443, 450, 436, 304, 350, 459, 425, 462, 479, 449, 404, 318, 482, 468, 650, 517, 582, 650, 522, 624, 558, 696, 505, 644, 597, 546, 635, 530, 581, 543, 598, 563, 661, 662, 613, 675, 523, 522, 610, 671, 662, 700, 675, 619, 668, 621, 672, 564, 697, 651, 561, 519, 532, 515, 688, 693, 650, 696, 551, 584, 557, 580, 524, 614, 644, 594, 574, 526, 513, 625, 585, 641, 550, 619]
ctravel = [20, 20, 92, 68, 92, 44, 68, 92, 68, 44, 92, 20, 100, 100, 100, 52, 76, 52, 100, 52, 104, 128, 80, 128, 104, 80, 104, 152, 152, 128, 80, 152, 80, 80, 104, 80, 20, 92, 44, 20, 44, 92, 68, 44, 20, 68, 44, 44, 76, 52, 100, 100, 52, 52, 52, 76, 104, 80, 80, 104, 104, 152, 128, 80, 104, 80, 152, 128, 104, 104, 80, 128, 44, 20, 68, 44, 44, 68, 44, 44, 92, 68, 92, 92, 52, 76, 76, 52, 52, 76, 76, 100, 80, 80, 128, 104, 128, 104, 80, 128, 80, 104, 80, 104, 128, 128, 152, 152, 20, 92, 44, 68, 44, 20, 44, 20, 68, 92, 44, 44, 76, 76, 52, 52, 76, 76, 52, 52, 152, 104, 104, 128, 128, 128, 80, 80, 104, 80, 128, 104, 128, 104, 128, 80, 20, 44, 44, 92, 92, 44, 20, 92, 20, 68, 92, 68, 44, 44, 20, 68, 76, 100, 52, 52, 104, 128, 80, 104, 128, 80, 80, 152, 104, 80, 104, 80, 152, 80, 80, 152, 20, 20, 20, 68, 44, 92, 68, 68, 68, 92, 44, 20, 44, 92, 68, 20, 52, 76, 100, 100, 128, 128, 80, 128, 152, 128, 104, 104, 128, 104, 152, 80, 128, 128, 128, 104, 61.6, 80.80000000000001, 42.400000000000006, 80.80000000000001, 80.80000000000001, 61.6, 84.0, 122.4, 64.8, 16.8, 74.4, 36.0, 42.400000000000006, 42.400000000000006, 80.80000000000001, 64.8, 103.2, 84.0, 74.4, 55.2, 74.4, 42.400000000000006, 80.80000000000001, 80.80000000000001, 103.2, 84.0, 122.4, 13.2, 56.4, 56.4, 61.199999999999996, 32.4, 61.199999999999996, 46.8, 46.8, 32.4, 78.0, 63.599999999999994, 49.199999999999996, 92.39999999999999, 78.0, 92.39999999999999, 27.599999999999998, 13.2, 13.2, 61.199999999999996, 46.8, 46.8, 32.4, 61.199999999999996, 46.8, 78.0, 49.199999999999996, 49.199999999999996, 49.199999999999996, 78.0, 78.0, 41.4, 12.6, 55.8, 12.6, 27.0, 55.8, 31.799999999999997, 31.799999999999997, 31.799999999999997, 91.8, 63.0, 48.6, 48.6, 91.8, 91.8, 27.0, 27.0, 41.4, 41.4, 41.4, 55.8, 46.199999999999996, 46.199999999999996, 46.199999999999996, 48.6, 77.39999999999999, 63.0, 63.0, 91.8, 77.39999999999999]
mode = [0, 0, 0, 0, 0, 0, 0, 0, 0, 0, 0, 0, 0, 0, 0, 0, 0, 0, 0, 0, 0, 0, 0, 0, 0, 0, 0, 0, 0, 0, 0, 0, 0, 0, 0, 0, 0, 0, 0, 0, 0, 0, 0, 0, 0, 0, 0, 0, 0, 0, 0, 0, 0, 0, 0, 0, 0, 0, 0, 0, 0, 0, 0, 0, 0, 0, 0, 0, 0, 0, 0, 0, 0, 0, 0, 0, 0, 0, 0, 0, 0, 0, 0, 0, 0, 0, 0, 0, 0, 0, 0, 0, 0, 0, 0, 0, 0, 0, 0, 0, 0, 0, 0, 0, 0, 0, 0, 0, 0, 0, 0, 0, 0, 0, 0, 0, 0, 0, 0, 0, 0, 0, 0, 0, 0, 0, 0, 0, 0, 0, 0, 0, 0, 0, 0, 0, 0, 0, 0, 0, 0, 0, 0, 0, 0, 0, 0, 0, 0, 0, 0, 0, 0, 0, 0, 0, 0, 0, 0, 0, 0, 0, 0, 0, 0, 0, 0, 0, 0, 0, 0, 0, 0, 0, 0, 0, 0, 0, 0, 0, 0, 0, 0, 0, 0, 0, 0, 0, 0, 0, 0, 0, 0, 0, 0, 0, 0, 0, 0, 0, 0, 0, 0, 0, 0, 0, 0, 0, 0, 0, 0, 0, 0, 0, 0, 0, 1, 1, 1, 1, 1, 1, 1, 1, 1, 1, 1, 1, 1, 1, 1, 1, 1, 1, 1, 1, 1, 1, 1, 1, 1, 1, 1, 2, 2, 2, 2, 2, 2, 2, 2, 2, 2, 2, 2, 2, 2, 2, 2, 2, 2, 2, 2, 2, 2, 2, 2, 2, 2, 2, 2, 2, 2, 2, 2, 2, 2, 2, 2, 2, 2, 2, 2, 2, 2, 2, 2, 2, 2, 2, 2, 2, 2, 2, 2, 2, 2, 2, 2, 2, 2, 2, 2]
delivery_process = ['Cross-Docking', 'Direct-Shipment', 'Direct-Shipment', 'Cross-Docking']
distance_ln = [[5.85, 7.45, 7.08, 1.8, 1.19, 1.3, 4.72, 5.97, 6.12, 0.92, 5.94, 3.21, 13.77, 5.74, 4.38, 4.8, 2.48, 5.54, 9.98, 1.9, 2.79, 2.22, 3.96, 1.07, 7.65, 3.87, 6.69, 5.55, 6.67, 14.57, 11.55, 16.9, 7.91, 8.02, 3.09, 1.92, 3.42, 2.32, 7.78, 7.11, 5.56, 10.06, 5.85, 11.12, 3.57, 5.71, 4.27, 1.35, 3.24, 5.19], [1.23, 6.15, 1.2, 12.43, 7.37, 1.31, 3.73, 3.85, 12.92, 3.94, 1.83, 4.75, 10.68, 5.06, 2.73, 0.43, 7.57, 2.69, 2.7, 18.74, 7.63, 9.02, 11.66, 3.32, 5.35, 17.21, 11.61, 2.37, 2.5, 8.17, 5.09, 5.43, 9.6, 1.25, 5.07, 4.45, 5.84, 2.59, 8.04, 12.02, 3.01, 10.94, 6.65, 19.9, 5.44, 18.13, 1.02, 8.75, 7.92, 2.7], [4.89, 7.73, 1.68, 2.39, 2.5, 12.23, 10.6, 4.89, 6.8, 8.98, 7.14, 0.98, 5.14, 1.9, 3.43, 3.11, 4.27, 12.01, 2.02, 8.05, 3.31, 4.52, 7.46, 4.5, 2.09, 4.23, 4.25, 10.41, 5.89, 1.79, 6.26, 10.08, 1.64, 3.68, 0.69, 4.17, 4.73, 1.53, 8.45, 4.52, 7.77, 0.58, 0.4, 2.6, 6.65, 2.59, 2.23, 3.15, 5.85, 6.47], [3.56, 15.51, 5.42, 16.09, 15.38, 3.09, 8.71, 6.06, 7.66, 2.26, 3.14, 4.89, 11.01, 3.42, 9.31, 2.0, 9.94, 1.01, 7.95, 15.94, 11.54, 8.33, 11.75, 5.35, 4.75, 12.66, 7.29, 2.92, 1.25, 5.14, 4.34, 2.11, 1.69, 7.45, 4.58, 6.8, 11.41, 3.71, 20.16, 13.38, 4.1, 9.52, 4.36, 20.09, 2.51, 16.78, 8.39, 8.66, 9.17, 2.7]]
distance_nn = [[0.0, 10.84, 3.45, 7.3, 3.5, 4.42, 12.71, 5.55, 3.68, 8.82, 1.76, 7.24, 3.82, 1.82, 3.04, 1.89, 9.54, 2.28, 9.71, 13.16, 17.12, 9.4, 1.39, 2.75, 1.84, 12.83, 2.93, 8.75, 2.18, 5.19, 0.0, 0.93, 2.06, 2.08, 3.71, 6.97, 2.05, 2.19, 13.97, 11.69, 3.3, 9.38, 7.12, 10.47, 1.81, 12.72, 4.29, 8.25, 8.72, 6.41], [4.55, 0.0, 16.81, 5.38, 10.31, 2.1, 10.8, 7.63, 2.42, 8.49, 6.49, 2.11, 4.54, 2.79, 6.5, 3.99, 10.91, 3.03, 10.77, 2.34, 6.54, 12.64, 4.04, 3.55, 6.58, 4.95, 1.59, 5.48, 9.04, 7.42, 14.04, 7.76, 2.21, 1.13, 9.14, 14.79, 2.09, 1.39, 0.77, 4.03, 6.21, 7.03, 4.73, 0.82, 6.36, 0.7, 6.44, 1.7, 3.79, 11.79], [1.79, 8.71, 0.0, 14.81, 12.2, 10.77, 9.77, 12.04, 18.29, 10.13, 8.11, 9.66, 0.76, 3.0, 8.53, 5.04, 18.51, 2.03, 5.54, 9.75, 14.64, 22.01, 0.81, 9.95, 3.75, 3.45, 8.75, 9.88, 5.11, 3.53, 3.93, 0.0, 4.63, 5.48, 4.19, 1.51, 13.64, 2.88, 6.56, 6.5, 4.83, 1.83, 4.17, 12.73, 2.87, 11.03, 3.88, 11.19, 12.09, 11.0], [4.25, 1.75, 11.4, 0.0, 3.3, 12.72, 5.28, 2.29, 1.95, 2.59, 4.3, 3.67, 14.64, 10.99, 4.04, 17.26, 1.18, 3.9, 2.38, 3.48, 3.51, 7.25, 4.21, 4.4, 4.32, 11.61, 3.74, 10.59, 9.72, 7.04, 8.81, 5.07, 4.89, 5.28, 5.67, 13.93, 5.15, 5.37, 3.27, 12.02, 5.51, 2.36, 2.12, 12.02, 1.52, 8.91, 2.9, 4.56, 1.73, 12.43], [4.53, 3.76, 2.48, 2.17, 0.0, 8.52, 2.51, 2.85, 8.13, 4.79, 6.37, 13.12, 13.03, 5.21, 1.75, 15.53, 2.06, 10.25, 12.25, 15.27, 2.97, 0.0, 13.54, 6.12, 15.04, 13.56, 2.74, 5.33, 9.33, 19.53, 5.48, 16.17, 14.73, 2.1, 7.71, 9.74, 2.18, 16.84, 12.78, 9.22, 6.33, 14.03, 2.08, 2.82, 2.25, 8.36, 9.44, 1.97, 6.91, 14.63], [2.02, 12.2, 10.71, 1.67, 3.18, 0.0, 2.17, 1.09, 11.0, 5.93, 1.41, 7.11, 1.88, 2.28, 2.3, 3.45, 7.2, 0.98, 3.62, 20.92, 2.8, 6.06, 9.63, 0.78, 4.7, 2.9, 15.1, 1.94, 1.57, 8.14, 7.18, 1.9, 8.16, 5.63, 1.87, 2.48, 5.22, 11.02, 9.57, 18.08, 1.27, 6.69, 3.17, 16.39, 5.58, 21.74, 2.61, 4.49, 1.34, 3.13], [8.22, 8.82, 4.32, 2.67, 3.67, 4.99, 0.0, 2.56, 9.17, 0.97, 1.08, 6.55, 16.87, 9.32, 0.63, 5.57, 1.8, 4.84, 14.73, 16.96, 3.7, 2.44, 4.62, 8.06, 4.66, 16.73, 11.92, 2.78, 3.41, 8.07, 5.34, 3.17, 4.21, 5.35, 6.26, 15.76, 4.62, 3.92, 16.36, 8.69, 0.81, 9.79, 9.46, 12.85, 1.58, 21.88, 1.95, 2.51, 1.99, 4.26], [6.53, 7.78, 12.12, 1.55, 8.09, 1.16, 2.27, 0.0, 8.51, 6.02, 1.03, 6.28, 6.53, 6.57, 1.64, 4.09, 6.63, 0.28, 5.85, 15.33, 7.8, 1.49, 4.99, 2.55, 6.75, 8.4, 9.53, 1.19, 0.43, 10.25, 6.77, 9.31, 7.62, 6.77, 10.91, 11.76, 7.47, 5.51, 5.96, 5.44, 3.89, 11.91, 12.63, 12.38, 1.26, 9.21, 3.28, 6.51, 7.23, 2.8], [9.97, 2.47, 13.52, 0.7, 6.89, 10.52, 8.43, 12.1, 0.0, 7.6, 3.37, 2.23, 18.52, 3.81, 5.27, 9.59, 2.77, 8.98, 5.26, 6.36, 2.69, 5.0, 16.65, 4.56, 5.16, 4.38, 0.64, 11.58, 7.66, 5.64, 13.56, 8.3, 3.48, 11.47, 1.95, 13.76, 2.98, 8.51, 4.22, 10.2, 8.25, 1.21, 6.16, 8.91, 8.29, 3.11, 5.79, 6.21, 2.97, 5.68], [9.27, 4.9, 15.42, 6.39, 2.96, 5.84, 4.74, 3.62, 3.43, 0.0, 7.49, 10.66, 13.82, 3.45, 1.74, 3.82, 2.72, 8.51, 7.82, 11.06, 1.31, 0.69, 9.81, 6.27, 3.01, 3.2, 3.4, 4.82, 9.14, 2.79, 7.67, 2.02, 6.62, 5.83, 5.17, 15.62, 5.23, 12.98, 10.59, 8.4, 1.99, 8.58, 7.18, 6.91, 1.03, 13.21, 1.79, 4.68, 2.41, 9.32], [4.47, 15.7, 7.99, 8.6, 7.28, 0.98, 5.75, 1.85, 13.65, 6.63, 0.0, 11.28, 9.96, 4.12, 1.81, 2.19, 9.8, 1.34, 7.64, 3.51, 7.0, 7.99, 11.86, 2.46, 5.72, 15.81, 8.04, 1.55, 2.94, 4.08, 1.03, 4.44, 11.0, 1.22, 9.6, 7.82, 3.53, 4.24, 15.39, 13.98, 1.24, 10.35, 9.7, 11.81, 4.02, 3.19, 4.23, 1.98, 9.27, 3.39], [5.31, 4.62, 7.78, 12.21, 4.72, 12.58, 15.22, 4.35, 7.46, 4.27, 9.89, 0.0, 5.72, 3.36, 11.16, 3.41, 4.38, 14.88, 1.48, 7.69, 4.28, 10.1, 6.4, 6.28, 3.87, 4.75, 8.9, 5.38, 4.27, 5.41, 7.09, 9.48, 1.94, 3.31, 0.75, 6.91, 6.49, 2.29, 7.49, 0.8, 12.67, 0.45, 0.75, 1.1, 6.37, 9.24, 7.14, 6.31, 7.78, 16.52], [7.94, 4.4, 2.48, 12.8, 11.24, 9.52, 19.53, 8.23, 12.87, 7.88, 7.36, 3.94, 0.0, 2.98, 12.51, 7.64, 9.82, 9.14, 5.67, 15.95, 7.48, 2.77, 0.57, 11.84, 4.33, 5.71, 16.81, 10.59, 6.88, 0.43, 2.71, 4.04, 6.03, 2.1, 1.58, 0.36, 13.64, 2.22, 5.85, 3.6, 1.95, 3.42, 6.75, 10.93, 9.41, 4.16, 4.93, 2.32, 8.02, 3.77], [7.27, 3.52, 2.85, 4.54, 4.99, 8.94, 11.21, 8.29, 1.4, 2.61, 8.92, 0.85, 5.5, 0.0, 3.99, 7.11, 1.46, 1.41, 5.75, 1.27, 10.12, 4.83, 2.82, 2.29, 2.63, 4.43, 2.45, 8.53, 3.42, 8.73, 1.44, 4.41, 1.21, 1.58, 3.59, 2.36, 0.63, 1.64, 6.64, 4.32, 4.87, 2.48, 3.03, 6.19, 4.79, 9.3, 1.36, 2.62, 5.29, 10.33], [5.66, 6.69, 12.17, 7.97, 7.41, 0.96, 2.95, 3.08, 8.71, 0.73, 2.06, 6.77, 11.71, 7.47, 0.0, 6.01, 5.45, 1.58, 13.06, 5.52, 2.64, 1.08, 13.99, 2.12, 7.55, 9.54, 10.54, 1.53, 6.32, 5.53, 8.23, 2.65, 9.37, 6.38, 9.7, 15.08, 3.46, 8.06, 1.79, 12.75, 1.17, 2.21, 5.63, 12.58, 1.83, 7.23, 1.93, 3.5, 2.85, 5.92], [0.48, 10.16, 5.85, 5.8, 12.07, 0.85, 9.74, 3.77, 14.99, 2.12, 0.85, 3.54, 4.93, 4.17, 5.78, 0.0, 2.68, 5.68, 12.61, 15.22, 6.37, 8.06, 9.13, 5.58, 2.84, 5.75, 4.41, 3.54, 0.7, 9.89, 1.76, 1.19, 5.32, 0.8, 11.36, 8.73, 8.88, 8.66, 6.04, 5.9, 7.3, 9.66, 14.58, 9.55, 5.14, 22.6, 4.98, 12.16, 4.49, 5.68], [5.43, 2.49, 19.41, 2.22, 2.45, 5.94, 3.52, 2.77, 3.76, 2.36, 7.27, 14.13, 13.38, 8.97, 5.89, 5.18, 0.0, 8.36, 8.39, 16.04, 1.9, 2.13, 13.81, 5.47, 9.34, 15.87, 5.94, 3.53, 11.58, 18.27, 6.39, 5.48, 6.08, 8.45, 3.87, 21.28, 0.83, 3.48, 7.85, 5.17, 4.21, 5.06, 10.78, 3.41, 3.39, 11.53, 4.65, 6.47, 0.76, 14.38], [5.44, 11.38, 11.68, 8.77, 12.01, 0.61, 3.19, 1.71, 6.37, 5.46, 0.84, 4.71, 10.25, 11.36, 3.57, 3.75, 3.7, 0.0, 5.2, 18.47, 11.43, 6.51, 15.22, 7.52, 5.25, 10.71, 15.35, 1.91, 0.56, 4.9, 0.91, 6.12, 11.85, 1.33, 4.44, 3.95, 6.15, 7.44, 15.17, 7.41, 3.64, 2.35, 12.33, 8.24, 2.34, 8.89, 6.05, 9.48, 8.71, 2.05], [2.09, 7.54, 5.46, 5.03, 13.42, 9.91, 14.04, 4.02, 11.46, 14.73, 3.32, 1.45, 2.09, 5.07, 15.73, 4.04, 7.52, 5.13, 0.0, 4.08, 15.72, 7.73, 1.09, 7.82, 1.62, 5.39, 3.14, 11.73, 7.21, 1.33, 9.21, 3.11, 4.98, 7.66, 1.53, 3.65, 6.71, 0.77, 5.52, 0.85, 11.56, 3.43, 2.75, 1.64, 10.95, 11.46, 8.71, 8.25, 4.33, 18.67], [12.16, 5.09, 9.53, 9.28, 17.46, 3.87, 3.93, 4.32, 6.96, 8.1, 7.28, 4.29, 14.45, 3.15, 8.83, 10.66, 15.38, 4.03, 6.26, 0.0, 13.58, 8.96, 2.34, 10.78, 1.63, 3.36, 1.57, 9.19, 3.75, 7.95, 16.73, 4.82, 3.69, 2.26, 2.23, 14.23, 1.9, 7.54, 0.32, 3.33, 19.37, 7.07, 1.92, 3.04, 15.0, 0.33, 12.63, 5.33, 1.38, 2.76], [16.68, 5.96, 17.56, 2.72, 2.96, 4.78, 1.88, 7.62, 8.39, 3.89, 10.26, 7.2, 12.72, 13.39, 7.6, 9.81, 1.92, 9.8, 5.33, 1.67, 0.0, 2.37, 8.51, 11.62, 16.26, 9.38, 4.43, 10.44, 14.99, 3.11, 15.8, 3.67, 7.29, 8.12, 5.15, 12.03, 3.19, 14.2, 9.56, 19.38, 8.6, 4.03, 4.39, 15.18, 1.76, 13.58, 5.92, 8.47, 4.89, 7.88], [16.46, 11.08, 7.32, 4.83, 0.0, 1.87, 3.95, 10.98, 8.0, 2.41, 6.97, 5.85, 8.94, 14.26, 1.26, 1.88, 2.5, 1.58, 19.72, 15.5, 1.76, 0.0, 21.72, 11.44, 8.57, 2.89, 7.11, 1.92, 5.13, 12.69, 6.76, 17.22, 11.65, 10.94, 17.99, 24.3, 10.72, 8.45, 8.48, 6.19, 3.56, 4.79, 2.65, 19.3, 1.82, 6.01, 4.62, 8.69, 9.61, 13.03], [3.25, 7.25, 4.45, 17.88, 11.93, 6.92, 8.54, 11.74, 2.71, 16.43, 5.55, 4.31, 0.37, 4.27, 4.49, 6.87, 19.69, 3.34, 3.08, 2.47, 11.89, 13.11, 0.0, 7.93, 4.06, 8.9, 2.13, 2.36, 2.36, 1.54, 5.04, 3.81, 3.25, 2.73, 6.02, 2.15, 5.31, 2.57, 15.66, 1.27, 11.37, 3.4, 3.58, 6.64, 7.28, 18.25, 11.29, 11.71, 10.74, 2.03], [0.82, 5.51, 4.6, 4.29, 1.45, 3.79, 1.49, 4.95, 6.34, 3.2, 4.28, 2.22, 9.77, 1.89, 1.62, 3.79, 2.73, 1.75, 5.73, 8.06, 6.29, 2.13, 7.08, 0.0, 1.57, 3.68, 7.29, 1.69, 1.32, 11.49, 5.33, 7.81, 3.95, 1.84, 2.0, 12.26, 4.72, 7.96, 8.55, 7.76, 5.93, 4.25, 2.19, 7.83, 2.96, 2.36, 0.83, 2.1, 1.38, 6.44], [0.87, 10.04, 1.7, 13.43, 15.75, 1.9, 6.44, 8.82, 11.25, 10.42, 1.92, 4.25, 0.8, 1.6, 1.29, 1.19, 8.56, 3.42, 3.37, 3.69, 16.64, 6.69, 2.26, 3.91, 0.0, 3.22, 7.79, 9.96, 4.98, 4.58, 1.99, 2.63, 3.38, 1.67, 1.22, 1.74, 2.59, 3.62, 10.7, 2.99, 12.36, 3.9, 7.59, 10.58, 3.96, 5.53, 3.32, 1.62, 2.34, 6.05], [4.77, 3.76, 2.35, 3.86, 16.31, 14.93, 17.4, 2.8, 6.71, 7.23, 14.21, 0.84, 1.58, 3.03, 13.04, 12.61, 13.33, 7.0, 6.75, 1.34, 2.84, 15.95, 6.16, 1.38, 6.85, 0.0, 8.35, 15.15, 5.42, 1.66, 11.23, 12.71, 6.88, 4.34, 4.52, 5.37, 5.99, 6.02, 4.45, 3.09, 14.09, 5.14, 1.24, 0.44, 1.72, 2.36, 9.04, 3.18, 7.95, 21.07], [14.31, 1.56, 17.04, 3.22, 3.14, 4.34, 2.95, 2.51, 0.12, 7.0, 4.55, 9.03, 7.68, 8.69, 6.03, 12.53, 3.56, 4.94, 10.61, 5.44, 1.0, 8.36, 1.91, 1.15, 6.53, 4.94, 0.0, 11.94, 3.22, 1.9, 5.53, 8.69, 1.31, 3.33, 2.89, 6.92, 4.78, 14.06, 2.65, 12.47, 1.59, 4.79, 2.07, 2.79, 10.72, 6.79, 7.46, 1.49, 2.61, 7.85], [5.48, 7.23, 9.4, 10.42, 9.35, 0.68, 1.08, 0.93, 5.22, 0.8, 1.92, 11.03, 7.73, 7.93, 0.51, 3.89, 2.92, 1.41, 16.08, 11.55, 8.88, 2.4, 7.3, 1.77, 4.59, 12.84, 2.45, 0.0, 4.08, 5.59, 2.92, 9.58, 6.92, 1.67, 7.61, 11.92, 3.29, 4.91, 17.93, 16.25, 1.17, 7.66, 6.24, 8.15, 1.46, 17.16, 2.49, 4.38, 3.01, 5.8], [1.26, 6.03, 1.78, 3.51, 8.22, 2.14, 4.39, 1.65, 8.1, 6.34, 2.22, 5.14, 6.79, 4.24, 6.3, 0.42, 7.31, 2.2, 4.16, 18.17, 3.2, 11.83, 9.63, 2.09, 3.63, 10.74, 6.06, 4.99, 0.0, 6.86, 3.74, 6.48, 6.72, 1.2, 7.95, 2.88, 4.61, 4.5, 17.88, 6.35, 3.05, 3.5, 2.84, 16.42, 1.98, 8.2, 3.6, 8.33, 8.43, 6.12], [1.81, 2.71, 1.73, 3.83, 13.01, 2.6, 11.91, 9.19, 3.38, 16.61, 7.93, 3.53, 0.73, 1.85, 3.69, 4.12, 4.8, 14.93, 4.45, 11.77, 3.28, 13.07, 1.59, 6.9, 1.62, 9.5, 13.95, 10.51, 12.64, 0.0, 5.71, 0.74, 3.83, 8.49, 3.62, 1.33, 3.87, 0.4, 12.65, 4.33, 2.22, 2.86, 7.16, 6.78, 14.9, 10.86, 6.82, 8.0, 15.68, 16.44], [0.0, 5.07, 3.46, 11.35, 2.73, 1.23, 8.68, 5.72, 5.34, 9.49, 1.61, 1.17, 1.52, 2.52, 6.23, 2.48, 14.6, 2.68, 3.28, 3.21, 2.2, 4.79, 5.68, 3.55, 4.74, 15.99, 14.3, 4.24, 2.84, 8.99, 0.0, 2.82, 8.53, 3.18, 6.51, 1.73, 9.62, 8.17, 9.35, 3.97, 8.81, 8.82, 2.89, 5.15, 1.02, 20.49, 5.95, 9.7, 12.17, 4.14], [0.63, 14.38, 0.0, 14.29, 21.05, 6.14, 15.6, 5.49, 12.27, 13.26, 4.22, 5.91, 4.36, 2.23, 2.22, 5.66, 13.27, 7.01, 3.37, 18.02, 5.52, 11.48, 0.56, 1.29, 1.22, 5.46, 7.13, 3.36, 7.96, 5.42, 3.59, 0.0, 9.46, 4.11, 3.08, 6.13, 11.81, 8.17, 20.61, 10.07, 8.81, 2.46, 9.24, 10.87, 2.55, 2.58, 11.21, 9.45, 13.24, 11.79], [1.17, 6.68, 9.27, 6.77, 11.97, 8.85, 8.47, 5.74, 9.26, 6.98, 1.62, 1.7, 1.22, 0.67, 1.84, 6.7, 8.23, 11.07, 1.46, 9.41, 4.25, 8.06, 1.59, 2.8, 3.04, 4.2, 4.35, 5.47, 7.98, 1.77, 1.37, 3.32, 0.0, 2.97, 0.72, 9.13, 3.53, 5.45, 3.15, 7.04, 4.12, 0.9, 4.1, 4.13, 1.56, 1.66, 4.76, 5.35, 6.35, 2.64], [0.96, 7.63, 8.25, 3.86, 11.72, 2.27, 8.78, 3.56, 2.45, 8.42, 5.98, 4.92, 1.06, 1.0, 2.11, 3.65, 10.69, 2.49, 2.68, 11.76, 7.26, 3.27, 7.8, 0.79, 2.19, 6.5, 8.36, 7.21, 0.96, 7.4, 2.1, 5.9, 0.42, 0.0, 0.86, 1.69, 2.24, 7.14, 6.02, 7.35, 6.61, 3.2, 3.6, 4.87, 3.04, 8.7, 1.36, 0.94, 7.89, 4.24], [8.9, 1.12, 6.02, 9.35, 16.15, 11.9, 7.27, 4.48, 9.27, 3.5, 11.38, 0.16, 2.29, 3.75, 9.2, 10.5, 5.47, 8.72, 2.05, 8.63, 12.7, 9.55, 1.53, 7.94, 2.21, 3.33, 11.01, 12.15, 9.81, 5.52, 6.0, 6.77, 1.12, 4.94, 0.0, 2.69, 5.27, 1.94, 7.26, 2.08, 9.92, 2.09, 1.17, 5.83, 8.06, 8.03, 7.7, 8.32, 4.86, 3.16], [2.82, 6.69, 2.42, 20.35, 19.37, 5.87, 20.08, 9.27, 16.25, 2.8, 6.76, 4.53, 2.61, 9.36, 4.03, 13.25, 6.07, 12.44, 4.12, 6.25, 2.34, 13.22, 2.86, 5.85, 0.94, 9.7, 9.79, 5.73, 3.78, 0.26, 10.1, 4.02, 6.86, 1.3, 0.75, 0.0, 8.31, 0.47, 12.35, 4.83, 6.52, 5.72, 2.37, 7.13, 14.66, 3.47, 13.7, 9.28, 7.49, 8.91], [2.86, 3.08, 4.73, 0.83, 9.14, 3.06, 5.48, 8.08, 3.82, 2.66, 8.46, 6.58, 13.17, 0.72, 6.71, 10.19, 6.77, 10.91, 6.6, 3.08, 6.79, 7.64, 1.61, 3.23, 1.52, 4.48, 3.91, 8.16, 6.53, 12.95, 2.45, 1.89, 3.01, 4.5, 4.79, 11.29, 0.0, 5.85, 3.85, 1.95, 1.28, 4.17, 4.54, 9.6, 5.19, 8.48, 3.56, 0.37, 1.42, 3.6], [7.68, 8.64, 4.81, 16.88, 14.65, 11.06, 13.02, 10.48, 9.17, 13.53, 9.99, 1.71, 3.3, 3.01, 15.14, 10.21, 13.47, 3.66, 1.33, 4.96, 15.48, 19.62, 1.28, 5.27, 0.87, 5.74, 3.75, 11.67, 6.89, 2.29, 6.95, 6.54, 4.04, 7.34, 1.75, 1.75, 8.56, 0.0, 5.43, 0.87, 5.39, 2.59, 3.37, 8.13, 12.65, 8.16, 5.48, 1.51, 7.49, 16.15], [8.43, 1.86, 5.31, 5.13, 18.06, 3.83, 6.26, 17.6, 3.97, 4.53, 11.88, 2.75, 9.3, 12.34, 11.65, 12.74, 12.0, 4.5, 10.03, 0.18, 13.45, 16.68, 16.41, 12.35, 14.06, 2.99, 3.62, 8.97, 10.82, 9.2, 8.64, 17.07, 8.01, 11.2, 10.62, 2.45, 3.67, 13.67, 0.0, 3.53, 6.25, 5.46, 1.53, 2.96, 7.87, 0.39, 2.78, 10.21, 4.52, 4.72], [12.87, 4.72, 2.87, 10.8, 15.72, 15.46, 13.57, 13.16, 5.55, 2.47, 6.69, 3.49, 3.06, 5.68, 11.99, 7.13, 11.12, 10.74, 0.28, 9.57, 12.1, 16.76, 7.57, 7.69, 2.31, 3.3, 10.52, 2.43, 6.88, 4.38, 9.18, 5.48, 3.63, 1.47, 3.8, 2.24, 9.84, 2.6, 5.13, 0.0, 4.59, 0.54, 1.43, 2.77, 13.59, 3.74, 1.52, 11.39, 1.76, 15.37], [8.23, 6.04, 15.62, 6.25, 6.45, 3.17, 0.48, 4.12, 6.81, 4.04, 5.32, 11.76, 2.73, 7.84, 0.35, 2.41, 6.07, 4.85, 12.47, 18.63, 3.63, 1.49, 14.05, 6.33, 10.12, 4.22, 5.39, 0.36, 6.37, 4.28, 9.07, 9.14, 8.22, 6.77, 9.6, 12.86, 3.93, 11.15, 17.72, 13.21, 0.0, 10.7, 2.57, 4.49, 2.39, 7.23, 2.15, 7.19, 6.89, 3.81], [4.85, 6.88, 2.07, 6.82, 4.3, 9.1, 9.25, 8.88, 6.71, 2.32, 11.65, 0.41, 2.0, 3.39, 5.97, 3.38, 4.6, 8.9, 0.63, 3.06, 10.28, 11.09, 3.53, 5.66, 2.56, 4.25, 8.32, 4.99, 2.12, 8.3, 3.59, 1.27, 0.78, 2.7, 1.14, 1.66, 3.97, 5.08, 2.94, 3.6, 12.23, 0.0, 0.65, 2.49, 4.58, 2.0, 3.9, 1.03, 1.31, 11.24], [10.22, 0.99, 2.85, 1.39, 7.71, 11.83, 5.38, 4.23, 6.83, 3.2, 7.4, 1.06, 6.73, 3.32, 9.81, 4.56, 3.43, 10.84, 2.05, 2.24, 8.95, 14.43, 4.75, 6.95, 5.53, 1.66, 4.11, 4.24, 6.58, 5.19, 8.75, 8.27, 1.98, 2.35, 3.24, 5.08, 1.78, 2.42, 3.5, 0.7, 3.38, 0.32, 0.0, 3.52, 5.88, 6.2, 10.31, 5.02, 4.58, 10.15], [3.02, 5.9, 10.73, 10.72, 6.9, 2.22, 10.2, 12.87, 5.16, 8.94, 4.21, 5.91, 12.16, 3.0, 17.44, 10.03, 10.17, 3.61, 4.3, 2.1, 2.53, 6.03, 13.17, 6.46, 5.14, 0.79, 9.58, 14.79, 6.9, 10.09, 15.1, 12.51, 8.57, 11.41, 0.85, 9.55, 9.65, 6.2, 1.72, 6.13, 13.7, 5.4, 4.23, 0.0, 9.11, 1.14, 6.65, 6.62, 5.89, 15.29], [7.32, 10.66, 12.27, 5.31, 1.08, 2.37, 1.3, 4.44, 2.79, 1.21, 5.99, 2.41, 12.06, 4.96, 0.63, 3.31, 3.84, 2.12, 3.79, 12.36, 2.75, 1.26, 14.1, 1.02, 4.49, 7.79, 1.89, 4.03, 5.47, 5.94, 3.7, 13.32, 7.93, 1.11, 5.08, 14.29, 3.39, 12.6, 5.62, 4.26, 3.82, 3.88, 8.96, 6.45, 0.0, 17.13, 0.5, 2.51, 0.94, 10.29], [18.6, 6.12, 14.9, 3.3, 3.42, 10.59, 13.12, 18.52, 0.89, 2.15, 9.17, 9.2, 17.26, 10.34, 10.48, 18.3, 16.28, 15.52, 9.65, 0.38, 13.86, 14.65, 16.37, 14.53, 12.72, 0.94, 3.94, 14.15, 8.56, 5.67, 14.75, 14.67, 9.6, 1.76, 3.1, 8.08, 6.15, 12.79, 1.66, 4.03, 15.24, 7.38, 1.76, 0.97, 13.71, 0.0, 10.63, 2.99, 5.48, 8.11], [5.17, 4.97, 5.77, 8.21, 1.68, 4.92, 5.8, 0.61, 2.34, 2.01, 3.22, 3.79, 6.72, 4.94, 1.19, 5.98, 2.14, 2.59, 6.72, 3.53, 6.74, 2.81, 8.33, 0.84, 2.54, 4.31, 4.99, 2.93, 3.63, 9.55, 2.7, 9.85, 4.79, 2.41, 1.84, 13.7, 3.83, 13.2, 11.83, 10.88, 1.14, 1.46, 4.36, 11.9, 1.23, 13.1, 0.0, 3.84, 5.63, 8.92], [5.95, 1.86, 2.49, 5.54, 7.73, 5.11, 4.73, 6.64, 6.32, 3.33, 1.65, 1.63, 2.15, 2.54, 1.2, 2.99, 4.87, 8.9, 6.63, 6.27, 3.26, 1.99, 9.67, 4.04, 7.8, 4.15, 5.5, 1.72, 5.07, 3.06, 11.8, 6.6, 2.26, 1.72, 5.25, 2.16, 0.6, 12.2, 7.97, 9.18, 1.66, 5.54, 4.94, 9.92, 0.63, 4.46, 1.31, 0.0, 1.24, 5.22], [10.31, 3.13, 14.12, 3.39, 3.09, 7.81, 4.53, 1.65, 1.83, 2.19, 6.77, 1.85, 4.99, 2.72, 7.23, 8.66, 3.56, 7.07, 6.55, 9.32, 2.9, 9.95, 14.42, 1.75, 3.46, 6.15, 3.28, 3.98, 9.62, 6.46, 11.02, 6.92, 2.52, 1.96, 5.01, 6.5, 0.93, 8.82, 3.57, 8.01, 2.57, 0.94, 4.59, 7.53, 2.49, 8.82, 2.27, 1.16, 0.0, 4.95], [5.42, 4.89, 10.67, 17.76, 10.47, 4.09, 5.79, 3.59, 9.27, 4.39, 3.19, 4.57, 15.69, 11.72, 2.05, 5.55, 12.05, 2.13, 4.73, 17.79, 16.84, 12.41, 11.52, 6.74, 4.0, 12.74, 9.0, 5.78, 5.34, 13.94, 8.4, 10.22, 6.8, 4.11, 13.52, 6.85, 6.23, 2.01, 9.21, 15.97, 5.8, 11.05, 15.54, 9.91, 1.53, 22.17, 3.72, 1.65, 10.81, 0.0]]
vans = [6, 8, 8, 6]

