J = [0, 1, 2]
K = [3, 4]
L = [5, 6, 7, 8]
I = [0, 1, 2, 3, 4, 5, 6, 7, 8]
N = [0, 1, 2, 3, 4, 5, 6, 7, 8, 9, 10, 11, 12, 13, 14, 15, 16, 17, 18, 19, 20, 21, 22, 23, 24, 25, 26, 27, 28, 29, 30, 31, 32, 33, 34, 35, 36, 37, 38, 39, 40, 41, 42, 43, 44, 45, 46, 47, 48, 49]
demand = [770, 594, 443, 946, 952, 899, 525, 796, 519, 547, 612, 1031, 544, 939, 765, 906, 622, 435, 1118, 1073, 833, 829, 536, 976, 452, 1083, 739, 1175, 943, 434, 431, 578, 976, 801, 911, 931, 1024, 909, 1001, 403, 621, 667, 553, 524, 484, 990, 737, 1190, 426, 611]
hub = [1, 0, 1, 0, 1, 2, 2, 2, 1, 0, 2, 1, 1, 1, 1, 0, 1, 2, 2, 0, 0, 1, 2, 0, 1, 1, 2, 1, 1, 0, 2, 0, 1, 1, 2, 2, 0, 0, 2, 1, 2, 1, 1, 0, 0, 0, 1, 1, 2, 0]
release = [39, 1, 1, 29, 35, 45, 43, 16, 42, 41, 26, 11, 23, 25, 3, 29, 5, 23, 7, 40, 20, 28, 40, 41, 31, 33, 47, 13, 10, 36, 31, 11, 37, 44, 47, 7, 9, 48, 8, 19, 11, 11, 20, 35, 32, 28, 31, 33, 48, 19]
Nj = [[1, 3, 9, 15, 19, 20, 23, 29, 31, 36, 37, 43, 44, 45, 49], [0, 2, 4, 8, 11, 12, 13, 14, 16, 21, 24, 25, 27, 28, 32, 33, 39, 41, 42, 46, 47], [5, 6, 7, 10, 17, 18, 22, 26, 30, 34, 35, 38, 40, 48]]
Gj = [[0, 1, 2, 3, 4, 5, 6, 7, 8, 9, 10, 11, 12, 13, 14], [15, 16, 17, 18, 19, 20, 21, 22, 23, 24, 25, 26, 27, 28, 29, 30, 31, 32, 33, 34, 35], [36, 37, 38, 39, 40, 41, 42, 43, 44, 45, 46, 47, 48, 49]]
G = [0, 1, 2, 3, 4, 5, 6, 7, 8, 9, 10, 11, 12, 13, 14, 15, 16, 17, 18, 19, 20, 21, 22, 23, 24, 25, 26, 27, 28, 29, 30, 31, 32, 33, 34, 35, 36, 37, 38, 39, 40, 41, 42, 43, 44, 45, 46, 47, 48, 49]
deadline = [192, 240, 240, 240, 168, 240, 192, 192, 216, 240, 216, 192, 192, 192, 192, 192, 168, 192, 216, 216, 192, 240, 192, 216, 216, 216, 168, 216, 192, 240, 168, 216, 168, 240, 216, 192, 240, 192, 192, 240, 168, 192, 168, 168, 168, 216, 192, 240, 168, 192]
weight = [80, 20, 70, 90, 40, 20, 100, 80, 50, 40, 10, 40, 90, 20, 90, 70, 30, 10, 90, 20, 90, 10, 10, 10, 20, 60, 40, 90, 50, 30, 70, 100, 60, 90, 40, 100, 90, 80, 50, 70, 60, 90, 10, 20, 40, 80, 90, 20, 20, 50]
q = 2000
M = [0, 1, 2]
M_description = ['Road', 'Rail', 'Ship']
accessibility = [[1, 0, 1], [1, 0, 1], [1, 1, 0], [1, 1, 1], [1, 1, 1], [1, 0, 1], [1, 0, 1], [1, 0, 1], [1, 1, 1]]
S = [0, 1, 2, 3, 4, 5, 6, 7, 8, 9, 10, 11, 12, 13, 14, 15, 16, 17, 18, 19, 20, 21, 22, 23, 24, 25, 26, 27, 28, 29, 30, 31, 32, 33, 34, 35, 36, 37, 38, 39, 40, 41, 42, 43, 44, 45, 46, 47, 48, 49, 50, 51, 52, 53, 54, 55, 56, 57, 58, 59, 60, 61, 62, 63, 64, 65, 66, 67, 68, 69, 70, 71, 72, 73, 74, 75, 76, 77, 78, 79, 80, 81, 82, 83, 84, 85, 86, 87, 88, 89, 90, 91, 92, 93, 94, 95, 96, 97, 98, 99, 100, 101, 102, 103, 104, 105, 106, 107, 108, 109, 110, 111, 112, 113, 114, 115, 116, 117, 118, 119, 120, 121, 122, 123, 124, 125, 126, 127, 128, 129, 130, 131, 132, 133, 134, 135, 136, 137, 138, 139, 140, 141, 142, 143, 144, 145, 146, 147, 148, 149, 150, 151, 152, 153, 154, 155, 156, 157, 158, 159, 160, 161, 162, 163, 164, 165, 166, 167, 168, 169, 170, 171, 172, 173, 174, 175, 176, 177, 178, 179, 180, 181, 182, 183, 184, 185, 186, 187, 188, 189, 190, 191, 192, 193, 194, 195, 196, 197, 198, 199, 200, 201, 202, 203, 204, 205, 206, 207, 208, 209, 210, 211, 212, 213, 214, 215, 216, 217, 218, 219, 220, 221, 222, 223, 224, 225, 226, 227, 228, 229, 230, 231, 232, 233, 234, 235, 236, 237, 238, 239, 240, 241, 242, 243, 244, 245, 246, 247, 248, 249, 250, 251, 252, 253, 254, 255, 256, 257, 258, 259, 260, 261, 262, 263, 264, 265, 266, 267, 268, 269, 270]
origin = [0, 0, 0, 0, 0, 0, 0, 0, 0, 0, 0, 0, 0, 0, 0, 0, 0, 0, 0, 0, 0, 0, 0, 0, 0, 0, 0, 0, 0, 0, 0, 0, 1, 1, 1, 1, 1, 1, 1, 1, 1, 1, 1, 1, 1, 1, 1, 1, 1, 1, 1, 1, 1, 1, 1, 1, 1, 1, 1, 1, 1, 1, 1, 1, 2, 2, 2, 2, 2, 2, 2, 2, 2, 2, 2, 2, 2, 2, 2, 2, 2, 2, 2, 2, 2, 2, 2, 2, 2, 2, 2, 2, 2, 2, 2, 2, 3, 3, 3, 3, 3, 3, 3, 3, 3, 3, 3, 3, 3, 3, 3, 3, 3, 3, 3, 3, 3, 3, 3, 3, 3, 3, 3, 3, 3, 3, 3, 3, 4, 4, 4, 4, 4, 4, 4, 4, 4, 4, 4, 4, 4, 4, 4, 4, 4, 4, 4, 4, 4, 4, 4, 4, 4, 4, 4, 4, 4, 4, 4, 4, 2, 2, 2, 2, 2, 2, 2, 2, 2, 3, 3, 3, 3, 3, 3, 3, 3, 3, 4, 4, 4, 4, 4, 4, 4, 4, 4, 0, 0, 0, 0, 0, 0, 0, 0, 0, 0, 0, 0, 0, 0, 0, 0, 0, 0, 0, 0, 0, 1, 1, 1, 1, 1, 1, 1, 1, 1, 1, 1, 1, 1, 1, 1, 1, 1, 1, 1, 1, 1, 3, 3, 3, 3, 3, 3, 3, 3, 3, 3, 3, 3, 3, 3, 3, 3, 3, 3, 3, 3, 3, 4, 4, 4, 4, 4, 4, 4, 4, 4, 4, 4, 4, 4, 4, 4, 4, 4, 4, 4, 4, 4]
destination = [1, 1, 1, 1, 2, 2, 2, 2, 3, 3, 3, 3, 4, 4, 4, 4, 5, 5, 5, 5, 6, 6, 6, 6, 7, 7, 7, 7, 8, 8, 8, 8, 0, 0, 0, 0, 2, 2, 2, 2, 3, 3, 3, 3, 4, 4, 4, 4, 5, 5, 5, 5, 6, 6, 6, 6, 7, 7, 7, 7, 8, 8, 8, 8, 0, 0, 0, 0, 1, 1, 1, 1, 3, 3, 3, 3, 4, 4, 4, 4, 5, 5, 5, 5, 6, 6, 6, 6, 7, 7, 7, 7, 8, 8, 8, 8, 0, 0, 0, 0, 1, 1, 1, 1, 2, 2, 2, 2, 4, 4, 4, 4, 5, 5, 5, 5, 6, 6, 6, 6, 7, 7, 7, 7, 8, 8, 8, 8, 0, 0, 0, 0, 1, 1, 1, 1, 2, 2, 2, 2, 3, 3, 3, 3, 5, 5, 5, 5, 6, 6, 6, 6, 7, 7, 7, 7, 8, 8, 8, 8, 3, 3, 3, 4, 4, 4, 8, 8, 8, 2, 2, 2, 4, 4, 4, 8, 8, 8, 2, 2, 2, 3, 3, 3, 8, 8, 8, 1, 1, 1, 3, 3, 3, 4, 4, 4, 5, 5, 5, 6, 6, 6, 7, 7, 7, 8, 8, 8, 0, 0, 0, 3, 3, 3, 4, 4, 4, 5, 5, 5, 6, 6, 6, 7, 7, 7, 8, 8, 8, 0, 0, 0, 1, 1, 1, 4, 4, 4, 5, 5, 5, 6, 6, 6, 7, 7, 7, 8, 8, 8, 0, 0, 0, 1, 1, 1, 3, 3, 3, 5, 5, 5, 6, 6, 6, 7, 7, 7, 8, 8, 8]
departure = [8, 56, 104, 152, 8, 56, 104, 152, 8, 56, 104, 152, 8, 56, 104, 152, 8, 56, 104, 152, 8, 56, 104, 152, 8, 56, 104, 152, 8, 56, 104, 152, 8, 56, 104, 152, 8, 56, 104, 152, 8, 56, 104, 152, 8, 56, 104, 152, 8, 56, 104, 152, 8, 56, 104, 152, 8, 56, 104, 152, 8, 56, 104, 152, 8, 56, 104, 152, 8, 56, 104, 152, 8, 56, 104, 152, 8, 56, 104, 152, 8, 56, 104, 152, 8, 56, 104, 152, 8, 56, 104, 152, 8, 56, 104, 152, 12, 60, 108, 156, 12, 60, 108, 156, 12, 60, 108, 156, 12, 60, 108, 156, 12, 60, 108, 156, 12, 60, 108, 156, 12, 60, 108, 156, 12, 60, 108, 156, 12, 60, 108, 156, 12, 60, 108, 156, 12, 60, 108, 156, 12, 60, 108, 156, 12, 60, 108, 156, 12, 60, 108, 156, 12, 60, 108, 156, 12, 60, 108, 156, 33, 81, 129, 33, 81, 129, 33, 81, 129, 37, 85, 133, 37, 85, 133, 37, 85, 133, 37, 85, 133, 37, 85, 133, 37, 85, 133, 10, 58, 106, 10, 58, 106, 10, 58, 106, 10, 58, 106, 10, 58, 106, 10, 58, 106, 10, 58, 106, 10, 58, 106, 10, 58, 106, 10, 58, 106, 10, 58, 106, 10, 58, 106, 10, 58, 106, 10, 58, 106, 13, 61, 109, 13, 61, 109, 13, 61, 109, 13, 61, 109, 13, 61, 109, 13, 61, 109, 13, 61, 109, 13, 61, 109, 13, 61, 109, 13, 61, 109, 13, 61, 109, 13, 61, 109, 13, 61, 109, 13, 61, 109]
arrival = [28, 76, 196, 196, 28, 76, 148, 244, 60, 156, 156, 252, 84, 108, 180, 204, 88, 136, 256, 256, 112, 184, 208, 232, 160, 208, 256, 280, 160, 208, 184, 280, 76, 76, 196, 172, 28, 100, 196, 172, 108, 132, 156, 252, 60, 156, 204, 252, 112, 184, 256, 280, 160, 208, 232, 280, 112, 136, 256, 256, 112, 208, 208, 304, 76, 76, 148, 196, 52, 124, 124, 220, 108, 108, 180, 228, 84, 156, 156, 204, 112, 160, 208, 256, 112, 208, 256, 232, 136, 208, 232, 280, 136, 160, 184, 280, 104, 104, 176, 176, 104, 80, 152, 176, 80, 104, 200, 248, 64, 160, 208, 208, 92, 212, 236, 260, 92, 164, 212, 236, 164, 212, 236, 236, 92, 164, 188, 260, 80, 80, 128, 224, 32, 104, 200, 176, 32, 128, 152, 248, 112, 112, 160, 256, 116, 188, 212, 236, 140, 164, 188, 236, 140, 212, 236, 260, 164, 164, 260, 236, 134, 134, 206, 110, 134, 182, 138, 210, 282, 58, 130, 154, 114, 186, 186, 190, 238, 238, 82, 130, 178, 90, 138, 210, 142, 166, 214, 32, 104, 152, 112, 160, 184, 88, 112, 160, 92, 140, 236, 116, 212, 212, 116, 140, 236, 164, 164, 212, 104, 128, 128, 64, 112, 184, 112, 112, 208, 164, 188, 212, 164, 164, 236, 116, 140, 212, 116, 212, 260, 106, 130, 130, 106, 130, 154, 90, 138, 186, 166, 142, 262, 94, 190, 238, 166, 142, 190, 166, 214, 238, 58, 130, 178, 106, 82, 202, 66, 162, 210, 118, 142, 214, 118, 166, 238, 166, 190, 262, 118, 190, 238]
Q = [4, 2, 4, 2, 2, 2, 4, 2, 4, 4, 2, 2, 2, 4, 4, 4, 4, 4, 4, 4, 4, 4, 4, 2, 4, 2, 4, 2, 2, 4, 4, 2, 4, 4, 2, 2, 2, 4, 2, 4, 4, 2, 2, 2, 4, 2, 4, 4, 4, 2, 4, 2, 4, 4, 4, 2, 4, 4, 4, 2, 4, 2, 4, 4, 2, 4, 2, 2, 2, 4, 2, 2, 2, 2, 2, 4, 2, 2, 4, 2, 4, 4, 4, 4, 2, 2, 2, 4, 4, 2, 2, 2, 4, 4, 4, 4, 2, 4, 4, 2, 4, 4, 2, 2, 4, 4, 2, 4, 4, 2, 2, 2, 2, 4, 4, 2, 2, 2, 4, 4, 2, 2, 2, 4, 2, 4, 2, 4, 2, 2, 4, 2, 4, 2, 4, 2, 2, 2, 2, 4, 4, 2, 4, 4, 4, 2, 2, 4, 4, 2, 2, 4, 4, 4, 4, 4, 2, 4, 2, 4, 3, 3, 6, 3, 6, 6, 3, 3, 3, 6, 3, 3, 6, 3, 3, 6, 6, 6, 6, 6, 3, 3, 6, 6, 3, 6, 3, 5, 5, 5, 5, 10, 10, 10, 5, 10, 5, 5, 10, 5, 5, 10, 10, 10, 10, 5, 5, 5, 10, 10, 5, 10, 10, 5, 10, 10, 5, 10, 10, 5, 10, 5, 5, 10, 5, 5, 10, 10, 5, 5, 5, 5, 5, 5, 10, 5, 10, 10, 5, 5, 5, 10, 10, 5, 5, 5, 5, 5, 5, 10, 10, 5, 5, 10, 10, 10, 10, 10, 5, 5, 10, 10, 5, 10, 10, 10, 5, 5, 10, 10, 10]
cfixed = [259, 206, 233, 202, 270, 288, 257, 263, 217, 274, 235, 288, 236, 237, 281, 247, 225, 273, 299, 234, 281, 210, 216, 247, 262, 215, 218, 218, 278, 296, 217, 222, 200, 244, 233, 247, 278, 266, 224, 238, 275, 273, 214, 237, 222, 290, 260, 256, 218, 205, 233, 212, 230, 236, 290, 226, 221, 231, 244, 217, 229, 220, 238, 282, 213, 236, 254, 300, 231, 201, 212, 252, 210, 275, 258, 229, 298, 294, 259, 295, 206, 248, 219, 292, 240, 257, 270, 211, 227, 201, 274, 229, 276, 299, 209, 206, 256, 279, 215, 246, 245, 253, 210, 248, 243, 233, 263, 247, 240, 231, 233, 284, 232, 290, 249, 206, 294, 296, 279, 290, 218, 270, 210, 203, 235, 228, 215, 227, 234, 223, 232, 203, 264, 254, 203, 226, 201, 244, 215, 213, 254, 203, 226, 271, 300, 208, 281, 225, 290, 228, 248, 201, 286, 208, 299, 273, 299, 211, 249, 297, 485, 465, 410, 434, 321, 304, 455, 367, 440, 302, 352, 429, 355, 479, 388, 307, 498, 453, 310, 419, 403, 479, 397, 313, 394, 366, 343, 578, 503, 639, 533, 552, 665, 700, 579, 580, 668, 698, 563, 527, 654, 567, 594, 541, 621, 634, 674, 525, 667, 545, 503, 549, 563, 650, 665, 529, 665, 606, 508, 589, 501, 591, 607, 679, 533, 617, 675, 525, 642, 557, 564, 648, 662, 611, 629, 500, 699, 615, 543, 581, 697, 607, 622, 657, 560, 659, 605, 638, 558, 531, 530, 692, 605, 528, 647, 595, 621, 542, 654, 572, 681, 688, 666, 577, 590, 642, 683, 669, 504, 592, 543]
ctravel = [20, 20, 92, 44, 20, 20, 44, 92, 52, 100, 52, 100, 76, 52, 76, 52, 80, 80, 152, 104, 104, 128, 104, 80, 152, 152, 152, 128, 152, 152, 80, 128, 68, 20, 92, 20, 20, 44, 92, 20, 100, 76, 52, 100, 52, 100, 100, 100, 104, 128, 152, 128, 152, 152, 128, 128, 104, 80, 152, 104, 104, 152, 104, 152, 68, 20, 44, 44, 44, 68, 20, 68, 100, 52, 76, 76, 76, 100, 52, 52, 104, 104, 104, 104, 104, 152, 152, 80, 128, 152, 128, 128, 128, 104, 80, 128, 92, 44, 68, 20, 92, 20, 44, 20, 68, 44, 92, 92, 52, 100, 100, 52, 80, 152, 128, 104, 80, 104, 104, 80, 152, 152, 128, 80, 80, 104, 80, 104, 68, 20, 20, 68, 20, 44, 92, 20, 20, 68, 44, 92, 100, 52, 52, 100, 104, 128, 104, 80, 128, 104, 80, 80, 128, 152, 128, 104, 152, 104, 152, 80, 80.80000000000001, 42.400000000000006, 61.6, 61.6, 42.400000000000006, 42.400000000000006, 84.0, 103.2, 122.4, 16.8, 36.0, 16.8, 61.6, 80.80000000000001, 42.400000000000006, 122.4, 122.4, 84.0, 36.0, 36.0, 36.0, 42.400000000000006, 42.400000000000006, 61.6, 84.0, 64.8, 64.8, 13.2, 27.599999999999998, 27.599999999999998, 61.199999999999996, 61.199999999999996, 46.8, 46.8, 32.4, 32.4, 49.199999999999996, 49.199999999999996, 78.0, 63.599999999999994, 92.39999999999999, 63.599999999999994, 63.599999999999994, 49.199999999999996, 78.0, 92.39999999999999, 63.599999999999994, 63.599999999999994, 56.4, 42.0, 13.2, 32.4, 32.4, 46.8, 61.199999999999996, 32.4, 61.199999999999996, 92.39999999999999, 78.0, 63.599999999999994, 92.39999999999999, 63.599999999999994, 78.0, 63.599999999999994, 49.199999999999996, 63.599999999999994, 63.599999999999994, 92.39999999999999, 92.39999999999999, 55.8, 41.4, 12.6, 55.8, 41.4, 27.0, 46.199999999999996, 46.199999999999996, 46.199999999999996, 91.8, 48.6, 91.8, 48.6, 77.39999999999999, 77.39999999999999, 91.8, 48.6, 48.6, 91.8, 91.8, 77.39999999999999, 27.0, 41.4, 41.4, 55.8, 12.6, 55.8, 31.799999999999997, 60.599999999999994, 60.599999999999994, 63.0, 48.6, 63.0, 63.0, 63.0, 77.39999999999999, 91.8, 77.39999999999999, 91.8, 63.0, 77.39999999999999, 77.39999999999999]
mode = [0, 0, 0, 0, 0, 0, 0, 0, 0, 0, 0, 0, 0, 0, 0, 0, 0, 0, 0, 0, 0, 0, 0, 0, 0, 0, 0, 0, 0, 0, 0, 0, 0, 0, 0, 0, 0, 0, 0, 0, 0, 0, 0, 0, 0, 0, 0, 0, 0, 0, 0, 0, 0, 0, 0, 0, 0, 0, 0, 0, 0, 0, 0, 0, 0, 0, 0, 0, 0, 0, 0, 0, 0, 0, 0, 0, 0, 0, 0, 0, 0, 0, 0, 0, 0, 0, 0, 0, 0, 0, 0, 0, 0, 0, 0, 0, 0, 0, 0, 0, 0, 0, 0, 0, 0, 0, 0, 0, 0, 0, 0, 0, 0, 0, 0, 0, 0, 0, 0, 0, 0, 0, 0, 0, 0, 0, 0, 0, 0, 0, 0, 0, 0, 0, 0, 0, 0, 0, 0, 0, 0, 0, 0, 0, 0, 0, 0, 0, 0, 0, 0, 0, 0, 0, 0, 0, 0, 0, 0, 0, 1, 1, 1, 1, 1, 1, 1, 1, 1, 1, 1, 1, 1, 1, 1, 1, 1, 1, 1, 1, 1, 1, 1, 1, 1, 1, 1, 2, 2, 2, 2, 2, 2, 2, 2, 2, 2, 2, 2, 2, 2, 2, 2, 2, 2, 2, 2, 2, 2, 2, 2, 2, 2, 2, 2, 2, 2, 2, 2, 2, 2, 2, 2, 2, 2, 2, 2, 2, 2, 2, 2, 2, 2, 2, 2, 2, 2, 2, 2, 2, 2, 2, 2, 2, 2, 2, 2, 2, 2, 2, 2, 2, 2, 2, 2, 2, 2, 2, 2, 2, 2, 2, 2, 2, 2, 2, 2, 2, 2, 2, 2]
delivery_process = ['Cross-Docking', 'Direct-Shipment', 'Direct-Shipment', 'Cross-Docking']
distance_ln = [[9.93, 5.81, 1.17, 3.89, 4.41, 6.95, 6.15, 5.73, 11.92, 12.98, 17.8, 17.09, 9.14, 2.42, 6.84, 6.6, 11.53, 0.75, 4.72, 3.88, 2.53, 2.4, 2.23, 3.16, 12.93, 0.0, 12.94, 4.11, 0.83, 4.31, 3.85, 8.6, 3.88, 13.54, 4.03, 2.73, 1.62, 13.67, 7.64, 10.58, 11.91, 12.27, 0.77, 7.02, 3.64, 2.43, 12.31, 1.27, 3.0, 13.98], [2.39, 3.26, 0.92, 0.95, 11.92, 4.43, 3.88, 7.86, 7.53, 11.55, 5.5, 8.02, 4.4, 2.16, 5.54, 13.25, 1.33, 7.58, 3.76, 6.47, 7.69, 2.59, 5.34, 8.72, 1.62, 3.09, 2.26, 1.18, 2.56, 7.77, 4.8, 5.72, 3.95, 5.67, 13.6, 1.93, 2.28, 1.34, 3.38, 4.17, 4.62, 1.25, 6.26, 10.94, 7.3, 4.54, 0.71, 2.95, 5.11, 2.7], [11.31, 2.7, 6.96, 1.69, 2.73, 0.88, 4.35, 3.64, 3.7, 2.71, 6.16, 3.41, 3.52, 13.62, 3.51, 1.32, 4.1, 2.77, 5.94, 11.33, 13.31, 2.83, 3.84, 9.99, 4.65, 4.58, 0.32, 0.9, 1.69, 0.89, 6.35, 8.6, 8.04, 7.09, 14.02, 12.32, 10.18, 2.08, 10.48, 4.82, 2.64, 3.19, 3.27, 9.04, 5.23, 7.24, 4.25, 3.97, 3.46, 3.66], [10.07, 11.28, 5.33, 6.58, 3.88, 2.79, 4.72, 0.95, 0.78, 0.97, 2.6, 2.6, 8.88, 12.39, 3.19, 2.62, 3.34, 2.97, 11.62, 9.13, 2.16, 1.5, 10.47, 5.27, 2.25, 3.26, 3.7, 4.08, 5.78, 1.32, 10.34, 0.49, 2.16, 1.67, 12.31, 15.15, 4.35, 2.13, 5.65, 4.37, 3.56, 2.71, 6.57, 3.1, 2.72, 8.71, 0.74, 4.89, 6.02, 5.06]]
distance_nn = [[0.0, 14.22, 6.41, 2.33, 4.36, 2.02, 1.97, 3.54, 8.17, 15.95, 4.81, 9.72, 2.03, 5.25, 2.52, 12.46, 5.47, 9.93, 0.31, 0.4, 15.28, 1.38, 9.79, 4.48, 2.67, 9.33, 3.6, 3.11, 2.45, 6.97, 1.16, 4.49, 10.41, 13.76, 13.5, 0.5, 7.32, 3.08, 0.49, 6.53, 1.47, 8.31, 2.32, 2.55, 9.82, 4.7, 4.74, 8.64, 0.79, 12.6], [20.04, 0.0, 15.99, 15.63, 10.65, 15.92, 17.9, 9.8, 10.77, 12.99, 7.72, 5.77, 4.76, 9.46, 3.26, 9.43, 9.4, 5.54, 15.6, 18.8, 1.4, 7.44, 0.99, 4.96, 5.17, 2.03, 19.78, 5.42, 2.98, 21.24, 14.59, 1.59, 16.71, 5.95, 0.67, 6.66, 2.84, 21.35, 18.2, 6.53, 16.36, 6.06, 4.45, 7.09, 6.24, 14.73, 8.3, 7.11, 4.75, 12.37], [3.57, 12.69, 0.0, 5.66, 5.4, 3.56, 3.7, 1.04, 1.59, 8.04, 9.25, 7.57, 3.39, 3.67, 8.89, 13.99, 5.15, 4.52, 3.71, 7.28, 8.76, 2.57, 8.56, 4.97, 2.02, 1.42, 3.21, 4.6, 2.28, 9.43, 1.32, 5.62, 11.58, 1.79, 5.28, 4.92, 3.79, 7.22, 1.08, 6.84, 6.38, 2.32, 4.87, 8.01, 4.43, 6.08, 1.91, 0.97, 1.64, 2.98], [2.1, 14.01, 1.58, 0.0, 15.33, 3.84, 8.32, 4.35, 3.57, 11.87, 8.46, 5.38, 4.86, 5.81, 5.06, 17.45, 8.42, 13.1, 1.95, 2.54, 3.88, 1.99, 12.17, 1.41, 3.12, 10.07, 1.88, 5.88, 1.58, 10.02, 4.66, 7.87, 5.74, 1.66, 9.64, 3.65, 5.64, 9.98, 3.79, 12.63, 7.13, 1.34, 5.93, 8.67, 8.12, 7.53, 2.06, 2.94, 3.22, 5.17], [10.03, 9.7, 4.41, 14.57, 0.0, 5.35, 5.48, 10.84, 1.8, 0.87, 3.53, 7.24, 8.95, 17.92, 16.88, 3.39, 1.13, 9.13, 4.02, 18.11, 15.37, 1.74, 5.72, 5.15, 14.0, 14.71, 4.09, 5.85, 11.26, 8.4, 5.01, 0.63, 0.43, 0.55, 13.76, 13.25, 3.33, 9.75, 15.82, 3.23, 8.08, 2.96, 8.31, 3.33, 4.94, 10.56, 6.54, 5.35, 1.75, 13.65], [9.82, 8.14, 1.35, 1.97, 4.1, 0.0, 11.59, 3.61, 2.62, 6.99, 1.4, 0.88, 1.99, 5.99, 4.3, 12.61, 7.54, 7.27, 8.32, 8.32, 5.67, 1.49, 15.15, 8.53, 2.83, 14.88, 0.79, 3.32, 6.83, 1.44, 6.7, 11.88, 13.23, 9.1, 16.37, 6.77, 7.65, 3.85, 2.23, 4.72, 0.72, 6.28, 1.54, 9.87, 5.23, 2.11, 3.4, 9.53, 3.12, 2.08], [4.58, 6.41, 3.03, 3.14, 16.93, 7.23, 0.0, 3.79, 16.34, 11.56, 12.5, 18.55, 9.98, 1.72, 0.5, 17.59, 7.67, 4.04, 2.2, 2.14, 8.98, 7.44, 2.29, 1.57, 7.56, 6.53, 13.78, 12.66, 5.12, 2.07, 0.89, 11.45, 8.71, 9.82, 3.79, 1.08, 4.07, 16.53, 1.0, 4.89, 18.0, 6.42, 1.34, 9.01, 8.28, 0.0, 7.71, 1.73, 3.62, 13.82], [4.2, 1.58, 4.01, 5.24, 2.88, 3.4, 7.93, 0.0, 2.14, 7.97, 13.18, 14.87, 2.81, 2.93, 3.1, 10.78, 2.26, 0.77, 6.52, 6.04, 5.38, 2.43, 0.64, 1.36, 9.49, 3.74, 4.25, 5.51, 2.45, 5.93, 3.06, 6.07, 1.85, 1.83, 3.8, 4.49, 2.19, 15.41, 1.86, 1.11, 13.62, 5.01, 2.5, 1.58, 2.11, 5.9, 5.51, 3.62, 0.44, 15.72], [10.48, 9.85, 2.57, 7.29, 3.46, 6.87, 9.02, 5.98, 0.0, 2.88, 3.73, 8.06, 1.7, 12.51, 11.5, 1.39, 3.36, 5.65, 14.02, 3.07, 5.73, 0.56, 4.01, 1.19, 2.44, 4.84, 3.17, 1.86, 5.0, 2.68, 4.56, 4.13, 5.26, 1.92, 7.95, 13.63, 10.87, 3.46, 10.48, 2.84, 7.92, 0.92, 7.9, 2.87, 5.16, 13.56, 5.8, 10.89, 5.33, 8.13], [14.36, 2.49, 1.27, 2.2, 2.51, 7.77, 3.58, 9.18, 2.58, 0.0, 0.6, 5.77, 3.5, 6.48, 10.99, 5.34, 1.75, 10.56, 6.59, 16.49, 12.7, 5.11, 9.4, 3.37, 2.66, 9.63, 0.56, 5.74, 7.59, 4.63, 16.58, 6.48, 1.13, 4.97, 2.58, 13.76, 7.48, 6.04, 9.09, 1.03, 3.13, 7.2, 16.58, 1.83, 8.69, 8.04, 8.06, 9.72, 2.87, 1.38], [12.23, 3.25, 7.06, 7.64, 1.83, 8.64, 20.67, 8.92, 4.23, 0.86, 0.0, 1.02, 2.07, 2.67, 9.73, 2.44, 8.23, 7.33, 5.0, 15.71, 8.37, 3.85, 2.6, 2.92, 4.67, 17.16, 3.21, 5.97, 8.95, 2.84, 10.78, 7.13, 1.14, 2.03, 1.85, 11.2, 2.12, 6.93, 9.66, 4.91, 3.49, 4.52, 2.67, 1.47, 4.09, 14.67, 3.47, 6.41, 4.01, 5.16], [8.89, 19.62, 8.7, 5.92, 5.67, 3.33, 14.79, 6.34, 10.27, 2.81, 1.75, 0.0, 2.27, 8.47, 16.29, 9.04, 8.01, 2.46, 8.25, 2.95, 20.34, 8.06, 11.2, 16.95, 3.76, 5.54, 5.52, 2.68, 4.25, 1.24, 4.16, 1.51, 9.79, 9.68, 2.82, 7.35, 9.89, 0.44, 5.91, 3.94, 0.86, 4.89, 13.71, 13.27, 14.17, 15.6, 5.35, 9.11, 14.62, 1.83], [7.73, 7.82, 5.9, 4.35, 5.73, 0.51, 4.58, 10.31, 2.14, 2.14, 3.03, 3.16, 0.0, 11.07, 9.15, 9.47, 8.39, 6.58, 7.7, 8.9, 2.7, 4.28, 7.39, 8.12, 2.07, 11.15, 1.65, 3.85, 7.84, 1.25, 12.2, 8.44, 3.67, 6.01, 13.47, 5.74, 8.51, 0.85, 6.56, 5.25, 2.89, 5.49, 9.53, 13.22, 9.22, 13.39, 2.5, 4.24, 6.41, 0.8], [3.16, 14.05, 4.16, 8.56, 8.63, 12.2, 0.33, 6.07, 4.27, 9.08, 16.06, 8.91, 5.73, 0.0, 2.98, 10.7, 2.13, 5.9, 3.34, 1.65, 10.02, 9.06, 6.59, 5.52, 11.39, 3.24, 10.0, 5.02, 5.44, 12.1, 0.8, 3.35, 20.4, 6.66, 7.83, 0.98, 2.41, 7.85, 1.62, 9.91, 5.86, 4.25, 0.52, 11.28, 8.35, 2.43, 2.24, 1.1, 2.87, 15.32], [1.96, 2.93, 7.44, 6.92, 15.64, 7.5, 0.63, 8.04, 8.84, 10.74, 9.07, 11.37, 7.71, 1.72, 0.0, 8.74, 7.2, 6.08, 2.73, 0.73, 5.8, 9.22, 1.7, 4.78, 2.78, 6.14, 12.92, 6.86, 5.04, 2.77, 1.18, 12.91, 19.96, 4.53, 12.4, 1.64, 7.08, 15.51, 2.98, 1.45, 7.78, 2.86, 1.5, 4.04, 5.75, 0.9, 7.33, 0.77, 5.08, 3.89], [14.91, 4.56, 9.46, 19.47, 1.37, 6.92, 18.43, 5.71, 1.5, 0.83, 0.61, 4.74, 2.19, 13.46, 21.87, 0.0, 5.11, 11.02, 20.12, 21.57, 9.24, 10.36, 16.92, 3.92, 12.3, 20.54, 10.25, 2.61, 9.42, 12.47, 20.15, 4.31, 0.71, 3.76, 9.48, 15.93, 10.86, 7.9, 5.03, 2.82, 7.88, 6.1, 13.84, 3.21, 3.08, 7.24, 6.61, 3.16, 12.07, 14.56], [9.43, 7.42, 5.52, 4.67, 2.61, 3.16, 8.54, 4.16, 1.08, 2.07, 6.65, 12.15, 5.75, 9.58, 2.87, 7.82, 0.0, 2.18, 4.39, 15.06, 4.78, 1.31, 1.25, 1.38, 7.69, 4.12, 1.74, 6.24, 3.29, 9.22, 8.24, 1.38, 8.45, 2.78, 6.37, 9.25, 3.42, 8.68, 5.89, 0.77, 4.99, 3.91, 5.94, 1.44, 2.83, 2.03, 0.81, 2.08, 3.15, 10.68], [7.39, 2.78, 1.37, 3.28, 7.93, 13.76, 8.87, 2.9, 6.81, 5.03, 5.63, 14.6, 10.71, 1.99, 3.5, 8.23, 0.86, 0.0, 3.42, 2.1, 5.68, 7.02, 2.26, 0.57, 11.98, 1.22, 6.22, 2.32, 3.96, 12.59, 3.72, 1.74, 11.06, 6.78, 1.13, 12.93, 2.92, 15.38, 6.39, 2.33, 13.97, 8.51, 4.89, 6.62, 2.07, 7.65, 8.34, 4.93, 5.84, 2.51], [0.98, 7.17, 4.79, 0.74, 5.94, 6.52, 0.46, 3.66, 10.69, 8.73, 16.62, 8.81, 8.82, 3.71, 2.48, 15.99, 2.51, 8.43, 0.0, 1.38, 7.07, 5.01, 10.01, 9.6, 1.95, 5.05, 12.57, 5.61, 1.97, 7.74, 2.13, 8.66, 10.51, 3.9, 12.61, 0.27, 1.85, 4.63, 0.26, 2.6, 1.42, 4.13, 3.75, 10.76, 5.68, 2.84, 6.39, 5.06, 2.38, 11.95], [2.84, 7.94, 2.1, 2.19, 5.06, 8.66, 0.55, 7.18, 3.6, 8.5, 14.96, 12.81, 5.64, 2.84, 0.87, 2.73, 13.83, 5.44, 2.15, 0.0, 9.94, 12.45, 11.51, 12.59, 10.63, 5.79, 4.33, 4.77, 1.68, 7.24, 4.34, 15.46, 19.67, 7.7, 15.0, 0.13, 3.85, 17.35, 3.34, 6.23, 12.51, 6.1, 0.88, 7.68, 12.39, 1.77, 9.95, 6.82, 6.57, 6.59], [7.06, 5.14, 7.25, 14.71, 15.66, 14.59, 10.84, 3.57, 9.77, 10.9, 5.66, 9.19, 8.62, 2.87, 7.46, 15.15, 10.19, 2.97, 14.53, 3.33, 0.0, 6.35, 1.0, 2.78, 5.16, 4.32, 15.04, 13.47, 9.49, 5.4, 2.51, 9.11, 9.66, 7.93, 0.91, 10.86, 2.94, 2.98, 9.31, 3.22, 17.34, 9.57, 8.16, 7.99, 6.6, 5.36, 14.25, 3.61, 6.81, 23.14], [7.63, 7.3, 3.26, 6.58, 2.99, 0.96, 8.0, 3.2, 1.57, 4.75, 1.21, 2.82, 3.67, 9.32, 7.96, 7.64, 3.96, 6.15, 5.37, 3.05, 8.59, 0.0, 10.86, 2.93, 4.15, 1.94, 0.97, 0.45, 2.09, 2.51, 6.59, 2.44, 10.59, 1.92, 6.22, 1.85, 5.02, 5.61, 6.51, 6.25, 4.86, 0.5, 1.43, 4.88, 5.29, 7.69, 1.1, 10.1, 7.12, 2.8], [1.91, 2.51, 2.53, 9.31, 14.59, 1.75, 7.44, 0.72, 3.52, 13.64, 15.64, 5.89, 17.22, 3.09, 2.56, 10.8, 3.08, 1.01, 8.49, 2.7, 1.65, 3.66, 0.0, 1.88, 13.89, 0.48, 2.3, 9.35, 1.87, 18.56, 1.64, 2.74, 4.71, 11.58, 1.23, 5.07, 0.45, 17.19, 10.3, 7.05, 5.85, 1.64, 5.61, 5.84, 3.37, 7.57, 9.91, 3.89, 0.97, 3.41], [4.93, 7.08, 8.23, 11.67, 4.18, 2.58, 9.28, 1.34, 3.63, 2.81, 2.82, 14.59, 6.35, 1.85, 5.3, 13.39, 1.21, 0.14, 9.15, 12.26, 3.9, 1.38, 1.18, 0.0, 6.09, 4.84, 9.77, 10.06, 5.37, 11.5, 7.36, 5.51, 2.93, 4.34, 1.91, 1.49, 2.74, 13.0, 1.73, 4.24, 5.68, 1.99, 4.48, 3.2, 1.1, 4.75, 3.22, 4.94, 4.67, 13.4], [1.55, 16.47, 4.24, 1.43, 13.26, 0.99, 6.79, 3.68, 7.66, 12.03, 1.47, 4.47, 0.38, 2.57, 1.54, 3.16, 4.2, 9.69, 5.6, 7.1, 8.3, 2.02, 5.1, 2.45, 0.0, 5.62, 3.77, 3.48, 7.18, 2.24, 8.8, 6.4, 2.89, 2.77, 18.23, 9.49, 8.2, 7.24, 6.42, 2.55, 4.02, 0.89, 3.58, 6.4, 6.49, 7.89, 0.52, 4.87, 1.08, 5.8], [2.29, 6.63, 9.06, 6.7, 2.57, 2.42, 6.79, 4.28, 14.34, 18.58, 12.33, 4.61, 5.29, 2.91, 1.12, 4.54, 4.12, 3.7, 7.87, 3.6, 0.78, 8.86, 3.07, 3.85, 1.78, 0.0, 5.43, 10.21, 7.17, 2.27, 4.65, 5.62, 7.65, 14.34, 4.48, 3.78, 1.47, 17.07, 7.04, 8.32, 3.49, 10.01, 3.19, 10.95, 6.3, 6.47, 3.6, 1.24, 3.0, 7.2], [5.44, 12.04, 1.08, 8.13, 5.22, 0.84, 6.22, 2.6, 1.32, 3.9, 1.99, 3.97, 1.65, 8.63, 5.74, 6.96, 2.15, 8.11, 9.19, 6.98, 2.23, 2.83, 12.27, 3.69, 4.67, 8.3, 0.0, 1.23, 5.89, 1.93, 8.2, 7.14, 6.9, 3.19, 13.26, 10.4, 5.29, 3.33, 10.97, 9.59, 1.54, 2.52, 12.97, 2.38, 1.35, 15.51, 1.8, 6.01, 5.07, 1.54], [6.32, 14.0, 3.76, 3.89, 8.88, 3.6, 11.66, 3.58, 4.43, 5.47, 3.6, 4.92, 3.03, 11.72, 6.91, 12.16, 5.76, 1.93, 10.81, 6.07, 7.14, 2.18, 4.84, 2.9, 2.58, 15.05, 0.55, 0.0, 4.38, 1.47, 10.52, 5.4, 11.29, 6.88, 9.61, 3.44, 13.29, 2.88, 10.51, 3.59, 1.71, 0.69, 8.98, 3.06, 7.61, 9.96, 3.47, 10.36, 7.73, 1.96], [1.2, 2.88, 1.44, 4.59, 8.68, 4.72, 1.08, 2.23, 7.0, 2.43, 2.14, 8.03, 1.75, 5.61, 8.23, 2.87, 1.38, 3.48, 1.26, 1.15, 8.12, 1.56, 3.42, 4.75, 3.76, 2.0, 5.13, 5.76, 0.0, 9.39, 1.1, 2.16, 7.28, 2.23, 7.07, 5.63, 3.86, 2.95, 4.47, 5.34, 5.35, 2.5, 3.04, 8.18, 3.42, 9.06, 0.65, 3.42, 2.27, 11.1], [5.71, 15.93, 3.06, 6.76, 11.2, 3.88, 7.5, 9.14, 1.16, 7.77, 4.91, 2.0, 1.4, 10.37, 4.48, 3.47, 2.52, 5.74, 14.89, 14.16, 7.76, 7.0, 13.76, 7.74, 1.08, 12.35, 0.65, 2.06, 10.63, 0.0, 9.6, 8.76, 7.58, 2.51, 8.94, 14.44, 8.5, 0.33, 8.77, 11.43, 0.35, 6.78, 5.4, 12.64, 15.03, 15.62, 5.06, 14.41, 3.1, 3.58], [3.65, 11.97, 5.89, 3.6, 4.16, 6.49, 0.88, 2.54, 3.87, 2.45, 4.4, 8.89, 10.45, 0.69, 3.13, 16.68, 9.92, 2.78, 0.72, 3.89, 2.08, 6.91, 2.26, 3.78, 2.98, 0.68, 2.78, 10.27, 3.28, 4.36, 0.0, 6.12, 7.85, 8.37, 5.3, 0.55, 1.37, 5.19, 3.17, 10.38, 10.02, 6.98, 0.37, 7.97, 4.91, 1.98, 4.44, 1.25, 0.72, 6.61], [14.96, 9.66, 1.08, 4.71, 3.22, 11.07, 8.03, 3.51, 1.43, 2.41, 2.62, 5.53, 12.46, 7.66, 8.82, 1.7, 1.14, 1.14, 6.08, 14.26, 6.69, 3.2, 6.98, 0.81, 6.34, 12.42, 1.73, 8.23, 3.94, 5.16, 7.72, 0.0, 5.28, 1.41, 3.27, 10.01, 9.38, 8.74, 8.93, 1.27, 5.58, 4.49, 11.06, 1.31, 3.8, 4.39, 7.41, 4.36, 5.3, 12.56], [18.91, 5.49, 9.68, 6.52, 3.78, 2.22, 16.62, 7.82, 8.27, 2.4, 4.71, 13.27, 4.38, 18.51, 21.81, 0.66, 7.41, 2.53, 18.62, 4.24, 6.68, 5.02, 17.45, 11.48, 1.96, 21.38, 7.36, 9.26, 9.46, 1.86, 9.01, 6.39, 0.0, 2.61, 10.34, 22.77, 12.85, 11.33, 13.89, 8.71, 13.21, 2.8, 6.44, 4.89, 1.72, 11.45, 3.06, 16.97, 6.05, 17.08], [4.92, 5.12, 5.76, 5.61, 1.23, 6.33, 13.18, 5.18, 1.64, 0.55, 1.65, 3.57, 8.11, 2.46, 12.28, 4.76, 0.85, 7.19, 13.05, 9.05, 3.86, 1.12, 10.15, 7.32, 9.7, 13.85, 2.15, 6.48, 2.92, 6.65, 4.06, 0.56, 3.23, 0.0, 7.53, 8.66, 9.63, 6.75, 12.28, 2.27, 5.31, 1.16, 13.44, 2.23, 2.03, 15.41, 7.05, 7.87, 5.41, 10.15], [4.56, 3.89, 11.41, 16.73, 8.54, 9.18, 10.72, 0.99, 7.39, 13.88, 12.06, 15.87, 8.7, 7.0, 5.24, 7.92, 9.4, 0.67, 7.18, 3.39, 1.37, 9.49, 2.91, 1.45, 18.14, 0.83, 5.82, 9.24, 2.51, 20.4, 3.45, 6.8, 3.21, 11.27, 0.0, 16.01, 2.97, 6.29, 8.83, 4.41, 5.88, 4.1, 10.23, 8.9, 2.74, 4.21, 12.92, 4.88, 5.15, 4.27], [1.54, 13.8, 1.59, 4.68, 10.44, 8.88, 1.55, 2.77, 4.29, 14.83, 20.55, 3.86, 5.94, 3.77, 1.01, 12.34, 4.59, 4.89, 0.29, 0.18, 12.06, 3.84, 1.29, 2.99, 8.7, 8.7, 6.35, 7.39, 5.96, 15.29, 2.12, 3.04, 6.62, 12.82, 9.47, 0.0, 4.89, 12.04, 1.11, 9.58, 5.32, 5.52, 2.9, 10.55, 6.96, 0.68, 7.35, 6.92, 5.76, 5.01], [2.11, 5.89, 2.05, 12.07, 2.96, 1.91, 5.78, 0.67, 8.25, 2.87, 10.78, 14.19, 2.21, 4.42, 5.63, 5.31, 4.22, 3.85, 0.93, 3.39, 3.73, 9.78, 0.26, 1.49, 9.53, 0.69, 13.6, 10.67, 3.49, 7.46, 4.18, 9.15, 11.2, 5.58, 2.42, 5.45, 0.0, 10.19, 3.31, 7.24, 12.46, 6.34, 5.78, 2.12, 1.59, 7.88, 1.13, 1.04, 0.46, 18.57], [11.93, 19.99, 7.55, 7.17, 7.97, 1.52, 2.86, 3.02, 5.11, 2.21, 2.85, 1.0, 5.14, 6.34, 4.2, 10.63, 1.58, 3.15, 13.9, 16.59, 17.73, 1.78, 14.73, 8.9, 4.91, 13.98, 1.93, 0.84, 10.99, 0.84, 4.84, 9.51, 3.08, 7.76, 5.63, 14.77, 9.77, 0.0, 2.11, 11.07, 0.28, 3.23, 17.96, 11.37, 5.45, 17.35, 4.9, 12.78, 8.92, 0.9], [0.89, 7.92, 1.66, 0.85, 9.85, 5.44, 3.79, 4.75, 5.18, 12.16, 4.68, 8.66, 4.87, 1.2, 1.24, 12.46, 1.92, 3.87, 0.87, 3.13, 11.65, 7.07, 2.65, 10.76, 6.06, 8.11, 4.0, 4.85, 2.7, 7.71, 4.77, 9.0, 8.81, 4.4, 15.41, 0.95, 3.23, 1.79, 0.0, 1.7, 5.93, 8.79, 4.83, 15.0, 4.99, 2.14, 4.06, 7.36, 3.55, 3.04], [3.71, 4.02, 2.26, 7.99, 1.86, 1.95, 9.71, 1.03, 1.54, 4.2, 4.94, 6.08, 11.53, 1.52, 1.95, 8.66, 1.37, 0.55, 4.89, 12.7, 9.06, 5.05, 7.28, 4.27, 5.4, 4.64, 8.26, 9.58, 3.5, 10.68, 8.43, 0.22, 6.4, 2.36, 6.06, 5.56, 4.82, 10.31, 6.42, 0.0, 10.74, 3.31, 10.03, 0.76, 0.32, 10.04, 3.09, 5.54, 3.07, 4.04], [3.87, 6.44, 5.98, 3.36, 7.75, 1.83, 8.57, 13.42, 6.94, 2.92, 1.54, 0.88, 1.55, 10.2, 3.67, 4.87, 11.81, 3.82, 13.24, 11.78, 15.84, 4.9, 10.14, 14.82, 2.94, 5.01, 3.1, 1.18, 11.64, 0.59, 10.48, 8.26, 7.09, 6.82, 5.7, 11.09, 11.02, 0.49, 9.37, 3.86, 0.0, 3.78, 10.92, 13.39, 5.6, 13.18, 6.9, 14.47, 11.87, 2.04], [6.07, 6.18, 2.62, 5.9, 4.13, 6.19, 5.9, 1.15, 1.8, 3.36, 1.47, 2.09, 1.63, 8.0, 12.21, 1.78, 1.34, 4.22, 5.25, 7.42, 6.72, 0.43, 4.36, 9.25, 1.72, 10.01, 0.8, 1.73, 1.62, 4.02, 8.93, 3.25, 8.96, 5.02, 12.77, 3.37, 9.31, 7.33, 9.56, 3.15, 1.81, 0.0, 5.14, 6.89, 5.82, 8.81, 3.16, 2.77, 2.61, 9.64], [4.2, 10.48, 5.14, 2.07, 7.44, 3.52, 1.24, 1.99, 5.52, 17.37, 2.82, 10.68, 4.88, 0.12, 0.71, 21.1, 8.82, 8.14, 0.49, 0.49, 5.27, 5.48, 3.06, 8.0, 2.63, 3.15, 6.8, 10.71, 2.01, 13.74, 1.34, 13.79, 5.53, 3.06, 4.94, 2.01, 1.31, 7.85, 4.6, 4.13, 15.23, 6.82, 0.0, 13.15, 5.24, 1.36, 8.71, 2.07, 3.48, 1.9], [3.82, 7.61, 6.05, 8.79, 3.55, 4.13, 8.69, 2.98, 2.69, 3.7, 1.45, 10.78, 2.82, 9.91, 13.66, 5.59, 2.52, 5.19, 4.21, 6.51, 6.85, 1.47, 2.84, 2.35, 9.95, 4.43, 3.64, 3.71, 0.86, 2.02, 10.28, 0.17, 5.39, 2.09, 10.65, 5.33, 10.5, 10.1, 2.94, 1.26, 3.74, 4.09, 14.09, 0.0, 3.23, 13.03, 3.8, 12.41, 3.16, 4.4], [4.28, 1.67, 6.86, 3.01, 4.03, 12.48, 9.16, 3.34, 5.64, 7.2, 8.92, 9.28, 11.32, 6.38, 2.96, 11.36, 1.89, 1.55, 9.18, 6.87, 1.27, 7.39, 5.32, 1.18, 2.27, 7.32, 2.26, 1.35, 5.74, 4.46, 1.46, 1.13, 4.37, 0.88, 4.0, 7.64, 5.91, 3.67, 8.29, 1.85, 4.72, 5.56, 2.27, 3.73, 0.0, 11.93, 9.49, 2.83, 4.42, 11.41], [3.95, 7.9, 7.82, 6.23, 15.31, 9.04, 0.0, 5.82, 13.83, 6.47, 5.76, 4.09, 11.92, 2.4, 0.72, 22.85, 11.01, 10.35, 2.65, 0.26, 5.91, 9.35, 7.75, 10.52, 3.86, 3.97, 7.84, 6.83, 1.12, 3.27, 1.48, 12.77, 23.37, 16.16, 9.48, 1.8, 2.17, 2.58, 2.49, 11.45, 2.03, 1.89, 1.29, 12.54, 7.87, 0.0, 2.0, 5.9, 1.47, 17.57], [1.07, 8.31, 0.7, 2.27, 2.39, 4.72, 2.75, 6.85, 3.53, 5.83, 8.48, 6.14, 2.08, 3.42, 5.8, 13.15, 5.47, 4.09, 0.88, 8.33, 14.55, 1.84, 3.66, 2.78, 2.91, 6.29, 4.69, 4.07, 4.91, 5.51, 6.99, 6.72, 13.91, 1.28, 5.57, 8.12, 2.59, 2.48, 5.27, 8.99, 4.76, 1.44, 8.82, 7.34, 3.09, 2.42, 0.0, 6.45, 5.44, 2.86], [3.48, 3.82, 1.27, 5.75, 15.65, 14.97, 2.98, 0.94, 8.24, 16.72, 9.62, 1.92, 6.91, 2.02, 4.08, 11.94, 5.38, 0.65, 4.83, 6.85, 6.27, 10.69, 1.21, 5.22, 2.79, 0.65, 8.71, 11.62, 5.76, 12.33, 0.41, 5.57, 10.23, 1.38, 5.11, 1.78, 1.87, 1.94, 1.81, 2.81, 10.75, 10.03, 2.17, 7.71, 6.11, 4.85, 7.37, 0.0, 1.34, 10.3], [1.1, 2.96, 1.87, 2.32, 4.31, 3.88, 5.58, 1.25, 9.4, 4.48, 4.0, 14.31, 11.14, 0.84, 1.25, 11.58, 6.19, 1.48, 4.61, 7.11, 4.37, 8.41, 1.46, 1.93, 6.75, 1.2, 5.01, 8.01, 3.04, 14.38, 0.51, 6.51, 8.41, 3.75, 6.61, 4.75, 0.67, 8.24, 0.71, 3.47, 13.54, 3.97, 3.49, 10.86, 5.58, 2.03, 7.18, 2.58, 0.0, 9.23], [11.64, 23.96, 3.78, 7.42, 11.26, 0.68, 15.88, 8.42, 10.67, 10.9, 3.59, 0.83, 0.57, 15.42, 5.69, 11.47, 12.44, 2.35, 5.12, 4.89, 2.94, 7.01, 7.33, 16.27, 1.07, 9.22, 1.25, 1.6, 10.35, 2.21, 9.15, 12.42, 16.85, 4.72, 5.06, 14.24, 18.38, 2.45, 10.4, 6.59, 1.35, 3.06, 12.85, 6.87, 6.97, 7.34, 6.57, 11.45, 2.42, 0.0]]
vans = [10, 6, 6, 8]

