J = [0, 1, 2]
K = [3, 4, 5]
L = [6, 7, 8]
I = [0, 1, 2, 3, 4, 5, 6, 7, 8]
N = [0, 1, 2, 3, 4, 5, 6, 7, 8, 9, 10, 11, 12, 13, 14, 15, 16, 17, 18, 19, 20, 21, 22, 23, 24, 25, 26, 27, 28, 29, 30, 31, 32, 33, 34, 35, 36, 37, 38, 39, 40, 41, 42, 43, 44, 45, 46, 47, 48, 49, 50, 51, 52, 53, 54, 55, 56, 57, 58, 59, 60, 61, 62, 63, 64, 65, 66, 67, 68, 69, 70, 71, 72, 73, 74]
demand = [455, 499, 577, 1169, 694, 647, 599, 1111, 813, 1031, 809, 892, 561, 925, 951, 975, 412, 1198, 865, 939, 972, 1059, 645, 821, 706, 709, 686, 594, 948, 855, 809, 692, 820, 474, 670, 1026, 587, 1105, 613, 404, 686, 703, 1105, 800, 1149, 1055, 1057, 472, 1171, 433, 669, 539, 952, 650, 1164, 969, 922, 1036, 647, 975, 429, 401, 404, 1034, 798, 1113, 870, 460, 1140, 915, 632, 420, 681, 1055, 1072]
hub = [0, 1, 1, 1, 0, 0, 0, 0, 1, 0, 2, 2, 2, 0, 1, 0, 2, 0, 1, 1, 1, 1, 1, 2, 0, 2, 0, 1, 0, 0, 0, 2, 0, 0, 1, 0, 1, 0, 0, 2, 1, 0, 0, 0, 0, 2, 2, 0, 1, 1, 2, 0, 1, 2, 2, 1, 0, 2, 1, 1, 0, 0, 2, 0, 2, 0, 1, 2, 2, 0, 1, 2, 0, 0, 2]
release = [5, 8, 37, 34, 7, 41, 1, 29, 19, 20, 19, 43, 11, 28, 37, 22, 21, 42, 27, 32, 36, 47, 37, 40, 41, 32, 14, 20, 9, 33, 14, 2, 6, 2, 16, 24, 36, 7, 31, 12, 32, 25, 45, 47, 30, 28, 15, 32, 19, 34, 40, 0, 38, 27, 5, 10, 24, 7, 1, 25, 37, 5, 10, 28, 3, 19, 10, 13, 27, 19, 9, 22, 27, 36, 40]
Nj = [[0, 4, 5, 6, 7, 9, 13, 15, 17, 24, 26, 28, 29, 30, 32, 33, 35, 37, 38, 41, 42, 43, 44, 47, 51, 56, 60, 61, 63, 65, 69, 72, 73], [1, 2, 3, 8, 14, 18, 19, 20, 21, 22, 27, 34, 36, 40, 48, 49, 52, 55, 58, 59, 66, 70], [10, 11, 12, 16, 23, 25, 31, 39, 45, 46, 50, 53, 54, 57, 62, 64, 67, 68, 71, 74]]
Gj = [[0, 1, 2, 3, 4, 5, 6, 7, 8, 9, 10, 11, 12, 13, 14, 15, 16, 17, 18, 19, 20, 21, 22, 23, 24, 25, 26, 27, 28, 29, 30, 31, 32], [33, 34, 35, 36, 37, 38, 39, 40, 41, 42, 43, 44, 45, 46, 47, 48, 49, 50, 51, 52, 53, 54], [55, 56, 57, 58, 59, 60, 61, 62, 63, 64, 65, 66, 67, 68, 69, 70, 71, 72, 73, 74]]
G = [0, 1, 2, 3, 4, 5, 6, 7, 8, 9, 10, 11, 12, 13, 14, 15, 16, 17, 18, 19, 20, 21, 22, 23, 24, 25, 26, 27, 28, 29, 30, 31, 32, 33, 34, 35, 36, 37, 38, 39, 40, 41, 42, 43, 44, 45, 46, 47, 48, 49, 50, 51, 52, 53, 54, 55, 56, 57, 58, 59, 60, 61, 62, 63, 64, 65, 66, 67, 68, 69, 70, 71, 72, 73, 74]
deadline = [216, 240, 240, 168, 216, 168, 240, 192, 192, 216, 192, 240, 240, 168, 240, 240, 192, 240, 168, 168, 192, 240, 240, 240, 192, 168, 216, 216, 192, 168, 192, 216, 168, 192, 192, 192, 192, 240, 192, 216, 240, 192, 192, 168, 240, 240, 168, 216, 216, 240, 216, 168, 240, 168, 168, 192, 168, 168, 168, 240, 192, 216, 216, 216, 216, 192, 240, 168, 192, 240, 168, 168, 240, 192, 168]
weight = [10, 70, 70, 50, 20, 20, 50, 10, 40, 90, 80, 10, 20, 100, 90, 60, 100, 40, 80, 80, 20, 70, 70, 50, 10, 10, 40, 100, 60, 90, 10, 20, 100, 20, 100, 50, 30, 60, 50, 70, 50, 40, 70, 90, 20, 40, 70, 80, 50, 40, 70, 40, 50, 60, 70, 90, 100, 100, 40, 20, 90, 30, 30, 30, 40, 60, 90, 60, 70, 100, 70, 60, 60, 80, 70]
q = 2000
M = [0, 1, 2]
M_description = ['Road', 'Rail', 'Ship']
accessibility = [[1, 0, 0], [1, 1, 0], [1, 1, 1], [1, 1, 1], [1, 1, 1], [1, 1, 1], [1, 0, 0], [1, 1, 0], [1, 1, 1]]
S = [0, 1, 2, 3, 4, 5, 6, 7, 8, 9, 10, 11, 12, 13, 14, 15, 16, 17, 18, 19, 20, 21, 22, 23, 24, 25, 26, 27, 28, 29, 30, 31, 32, 33, 34, 35, 36, 37, 38, 39, 40, 41, 42, 43, 44, 45, 46, 47, 48, 49, 50, 51, 52, 53, 54, 55, 56, 57, 58, 59, 60, 61, 62, 63, 64, 65, 66, 67, 68, 69, 70, 71, 72, 73, 74, 75, 76, 77, 78, 79, 80, 81, 82, 83, 84, 85, 86, 87, 88, 89, 90, 91, 92, 93, 94, 95, 96, 97, 98, 99, 100, 101, 102, 103, 104, 105, 106, 107, 108, 109, 110, 111, 112, 113, 114, 115, 116, 117, 118, 119, 120, 121, 122, 123, 124, 125, 126, 127, 128, 129, 130, 131, 132, 133, 134, 135, 136, 137, 138, 139, 140, 141, 142, 143, 144, 145, 146, 147, 148, 149, 150, 151, 152, 153, 154, 155, 156, 157, 158, 159, 160, 161, 162, 163, 164, 165, 166, 167, 168, 169, 170, 171, 172, 173, 174, 175, 176, 177, 178, 179, 180, 181, 182, 183, 184, 185, 186, 187, 188, 189, 190, 191, 192, 193, 194, 195, 196, 197, 198, 199, 200, 201, 202, 203, 204, 205, 206, 207, 208, 209, 210, 211, 212, 213, 214, 215, 216, 217, 218, 219, 220, 221, 222, 223, 224, 225, 226, 227, 228, 229, 230, 231, 232, 233, 234, 235, 236, 237, 238, 239, 240, 241, 242, 243, 244, 245, 246, 247, 248, 249, 250, 251, 252, 253, 254, 255, 256, 257, 258, 259, 260, 261, 262, 263, 264, 265, 266, 267, 268, 269, 270, 271, 272, 273, 274, 275, 276, 277, 278, 279, 280, 281, 282, 283, 284, 285, 286, 287, 288, 289, 290, 291, 292, 293, 294, 295, 296, 297, 298, 299, 300, 301, 302, 303, 304, 305, 306, 307, 308, 309, 310, 311, 312, 313, 314, 315, 316, 317, 318, 319, 320, 321, 322, 323, 324, 325, 326, 327, 328, 329]
origin = [0, 0, 0, 0, 0, 0, 0, 0, 0, 0, 0, 0, 0, 0, 0, 0, 0, 0, 0, 0, 0, 0, 0, 0, 0, 0, 0, 0, 0, 0, 0, 0, 1, 1, 1, 1, 1, 1, 1, 1, 1, 1, 1, 1, 1, 1, 1, 1, 1, 1, 1, 1, 1, 1, 1, 1, 1, 1, 1, 1, 1, 1, 1, 1, 2, 2, 2, 2, 2, 2, 2, 2, 2, 2, 2, 2, 2, 2, 2, 2, 2, 2, 2, 2, 2, 2, 2, 2, 2, 2, 2, 2, 2, 2, 2, 2, 3, 3, 3, 3, 3, 3, 3, 3, 3, 3, 3, 3, 3, 3, 3, 3, 3, 3, 3, 3, 3, 3, 3, 3, 3, 3, 3, 3, 3, 3, 3, 3, 4, 4, 4, 4, 4, 4, 4, 4, 4, 4, 4, 4, 4, 4, 4, 4, 4, 4, 4, 4, 4, 4, 4, 4, 4, 4, 4, 4, 4, 4, 4, 4, 5, 5, 5, 5, 5, 5, 5, 5, 5, 5, 5, 5, 5, 5, 5, 5, 5, 5, 5, 5, 5, 5, 5, 5, 5, 5, 5, 5, 5, 5, 5, 5, 1, 1, 1, 1, 1, 1, 1, 1, 1, 1, 1, 1, 1, 1, 1, 1, 1, 1, 2, 2, 2, 2, 2, 2, 2, 2, 2, 2, 2, 2, 2, 2, 2, 2, 2, 2, 3, 3, 3, 3, 3, 3, 3, 3, 3, 3, 3, 3, 3, 3, 3, 3, 3, 3, 4, 4, 4, 4, 4, 4, 4, 4, 4, 4, 4, 4, 4, 4, 4, 4, 4, 4, 5, 5, 5, 5, 5, 5, 5, 5, 5, 5, 5, 5, 5, 5, 5, 5, 5, 5, 2, 2, 2, 2, 2, 2, 2, 2, 2, 2, 2, 2, 3, 3, 3, 3, 3, 3, 3, 3, 3, 3, 3, 3, 4, 4, 4, 4, 4, 4, 4, 4, 4, 4, 4, 4, 5, 5, 5, 5, 5, 5, 5, 5, 5, 5, 5, 5]
destination = [1, 1, 1, 1, 2, 2, 2, 2, 3, 3, 3, 3, 4, 4, 4, 4, 5, 5, 5, 5, 6, 6, 6, 6, 7, 7, 7, 7, 8, 8, 8, 8, 0, 0, 0, 0, 2, 2, 2, 2, 3, 3, 3, 3, 4, 4, 4, 4, 5, 5, 5, 5, 6, 6, 6, 6, 7, 7, 7, 7, 8, 8, 8, 8, 0, 0, 0, 0, 1, 1, 1, 1, 3, 3, 3, 3, 4, 4, 4, 4, 5, 5, 5, 5, 6, 6, 6, 6, 7, 7, 7, 7, 8, 8, 8, 8, 0, 0, 0, 0, 1, 1, 1, 1, 2, 2, 2, 2, 4, 4, 4, 4, 5, 5, 5, 5, 6, 6, 6, 6, 7, 7, 7, 7, 8, 8, 8, 8, 0, 0, 0, 0, 1, 1, 1, 1, 2, 2, 2, 2, 3, 3, 3, 3, 5, 5, 5, 5, 6, 6, 6, 6, 7, 7, 7, 7, 8, 8, 8, 8, 0, 0, 0, 0, 1, 1, 1, 1, 2, 2, 2, 2, 3, 3, 3, 3, 4, 4, 4, 4, 6, 6, 6, 6, 7, 7, 7, 7, 8, 8, 8, 8, 2, 2, 2, 3, 3, 3, 4, 4, 4, 5, 5, 5, 7, 7, 7, 8, 8, 8, 1, 1, 1, 3, 3, 3, 4, 4, 4, 5, 5, 5, 7, 7, 7, 8, 8, 8, 1, 1, 1, 2, 2, 2, 4, 4, 4, 5, 5, 5, 7, 7, 7, 8, 8, 8, 1, 1, 1, 2, 2, 2, 3, 3, 3, 5, 5, 5, 7, 7, 7, 8, 8, 8, 1, 1, 1, 2, 2, 2, 3, 3, 3, 4, 4, 4, 7, 7, 7, 8, 8, 8, 3, 3, 3, 4, 4, 4, 5, 5, 5, 8, 8, 8, 2, 2, 2, 4, 4, 4, 5, 5, 5, 8, 8, 8, 2, 2, 2, 3, 3, 3, 5, 5, 5, 8, 8, 8, 2, 2, 2, 3, 3, 3, 4, 4, 4, 8, 8, 8]
departure = [8, 56, 104, 152, 8, 56, 104, 152, 8, 56, 104, 152, 8, 56, 104, 152, 8, 56, 104, 152, 8, 56, 104, 152, 8, 56, 104, 152, 8, 56, 104, 152, 8, 56, 104, 152, 8, 56, 104, 152, 8, 56, 104, 152, 8, 56, 104, 152, 8, 56, 104, 152, 8, 56, 104, 152, 8, 56, 104, 152, 8, 56, 104, 152, 8, 56, 104, 152, 8, 56, 104, 152, 8, 56, 104, 152, 8, 56, 104, 152, 8, 56, 104, 152, 8, 56, 104, 152, 8, 56, 104, 152, 8, 56, 104, 152, 12, 60, 108, 156, 12, 60, 108, 156, 12, 60, 108, 156, 12, 60, 108, 156, 12, 60, 108, 156, 12, 60, 108, 156, 12, 60, 108, 156, 12, 60, 108, 156, 12, 60, 108, 156, 12, 60, 108, 156, 12, 60, 108, 156, 12, 60, 108, 156, 12, 60, 108, 156, 12, 60, 108, 156, 12, 60, 108, 156, 12, 60, 108, 156, 12, 60, 108, 156, 12, 60, 108, 156, 12, 60, 108, 156, 12, 60, 108, 156, 12, 60, 108, 156, 12, 60, 108, 156, 12, 60, 108, 156, 12, 60, 108, 156, 33, 81, 129, 33, 81, 129, 33, 81, 129, 33, 81, 129, 33, 81, 129, 33, 81, 129, 33, 81, 129, 33, 81, 129, 33, 81, 129, 33, 81, 129, 33, 81, 129, 33, 81, 129, 37, 85, 133, 37, 85, 133, 37, 85, 133, 37, 85, 133, 37, 85, 133, 37, 85, 133, 37, 85, 133, 37, 85, 133, 37, 85, 133, 37, 85, 133, 37, 85, 133, 37, 85, 133, 37, 85, 133, 37, 85, 133, 37, 85, 133, 37, 85, 133, 37, 85, 133, 37, 85, 133, 10, 58, 106, 10, 58, 106, 10, 58, 106, 10, 58, 106, 13, 61, 109, 13, 61, 109, 13, 61, 109, 13, 61, 109, 13, 61, 109, 13, 61, 109, 13, 61, 109, 13, 61, 109, 13, 61, 109, 13, 61, 109, 13, 61, 109, 13, 61, 109]
arrival = [76, 100, 172, 244, 52, 148, 196, 244, 108, 132, 156, 204, 84, 132, 156, 204, 60, 156, 180, 204, 112, 136, 184, 280, 112, 184, 232, 232, 136, 208, 208, 280, 52, 148, 148, 196, 28, 148, 124, 220, 84, 156, 204, 252, 108, 156, 156, 204, 60, 156, 180, 252, 112, 160, 256, 280, 160, 184, 256, 256, 160, 208, 256, 256, 52, 76, 124, 220, 52, 124, 124, 172, 108, 132, 204, 204, 108, 132, 180, 252, 60, 132, 156, 252, 160, 208, 208, 280, 112, 184, 184, 256, 88, 136, 232, 232, 56, 104, 128, 176, 80, 128, 128, 248, 56, 80, 200, 176, 64, 160, 184, 208, 64, 160, 184, 232, 164, 212, 212, 260, 140, 212, 236, 236, 92, 188, 188, 284, 80, 104, 200, 224, 80, 104, 128, 248, 80, 104, 128, 176, 64, 112, 208, 208, 64, 112, 160, 208, 140, 212, 188, 236, 116, 164, 188, 308, 116, 188, 188, 260, 32, 152, 176, 176, 80, 80, 152, 224, 80, 80, 128, 248, 64, 160, 208, 256, 112, 112, 160, 256, 140, 188, 236, 284, 92, 164, 236, 260, 92, 212, 188, 236, 78, 174, 174, 86, 158, 182, 110, 134, 230, 86, 134, 230, 162, 234, 210, 186, 210, 210, 126, 150, 198, 86, 182, 182, 134, 182, 182, 134, 158, 206, 138, 162, 282, 114, 186, 234, 58, 106, 178, 58, 154, 226, 114, 138, 234, 114, 186, 210, 166, 214, 214, 190, 190, 262, 82, 106, 154, 106, 178, 178, 138, 138, 186, 114, 162, 234, 190, 214, 238, 142, 166, 262, 58, 106, 154, 58, 154, 226, 114, 162, 234, 138, 162, 234, 190, 238, 286, 190, 190, 238, 88, 136, 184, 88, 160, 208, 112, 112, 160, 164, 140, 260, 82, 130, 202, 90, 114, 210, 66, 162, 186, 166, 166, 214, 58, 130, 154, 114, 138, 210, 66, 162, 210, 142, 166, 262, 34, 106, 154, 90, 138, 186, 114, 162, 186, 142, 190, 262]
Q = [2, 2, 4, 2, 2, 2, 4, 2, 2, 2, 4, 2, 2, 2, 4, 4, 4, 4, 2, 2, 4, 2, 2, 2, 4, 2, 2, 2, 4, 2, 2, 4, 4, 4, 2, 4, 4, 2, 4, 2, 4, 4, 2, 2, 4, 4, 4, 4, 4, 4, 2, 2, 2, 2, 2, 4, 2, 2, 4, 4, 2, 4, 2, 4, 4, 2, 2, 4, 2, 4, 4, 4, 2, 2, 2, 2, 2, 4, 4, 4, 4, 2, 4, 2, 2, 4, 2, 4, 2, 4, 4, 4, 4, 2, 2, 2, 2, 2, 2, 2, 4, 2, 2, 2, 4, 2, 2, 4, 2, 2, 4, 4, 2, 2, 2, 2, 4, 2, 2, 2, 2, 2, 2, 4, 4, 2, 4, 4, 4, 4, 4, 4, 2, 4, 2, 2, 4, 4, 4, 2, 4, 4, 2, 4, 2, 2, 4, 2, 2, 2, 4, 4, 4, 4, 2, 2, 4, 2, 2, 2, 2, 2, 2, 2, 2, 4, 4, 2, 4, 2, 2, 2, 4, 2, 4, 2, 2, 4, 2, 4, 2, 4, 4, 2, 4, 4, 2, 4, 2, 2, 4, 2, 3, 3, 3, 6, 6, 6, 3, 3, 3, 3, 3, 3, 3, 6, 6, 3, 6, 6, 6, 6, 3, 3, 6, 6, 6, 3, 3, 3, 6, 6, 3, 3, 6, 3, 6, 6, 6, 6, 6, 3, 6, 6, 6, 3, 3, 3, 3, 6, 6, 3, 3, 3, 3, 3, 3, 3, 6, 3, 6, 6, 3, 6, 3, 6, 3, 6, 6, 3, 6, 3, 3, 3, 3, 3, 6, 3, 6, 6, 6, 6, 3, 3, 6, 6, 6, 6, 6, 3, 6, 3, 5, 5, 5, 10, 5, 5, 5, 5, 10, 5, 10, 10, 10, 10, 10, 5, 10, 10, 5, 10, 5, 5, 5, 10, 10, 10, 10, 10, 10, 10, 5, 10, 5, 5, 5, 5, 5, 10, 10, 5, 5, 5, 10, 10, 5, 5, 5, 5]
cfixed = [260, 222, 248, 244, 287, 238, 230, 240, 210, 237, 280, 235, 300, 230, 257, 289, 273, 218, 237, 252, 273, 231, 280, 281, 204, 293, 219, 232, 248, 255, 292, 290, 299, 260, 250, 287, 221, 201, 209, 285, 236, 237, 252, 227, 252, 251, 254, 234, 201, 299, 202, 242, 298, 284, 287, 246, 252, 283, 201, 296, 281, 231, 260, 210, 251, 221, 287, 295, 236, 262, 200, 234, 253, 242, 293, 246, 237, 228, 233, 219, 297, 225, 275, 232, 284, 237, 250, 218, 288, 239, 239, 295, 229, 272, 240, 262, 221, 235, 300, 286, 275, 243, 270, 242, 260, 222, 258, 252, 207, 256, 206, 291, 292, 237, 246, 206, 273, 222, 260, 201, 213, 259, 291, 251, 209, 221, 248, 201, 222, 201, 205, 230, 291, 215, 261, 295, 211, 224, 201, 288, 236, 237, 245, 229, 298, 274, 259, 230, 260, 248, 208, 224, 288, 272, 217, 227, 257, 263, 292, 207, 300, 208, 206, 207, 214, 257, 295, 208, 239, 233, 297, 203, 224, 234, 277, 294, 228, 226, 275, 206, 259, 214, 225, 241, 219, 216, 254, 236, 241, 231, 211, 277, 457, 353, 302, 472, 381, 381, 356, 350, 494, 346, 386, 458, 324, 342, 382, 314, 464, 495, 306, 339, 440, 359, 447, 418, 462, 461, 331, 428, 479, 408, 491, 476, 499, 460, 490, 304, 489, 445, 396, 438, 495, 309, 343, 346, 428, 410, 300, 373, 351, 333, 352, 405, 386, 444, 491, 485, 495, 386, 476, 485, 429, 301, 307, 353, 374, 463, 419, 365, 315, 424, 356, 497, 366, 444, 345, 436, 468, 377, 468, 386, 351, 494, 308, 337, 433, 333, 351, 488, 354, 469, 559, 643, 502, 506, 612, 522, 673, 514, 665, 523, 653, 519, 596, 693, 622, 581, 631, 609, 514, 650, 676, 618, 648, 656, 529, 663, 612, 512, 682, 554, 548, 654, 666, 599, 697, 661, 631, 662, 521, 540, 629, 655, 610, 544, 534, 614, 505, 536]
ctravel = [68, 44, 68, 92, 44, 92, 92, 92, 100, 76, 52, 52, 76, 76, 52, 52, 52, 100, 76, 52, 104, 80, 80, 128, 104, 128, 128, 80, 128, 152, 104, 128, 44, 92, 44, 44, 20, 92, 20, 68, 76, 100, 100, 100, 100, 100, 52, 52, 52, 100, 76, 100, 104, 104, 152, 128, 152, 128, 152, 104, 152, 152, 152, 104, 44, 20, 20, 68, 44, 68, 20, 20, 100, 76, 100, 52, 100, 76, 76, 100, 52, 76, 52, 100, 152, 152, 104, 128, 104, 128, 80, 104, 80, 80, 128, 80, 44, 44, 20, 20, 68, 68, 20, 92, 44, 20, 92, 20, 52, 100, 76, 52, 52, 100, 76, 76, 152, 152, 104, 104, 128, 152, 128, 80, 80, 128, 80, 128, 68, 44, 92, 68, 68, 44, 20, 92, 68, 44, 20, 20, 52, 52, 100, 52, 52, 52, 52, 52, 128, 152, 80, 80, 104, 104, 80, 152, 104, 128, 80, 104, 20, 92, 68, 20, 68, 20, 44, 68, 68, 20, 20, 92, 52, 100, 100, 100, 100, 52, 52, 100, 128, 128, 128, 128, 80, 104, 128, 104, 80, 152, 80, 80, 36.0, 74.4, 36.0, 42.400000000000006, 61.6, 42.400000000000006, 61.6, 42.400000000000006, 80.80000000000001, 42.400000000000006, 42.400000000000006, 80.80000000000001, 103.2, 122.4, 64.8, 122.4, 103.2, 64.8, 74.4, 55.2, 55.2, 42.400000000000006, 80.80000000000001, 42.400000000000006, 80.80000000000001, 80.80000000000001, 42.400000000000006, 80.80000000000001, 61.6, 61.6, 84.0, 64.8, 122.4, 64.8, 84.0, 84.0, 16.8, 16.8, 36.0, 16.8, 55.2, 74.4, 61.6, 42.400000000000006, 80.80000000000001, 61.6, 80.80000000000001, 61.6, 103.2, 103.2, 64.8, 122.4, 84.0, 103.2, 36.0, 16.8, 16.8, 55.2, 74.4, 36.0, 80.80000000000001, 42.400000000000006, 42.400000000000006, 61.6, 61.6, 80.80000000000001, 122.4, 103.2, 84.0, 84.0, 64.8, 103.2, 16.8, 16.8, 16.8, 16.8, 55.2, 74.4, 61.6, 61.6, 80.80000000000001, 80.80000000000001, 61.6, 80.80000000000001, 122.4, 122.4, 122.4, 122.4, 84.0, 84.0, 46.8, 46.8, 46.8, 46.8, 61.199999999999996, 61.199999999999996, 61.199999999999996, 32.4, 32.4, 92.39999999999999, 49.199999999999996, 92.39999999999999, 41.4, 41.4, 55.8, 46.199999999999996, 31.799999999999997, 60.599999999999994, 31.799999999999997, 60.599999999999994, 46.199999999999996, 91.8, 63.0, 63.0, 27.0, 41.4, 27.0, 60.599999999999994, 46.199999999999996, 60.599999999999994, 31.799999999999997, 60.599999999999994, 60.599999999999994, 77.39999999999999, 63.0, 91.8, 12.6, 27.0, 27.0, 46.199999999999996, 46.199999999999996, 46.199999999999996, 60.599999999999994, 60.599999999999994, 46.199999999999996, 77.39999999999999, 77.39999999999999, 91.8]
mode = [0, 0, 0, 0, 0, 0, 0, 0, 0, 0, 0, 0, 0, 0, 0, 0, 0, 0, 0, 0, 0, 0, 0, 0, 0, 0, 0, 0, 0, 0, 0, 0, 0, 0, 0, 0, 0, 0, 0, 0, 0, 0, 0, 0, 0, 0, 0, 0, 0, 0, 0, 0, 0, 0, 0, 0, 0, 0, 0, 0, 0, 0, 0, 0, 0, 0, 0, 0, 0, 0, 0, 0, 0, 0, 0, 0, 0, 0, 0, 0, 0, 0, 0, 0, 0, 0, 0, 0, 0, 0, 0, 0, 0, 0, 0, 0, 0, 0, 0, 0, 0, 0, 0, 0, 0, 0, 0, 0, 0, 0, 0, 0, 0, 0, 0, 0, 0, 0, 0, 0, 0, 0, 0, 0, 0, 0, 0, 0, 0, 0, 0, 0, 0, 0, 0, 0, 0, 0, 0, 0, 0, 0, 0, 0, 0, 0, 0, 0, 0, 0, 0, 0, 0, 0, 0, 0, 0, 0, 0, 0, 0, 0, 0, 0, 0, 0, 0, 0, 0, 0, 0, 0, 0, 0, 0, 0, 0, 0, 0, 0, 0, 0, 0, 0, 0, 0, 0, 0, 0, 0, 0, 0, 1, 1, 1, 1, 1, 1, 1, 1, 1, 1, 1, 1, 1, 1, 1, 1, 1, 1, 1, 1, 1, 1, 1, 1, 1, 1, 1, 1, 1, 1, 1, 1, 1, 1, 1, 1, 1, 1, 1, 1, 1, 1, 1, 1, 1, 1, 1, 1, 1, 1, 1, 1, 1, 1, 1, 1, 1, 1, 1, 1, 1, 1, 1, 1, 1, 1, 1, 1, 1, 1, 1, 1, 1, 1, 1, 1, 1, 1, 1, 1, 1, 1, 1, 1, 1, 1, 1, 1, 1, 1, 2, 2, 2, 2, 2, 2, 2, 2, 2, 2, 2, 2, 2, 2, 2, 2, 2, 2, 2, 2, 2, 2, 2, 2, 2, 2, 2, 2, 2, 2, 2, 2, 2, 2, 2, 2, 2, 2, 2, 2, 2, 2, 2, 2, 2, 2, 2, 2]
delivery_process = ['Cross-Docking', 'Direct-Shipment', 'Cross-Docking']
distance_ln = [[5.56, 3.82, 8.48, 13.35, 0.77, 0.33, 7.47, 2.36, 14.86, 9.77, 5.92, 4.82, 1.73, 0.31, 4.96, 12.94, 2.44, 0.41, 3.25, 3.09, 2.87, 4.58, 4.17, 13.98, 1.47, 2.21, 9.71, 13.45, 3.47, 7.35, 9.1, 5.56, 4.24, 7.62, 3.75, 13.19, 2.96, 3.35, 11.58, 10.17, 6.61, 9.92, 2.75, 3.84, 2.82, 6.81, 1.72, 4.86, 1.86, 9.29, 5.74, 3.07, 6.09, 1.63, 5.62, 2.66, 0.54, 3.32, 4.64, 1.86, 8.0, 1.46, 8.79, 11.31, 0.82, 5.61, 1.0, 12.32, 4.84, 2.79, 5.83, 7.83, 8.91, 9.08, 5.2], [1.96, 6.82, 24.42, 8.06, 1.6, 6.22, 4.86, 5.56, 16.71, 1.5, 7.91, 12.07, 4.84, 11.75, 15.43, 17.29, 12.05, 9.06, 8.8, 13.0, 4.27, 19.24, 5.65, 5.72, 10.25, 15.09, 16.72, 14.05, 9.16, 9.22, 3.91, 23.53, 5.21, 2.12, 2.18, 5.32, 2.97, 4.32, 18.61, 4.32, 8.02, 7.85, 9.17, 15.6, 7.15, 4.5, 7.27, 1.56, 7.54, 11.46, 15.9, 5.63, 0.74, 7.12, 12.11, 1.18, 10.94, 8.52, 0.44, 4.99, 9.27, 10.55, 2.2, 12.05, 13.21, 2.97, 5.64, 12.69, 2.01, 4.5, 3.78, 8.9, 9.05, 14.04, 10.92], [5.85, 7.43, 10.25, 4.67, 9.32, 2.61, 6.71, 10.2, 1.53, 1.79, 7.8, 13.95, 15.92, 11.1, 3.33, 3.14, 8.69, 8.52, 2.78, 1.14, 8.09, 6.96, 4.54, 1.29, 16.29, 10.18, 8.93, 1.46, 13.89, 4.49, 8.74, 13.55, 6.55, 0.7, 8.99, 4.22, 12.38, 7.5, 8.57, 0.46, 3.87, 3.15, 8.74, 4.68, 1.74, 1.12, 7.42, 0.47, 1.7, 4.33, 14.48, 6.34, 5.6, 6.12, 7.52, 2.89, 9.97, 0.0, 5.89, 0.53, 4.0, 4.89, 1.96, 1.95, 15.2, 6.42, 16.32, 2.88, 7.97, 5.54, 1.22, 3.76, 0.84, 6.31, 14.75]]
distance_nn = [[0.0, 3.73, 4.93, 3.16, 14.89, 11.15, 6.1, 8.11, 4.2, 7.92, 3.08, 3.13, 7.33, 12.09, 3.5, 0.45, 8.56, 9.96, 14.51, 3.93, 4.34, 2.79, 5.0, 1.88, 1.39, 3.79, 2.81, 3.71, 9.48, 2.32, 11.5, 4.99, 2.26, 1.7, 5.45, 6.58, 8.43, 5.44, 2.61, 7.04, 0.74, 8.71, 3.78, 2.48, 6.09, 7.79, 4.05, 2.74, 2.01, 2.74, 13.09, 2.1, 14.23, 3.7, 0.33, 2.8, 1.41, 3.97, 3.58, 1.25, 2.63, 5.76, 5.81, 3.35, 1.83, 13.64, 3.05, 3.67, 2.46, 6.45, 0.3, 2.57, 4.78, 3.52, 0.75], [7.22, 0.0, 7.3, 8.1, 6.54, 6.38, 15.06, 5.11, 2.04, 15.29, 2.31, 0.97, 4.51, 2.71, 8.23, 6.22, 5.07, 9.38, 8.24, 5.49, 8.04, 1.71, 8.04, 4.68, 8.08, 2.42, 4.36, 6.36, 1.8, 7.61, 19.11, 5.9, 3.95, 7.17, 1.09, 17.72, 8.97, 7.26, 2.43, 14.94, 1.39, 10.07, 6.38, 9.11, 1.75, 14.26, 11.47, 13.81, 2.76, 0.84, 3.67, 8.45, 17.71, 4.28, 6.85, 7.15, 2.83, 16.23, 20.51, 11.91, 8.3, 0.8, 13.32, 6.04, 6.26, 14.03, 2.97, 4.66, 11.42, 8.03, 4.66, 7.43, 7.11, 3.93, 0.59], [4.9, 5.84, 0.0, 3.33, 12.96, 9.2, 4.54, 11.41, 4.21, 4.8, 10.88, 2.93, 2.34, 10.47, 11.39, 1.36, 7.18, 17.41, 11.21, 6.54, 12.07, 3.81, 6.64, 6.04, 11.47, 10.8, 5.52, 1.21, 4.1, 4.42, 4.72, 3.71, 8.77, 13.96, 4.75, 16.94, 6.59, 2.52, 7.03, 8.33, 2.07, 2.84, 8.94, 13.77, 3.01, 17.13, 2.37, 15.15, 10.7, 5.38, 12.12, 2.87, 18.91, 14.07, 2.88, 7.93, 13.83, 14.53, 18.9, 13.09, 8.29, 6.63, 2.48, 0.62, 9.03, 8.7, 8.82, 6.97, 7.11, 9.83, 6.46, 11.29, 3.51, 1.74, 3.31], [0.98, 9.62, 3.09, 0.0, 16.57, 12.04, 4.72, 6.89, 3.41, 6.56, 5.49, 5.67, 7.26, 14.72, 2.54, 2.44, 3.21, 2.1, 12.67, 3.65, 2.29, 0.67, 5.6, 4.86, 6.42, 2.46, 3.74, 0.34, 3.27, 4.91, 14.06, 0.62, 5.81, 2.13, 3.22, 1.98, 6.13, 3.04, 0.25, 4.07, 3.65, 13.64, 5.15, 5.35, 15.45, 7.45, 1.98, 7.92, 3.3, 2.85, 12.83, 11.55, 17.78, 5.57, 0.93, 10.12, 5.0, 7.97, 18.89, 3.7, 2.48, 9.87, 5.07, 3.0, 10.02, 14.05, 10.58, 3.91, 10.09, 10.4, 1.75, 3.43, 7.71, 4.13, 5.11], [12.42, 3.68, 8.35, 4.16, 0.0, 2.38, 1.67, 4.08, 10.55, 4.15, 3.32, 9.56, 2.58, 3.81, 12.41, 8.27, 3.68, 4.06, 5.59, 8.42, 1.72, 3.37, 9.18, 6.85, 5.15, 10.31, 9.6, 13.88, 5.01, 4.69, 6.39, 8.4, 9.04, 2.53, 4.47, 1.93, 1.46, 3.0, 13.49, 12.16, 3.37, 4.14, 5.31, 11.23, 1.1, 5.56, 8.35, 13.51, 7.72, 1.45, 6.92, 3.06, 3.34, 0.79, 15.61, 2.17, 4.79, 12.61, 1.2, 9.12, 10.94, 4.96, 11.8, 11.66, 0.68, 4.46, 4.43, 3.36, 4.58, 3.43, 3.52, 2.04, 7.08, 10.66, 4.78], [8.24, 5.97, 5.11, 3.02, 1.95, 0.0, 1.43, 1.56, 10.62, 4.01, 2.56, 9.1, 3.06, 4.19, 5.87, 7.45, 4.08, 1.8, 3.92, 2.04, 6.53, 10.48, 4.05, 3.71, 1.9, 3.3, 9.86, 12.41, 2.79, 8.79, 8.13, 15.01, 3.23, 3.86, 9.81, 3.63, 0.34, 0.43, 14.28, 6.43, 12.31, 2.22, 6.83, 8.15, 1.21, 8.39, 6.91, 7.47, 8.31, 5.87, 3.51, 4.38, 3.88, 1.84, 1.74, 3.52, 3.22, 11.11, 7.26, 2.92, 5.25, 0.8, 10.73, 6.45, 1.32, 3.85, 1.82, 13.69, 1.76, 1.08, 7.52, 11.24, 3.78, 7.43, 4.18], [2.02, 2.6, 2.16, 2.79, 6.9, 5.36, 0.0, 6.65, 8.11, 2.07, 0.79, 2.07, 5.26, 6.47, 4.36, 1.24, 6.72, 1.35, 1.49, 3.08, 6.06, 11.96, 1.62, 6.82, 7.81, 6.9, 11.76, 6.48, 12.71, 3.54, 1.83, 6.62, 10.22, 0.72, 5.2, 3.64, 1.9, 4.97, 3.75, 2.45, 8.0, 1.09, 1.78, 8.84, 5.49, 2.87, 3.47, 2.39, 7.01, 5.71, 1.55, 2.99, 2.0, 1.61, 9.91, 2.6, 4.27, 7.25, 2.53, 5.13, 3.61, 3.05, 6.12, 10.27, 1.9, 3.35, 2.8, 5.69, 5.96, 0.68, 4.77, 6.17, 2.46, 11.46, 10.8], [8.93, 7.33, 8.4, 13.71, 5.0, 4.76, 3.97, 0.0, 17.71, 14.09, 4.79, 2.69, 1.35, 1.98, 5.74, 10.42, 5.33, 0.61, 0.75, 9.47, 11.12, 5.3, 7.01, 8.19, 0.32, 2.94, 2.18, 11.27, 0.95, 1.51, 10.03, 17.58, 2.94, 1.7, 6.89, 13.93, 3.93, 1.41, 7.51, 20.35, 3.26, 17.36, 9.91, 7.93, 1.66, 9.96, 14.13, 7.27, 1.88, 2.61, 1.37, 3.33, 3.24, 1.5, 10.61, 8.24, 2.2, 12.17, 5.38, 12.88, 5.75, 4.25, 4.91, 1.96, 3.26, 6.68, 3.97, 5.63, 1.46, 5.0, 4.97, 2.44, 11.25, 12.56, 7.61], [1.79, 5.6, 3.44, 1.93, 2.81, 12.87, 8.08, 5.33, 0.0, 4.16, 5.64, 11.39, 5.99, 14.4, 4.77, 2.4, 12.11, 11.24, 17.67, 3.85, 4.89, 4.94, 3.34, 8.92, 10.9, 5.08, 6.36, 3.12, 6.02, 4.45, 10.19, 2.31, 4.52, 4.18, 11.29, 11.06, 10.34, 3.29, 1.24, 5.49, 4.4, 6.43, 2.65, 2.58, 16.1, 1.05, 3.22, 1.91, 0.33, 8.65, 15.38, 17.43, 5.95, 12.32, 3.92, 10.15, 7.53, 4.89, 9.32, 3.5, 3.88, 4.22, 9.68, 6.45, 9.6, 14.62, 2.21, 0.44, 3.75, 11.44, 1.3, 8.54, 2.97, 4.33, 9.7], [6.08, 12.22, 17.18, 2.68, 11.43, 10.16, 2.05, 11.75, 3.21, 0.0, 2.07, 3.79, 4.46, 6.03, 5.26, 7.77, 4.88, 12.46, 17.19, 1.23, 2.42, 9.11, 0.57, 0.39, 8.34, 10.03, 9.13, 9.62, 6.56, 3.26, 6.33, 5.02, 7.05, 2.96, 2.63, 4.62, 7.44, 7.77, 9.3, 0.57, 10.37, 1.18, 3.01, 5.36, 8.93, 2.86, 3.15, 0.84, 5.05, 5.73, 14.55, 2.27, 5.59, 8.53, 6.3, 3.88, 6.22, 2.64, 9.44, 2.56, 0.99, 12.09, 2.51, 1.51, 5.76, 4.12, 4.92, 6.5, 15.69, 1.19, 8.66, 2.76, 2.25, 7.78, 2.5], [1.01, 1.04, 13.27, 5.25, 1.36, 1.34, 5.02, 4.4, 2.74, 1.44, 0.0, 2.2, 4.11, 2.22, 1.7, 4.35, 1.18, 8.24, 5.54, 0.81, 0.75, 4.51, 1.17, 7.27, 0.88, 3.14, 5.0, 1.39, 3.01, 2.52, 5.25, 9.76, 1.79, 1.67, 7.06, 9.1, 1.54, 2.05, 4.46, 4.63, 2.01, 3.37, 0.8, 1.74, 6.49, 2.15, 7.35, 2.28, 2.66, 5.32, 7.15, 8.77, 7.64, 4.83, 5.56, 4.95, 3.15, 2.62, 1.7, 5.61, 0.68, 3.02, 2.46, 4.98, 4.08, 1.51, 6.04, 1.01, 2.62, 2.1, 3.24, 1.09, 0.87, 1.54, 5.96], [5.59, 0.98, 3.38, 6.8, 1.62, 6.5, 12.92, 5.73, 7.32, 3.74, 10.12, 0.0, 10.77, 8.17, 16.38, 9.27, 1.26, 4.36, 4.3, 3.93, 8.57, 4.43, 5.06, 14.38, 1.17, 4.17, 4.24, 3.21, 1.8, 1.88, 12.06, 3.38, 5.74, 9.79, 1.53, 13.05, 1.97, 2.75, 3.08, 13.96, 0.97, 14.62, 4.07, 8.46, 2.64, 16.7, 10.05, 11.87, 6.54, 2.38, 6.02, 3.5, 7.76, 11.5, 8.5, 12.8, 4.55, 12.32, 2.94, 12.02, 8.89, 1.93, 9.33, 3.07, 2.73, 10.65, 7.16, 3.53, 1.35, 5.31, 5.61, 16.02, 9.43, 2.92, 0.92], [9.12, 8.14, 3.87, 8.65, 2.82, 0.9, 10.12, 1.49, 6.15, 7.31, 2.01, 7.66, 0.0, 1.94, 21.48, 2.79, 1.41, 2.11, 3.84, 8.38, 5.04, 11.06, 10.85, 10.83, 1.03, 7.14, 2.24, 18.05, 1.96, 7.85, 4.56, 12.62, 7.08, 10.22, 6.39, 5.8, 5.1, 4.13, 6.84, 18.18, 15.08, 13.67, 9.39, 12.88, 1.24, 8.62, 2.18, 11.86, 4.38, 4.62, 0.6, 1.64, 2.6, 2.03, 3.05, 5.87, 4.49, 4.8, 5.51, 2.48, 11.75, 0.69, 16.07, 13.6, 3.73, 1.48, 2.97, 10.46, 2.34, 1.52, 11.27, 2.4, 7.68, 12.82, 6.88], [2.99, 7.08, 5.51, 9.77, 0.77, 3.02, 7.59, 0.92, 13.67, 11.3, 7.77, 2.31, 2.09, 0.0, 19.31, 11.61, 3.4, 0.0, 0.73, 7.51, 7.69, 4.5, 5.91, 9.22, 0.62, 0.88, 6.33, 15.51, 6.16, 9.53, 6.88, 13.87, 5.12, 10.41, 5.03, 14.26, 5.36, 1.59, 4.23, 5.73, 2.79, 8.55, 4.51, 8.55, 3.76, 15.37, 11.22, 12.87, 6.16, 3.81, 0.71, 2.06, 8.87, 1.68, 9.8, 7.24, 3.76, 14.88, 3.73, 15.44, 8.28, 0.33, 14.95, 7.74, 1.94, 3.21, 1.89, 4.44, 3.44, 6.08, 7.13, 12.97, 14.02, 10.17, 1.35], [10.56, 6.28, 6.67, 8.1, 4.22, 5.06, 3.65, 16.5, 1.7, 2.72, 1.4, 4.87, 2.89, 17.75, 0.0, 2.6, 20.19, 4.44, 17.12, 4.92, 8.62, 14.3, 5.58, 3.61, 8.37, 9.68, 7.03, 10.96, 12.34, 7.55, 8.33, 3.11, 10.44, 3.27, 11.2, 8.43, 5.46, 6.54, 9.01, 1.82, 14.35, 2.11, 9.37, 2.84, 14.07, 1.27, 7.55, 3.13, 1.41, 8.91, 12.83, 5.91, 1.9, 7.4, 3.51, 12.55, 6.54, 2.62, 10.32, 3.25, 2.75, 11.77, 2.24, 9.46, 6.06, 10.77, 17.77, 2.98, 17.87, 7.98, 10.77, 4.63, 2.96, 10.75, 17.69], [1.07, 9.98, 6.15, 0.34, 13.18, 7.07, 7.73, 8.59, 2.47, 4.31, 0.94, 4.19, 7.86, 13.68, 6.61, 0.0, 3.41, 6.8, 6.02, 1.82, 4.67, 3.03, 4.69, 6.08, 6.11, 6.12, 0.53, 1.47, 3.79, 2.96, 10.42, 3.4, 4.39, 4.57, 4.81, 5.19, 9.64, 10.71, 1.37, 1.96, 5.87, 8.48, 4.43, 1.0, 8.9, 7.07, 0.5, 5.72, 2.62, 1.74, 4.94, 10.19, 1.78, 3.93, 0.86, 15.74, 5.36, 5.79, 16.15, 0.8, 2.34, 11.33, 5.61, 0.83, 12.27, 9.75, 5.91, 3.31, 16.19, 9.49, 2.28, 7.36, 2.3, 2.83, 4.77], [8.83, 1.23, 4.78, 10.29, 9.74, 7.76, 3.21, 2.66, 9.84, 4.78, 1.86, 2.06, 7.11, 2.86, 17.47, 3.66, 0.0, 1.08, 2.24, 6.6, 2.69, 5.0, 12.55, 6.79, 0.89, 4.54, 2.28, 7.99, 1.07, 10.73, 16.57, 6.44, 2.19, 5.74, 4.33, 10.56, 4.07, 5.04, 11.93, 9.78, 5.5, 2.75, 7.41, 5.79, 2.2, 17.77, 13.65, 4.16, 7.92, 3.62, 0.84, 7.33, 4.67, 8.57, 4.01, 12.57, 3.08, 3.26, 5.01, 6.65, 10.7, 0.54, 14.58, 2.53, 4.14, 6.46, 0.77, 7.55, 5.58, 4.63, 3.75, 3.21, 8.74, 2.66, 2.05], [10.76, 1.19, 16.63, 4.9, 0.55, 3.32, 6.95, 1.61, 15.62, 6.05, 6.38, 5.16, 2.16, 0.0, 3.23, 3.83, 2.53, 0.0, 2.15, 2.64, 7.93, 2.42, 9.29, 13.98, 0.64, 5.73, 2.29, 10.17, 4.97, 2.33, 7.76, 7.84, 6.88, 3.24, 8.78, 15.09, 4.55, 2.08, 10.77, 5.12, 4.77, 5.73, 1.73, 18.63, 1.54, 3.91, 8.48, 6.15, 6.57, 1.91, 1.38, 5.2, 4.63, 3.47, 9.21, 3.05, 3.4, 4.06, 6.0, 13.55, 11.75, 0.82, 6.89, 3.46, 0.41, 7.39, 0.89, 8.67, 3.53, 3.63, 6.28, 10.37, 15.47, 5.36, 6.25], [9.45, 6.24, 3.0, 15.23, 3.76, 7.28, 5.89, 1.82, 2.86, 13.55, 6.87, 5.61, 1.39, 0.8, 5.94, 10.61, 2.21, 2.0, 0.0, 2.56, 2.71, 11.01, 11.19, 12.83, 2.79, 6.24, 7.26, 5.61, 4.55, 8.83, 18.59, 7.66, 9.51, 5.64, 8.95, 17.17, 4.48, 6.27, 5.54, 11.01, 2.5, 11.43, 7.99, 3.17, 3.95, 12.34, 10.05, 3.19, 9.51, 4.56, 0.38, 9.35, 10.73, 2.63, 9.48, 5.61, 1.55, 4.0, 7.14, 6.41, 14.0, 4.22, 5.19, 2.72, 0.79, 14.66, 1.6, 12.94, 1.44, 2.07, 8.25, 4.6, 7.53, 10.96, 9.75], [2.38, 8.97, 3.73, 4.3, 7.58, 1.0, 4.04, 8.35, 4.23, 4.78, 0.58, 1.94, 6.12, 6.5, 6.44, 4.02, 3.93, 8.33, 1.51, 0.0, 0.0, 3.63, 2.31, 5.84, 0.96, 1.62, 4.36, 3.48, 1.29, 1.49, 3.8, 6.3, 1.27, 0.65, 4.77, 5.13, 3.83, 2.34, 4.76, 1.4, 2.28, 6.85, 0.78, 9.0, 6.73, 1.21, 0.95, 4.53, 1.8, 3.84, 2.28, 5.42, 6.89, 4.0, 4.99, 4.66, 0.93, 6.12, 10.38, 1.25, 2.22, 1.14, 3.93, 4.9, 2.5, 6.4, 4.97, 3.4, 10.9, 4.68, 2.73, 4.59, 5.49, 4.05, 1.43], [1.89, 9.31, 1.55, 5.2, 2.41, 1.34, 0.66, 3.78, 0.96, 3.46, 0.97, 4.5, 9.66, 4.23, 10.27, 5.94, 4.52, 2.09, 3.91, 0.0, 0.0, 3.01, 0.78, 6.57, 3.96, 0.71, 3.49, 10.02, 6.41, 1.1, 1.93, 4.33, 1.0, 2.7, 2.63, 5.79, 1.46, 4.21, 6.63, 7.44, 2.3, 5.58, 0.6, 5.13, 3.58, 4.84, 4.91, 4.39, 1.42, 1.68, 6.09, 7.85, 10.28, 7.9, 4.19, 6.41, 2.23, 3.81, 8.65, 4.39, 2.52, 3.41, 4.0, 8.46, 5.27, 4.27, 7.05, 3.33, 11.05, 6.17, 2.25, 1.14, 4.4, 1.57, 1.76], [3.08, 4.96, 1.69, 3.67, 8.31, 7.7, 8.05, 8.41, 6.77, 6.96, 4.9, 2.78, 11.76, 7.09, 5.78, 3.41, 2.36, 8.71, 11.77, 1.72, 4.3, 0.0, 7.26, 2.91, 8.71, 2.01, 0.0, 4.57, 1.74, 5.23, 8.62, 3.42, 1.02, 8.15, 2.4, 4.95, 4.77, 2.7, 1.23, 4.07, 2.84, 11.49, 4.13, 9.6, 12.56, 13.53, 3.57, 7.33, 4.36, 0.48, 5.43, 9.68, 4.12, 9.51, 1.65, 5.5, 8.13, 12.29, 10.25, 2.45, 1.83, 1.01, 7.4, 0.85, 9.11, 5.5, 3.35, 2.74, 8.7, 4.65, 1.24, 3.82, 8.72, 1.39, 1.89], [7.55, 10.93, 16.74, 9.45, 9.51, 2.59, 0.42, 9.19, 3.8, 0.49, 0.6, 12.2, 11.96, 10.64, 6.03, 3.02, 11.56, 5.01, 13.92, 1.85, 3.01, 2.39, 0.0, 4.34, 5.29, 5.5, 5.44, 3.66, 2.81, 0.89, 1.15, 5.29, 1.32, 0.59, 8.12, 3.3, 1.97, 2.95, 8.88, 6.04, 9.9, 2.91, 2.77, 1.83, 8.18, 5.08, 1.43, 1.5, 0.92, 10.61, 12.17, 9.08, 6.8, 1.67, 7.2, 6.1, 7.21, 5.41, 2.44, 0.82, 2.47, 8.25, 1.3, 3.9, 8.24, 3.31, 1.42, 8.23, 10.92, 4.92, 5.5, 3.0, 0.74, 7.41, 4.94], [9.02, 3.1, 21.0, 1.66, 5.47, 10.89, 2.18, 2.71, 4.4, 0.96, 8.48, 18.74, 2.35, 9.3, 6.09, 4.38, 10.88, 4.09, 10.13, 8.24, 3.18, 12.74, 2.91, 0.0, 8.71, 10.88, 8.39, 11.39, 11.24, 7.39, 1.1, 4.21, 7.57, 4.39, 3.21, 3.55, 1.39, 11.0, 5.71, 2.23, 8.65, 0.0, 8.98, 1.36, 4.59, 0.63, 7.17, 2.62, 0.92, 12.65, 19.75, 11.63, 1.7, 7.15, 1.44, 0.94, 1.48, 0.66, 4.16, 4.96, 4.03, 9.59, 0.57, 14.48, 6.62, 2.2, 2.92, 9.45, 15.45, 2.35, 10.76, 0.15, 0.94, 11.4, 13.15], [4.34, 5.61, 10.76, 9.4, 1.04, 4.68, 9.28, 0.63, 13.94, 5.19, 4.31, 4.28, 1.19, 0.85, 7.04, 5.66, 3.3, 0.86, 1.34, 6.8, 1.37, 5.61, 11.27, 10.92, 0.0, 6.64, 1.14, 13.46, 6.31, 10.81, 8.83, 4.13, 9.03, 2.32, 6.7, 4.91, 2.89, 4.33, 12.83, 12.26, 4.19, 15.5, 4.53, 2.76, 1.92, 16.41, 2.85, 6.59, 12.25, 2.96, 2.42, 1.46, 6.89, 3.99, 10.78, 6.58, 3.69, 9.0, 10.7, 8.84, 6.96, 0.64, 12.26, 5.69, 0.75, 7.62, 0.43, 11.4, 0.6, 3.96, 2.31, 12.06, 14.51, 8.13, 2.87], [4.62, 0.82, 4.85, 5.74, 4.69, 4.32, 3.12, 7.5, 3.35, 9.8, 0.65, 2.56, 9.48, 1.99, 13.45, 3.77, 1.37, 5.46, 1.27, 1.21, 1.37, 3.46, 3.04, 6.49, 0.95, 0.0, 3.08, 1.62, 6.23, 1.04, 2.64, 8.76, 0.49, 2.48, 2.2, 2.72, 5.49, 1.45, 1.68, 3.99, 5.63, 4.79, 0.78, 1.63, 1.37, 10.72, 3.7, 2.15, 5.39, 4.2, 8.03, 5.84, 3.6, 7.92, 5.93, 3.87, 2.11, 1.83, 15.13, 8.32, 4.9, 5.35, 3.89, 4.27, 3.7, 1.39, 1.65, 1.14, 9.91, 1.57, 2.13, 9.86, 1.56, 0.44, 3.57], [0.65, 5.2, 5.2, 1.76, 5.81, 10.82, 3.34, 1.99, 7.45, 9.18, 6.72, 4.34, 12.24, 9.34, 10.37, 1.42, 4.68, 3.43, 4.34, 5.02, 0.74, 0.0, 10.1, 12.8, 2.21, 2.07, 0.0, 4.88, 6.87, 2.77, 12.41, 1.17, 1.3, 2.34, 2.5, 8.3, 3.95, 4.98, 5.44, 7.05, 1.08, 10.87, 2.37, 6.4, 6.96, 2.68, 5.15, 9.42, 4.64, 1.68, 7.09, 13.47, 3.87, 11.49, 1.56, 16.16, 5.16, 12.2, 9.58, 8.37, 5.16, 3.27, 3.53, 1.73, 1.86, 2.15, 7.25, 2.88, 5.97, 7.55, 1.05, 7.57, 0.97, 0.6, 2.22], [0.93, 9.32, 1.91, 0.84, 14.75, 5.71, 7.2, 7.28, 4.03, 9.69, 10.27, 3.14, 8.99, 16.46, 13.02, 4.1, 13.4, 9.85, 11.7, 3.6, 9.54, 4.55, 5.95, 2.16, 13.26, 3.84, 2.99, 0.0, 4.02, 4.38, 15.53, 0.88, 6.93, 11.62, 5.97, 3.71, 10.11, 2.52, 1.85, 10.85, 1.11, 9.09, 2.47, 4.21, 15.55, 3.85, 1.26, 4.16, 5.72, 2.41, 11.73, 18.45, 14.04, 4.72, 1.43, 8.87, 6.53, 7.96, 21.24, 5.98, 9.33, 3.09, 2.93, 2.3, 8.85, 2.18, 14.64, 5.82, 12.46, 14.68, 3.46, 13.46, 7.6, 3.87, 4.63], [1.12, 1.82, 9.1, 1.33, 10.91, 2.28, 11.11, 1.54, 8.42, 2.42, 6.09, 2.77, 5.84, 5.95, 4.86, 7.23, 0.54, 1.27, 1.16, 8.53, 8.95, 5.0, 10.9, 13.91, 5.77, 2.38, 2.93, 3.41, 0.0, 7.08, 14.0, 6.72, 3.25, 4.05, 2.72, 12.57, 5.13, 9.04, 6.61, 16.63, 6.78, 12.82, 4.07, 5.36, 1.85, 17.88, 11.18, 1.61, 8.69, 4.75, 4.54, 5.42, 9.52, 6.97, 6.07, 1.99, 3.56, 13.19, 15.17, 5.68, 8.91, 3.14, 8.58, 2.04, 3.72, 6.46, 1.43, 13.39, 4.68, 5.63, 1.98, 16.01, 9.24, 5.95, 1.38], [0.93, 2.07, 10.28, 3.48, 7.51, 4.19, 6.58, 7.98, 5.35, 4.05, 2.14, 5.45, 5.39, 8.29, 3.99, 2.04, 7.38, 4.08, 11.75, 1.56, 0.88, 2.49, 2.95, 2.19, 5.03, 3.8, 2.26, 3.28, 1.25, 0.0, 3.18, 6.79, 2.5, 1.71, 1.38, 3.71, 4.63, 3.13, 3.48, 8.65, 4.07, 2.18, 0.49, 2.03, 9.46, 4.35, 4.01, 0.96, 1.34, 1.16, 4.87, 11.26, 6.49, 6.13, 2.81, 6.6, 6.54, 6.55, 3.03, 5.93, 1.78, 3.4, 6.76, 1.58, 7.43, 7.65, 10.26, 3.2, 4.82, 4.27, 3.85, 2.78, 0.85, 2.57, 5.02], [10.83, 10.2, 14.32, 13.81, 4.51, 10.01, 2.63, 11.02, 13.69, 1.94, 5.28, 9.31, 5.82, 2.18, 11.36, 15.53, 11.0, 9.22, 7.23, 1.82, 9.41, 15.19, 4.0, 0.68, 10.65, 13.99, 12.84, 20.36, 4.4, 5.88, 0.0, 20.35, 8.48, 7.72, 9.23, 1.59, 2.21, 5.91, 11.38, 6.0, 12.27, 3.82, 6.16, 7.24, 11.57, 3.93, 9.44, 6.09, 7.73, 6.32, 6.2, 8.31, 4.83, 1.28, 15.98, 0.8, 8.6, 4.23, 0.82, 3.8, 9.43, 12.7, 2.98, 11.16, 12.88, 2.97, 8.95, 10.25, 12.21, 3.78, 9.68, 2.61, 7.55, 15.11, 7.21], [5.42, 8.5, 3.43, 2.42, 12.28, 8.84, 12.13, 5.69, 7.52, 8.83, 1.58, 4.35, 10.84, 1.94, 3.08, 0.92, 7.89, 15.3, 12.08, 2.66, 6.56, 3.96, 12.74, 4.02, 4.78, 2.19, 2.75, 0.15, 4.38, 3.9, 4.43, 0.0, 1.26, 10.77, 5.34, 13.8, 1.91, 10.62, 0.91, 11.02, 3.83, 13.38, 4.41, 3.63, 11.15, 6.32, 4.47, 2.79, 1.52, 2.32, 7.96, 20.34, 17.96, 9.28, 4.42, 4.03, 3.92, 4.11, 5.7, 9.75, 8.61, 3.42, 12.14, 2.87, 13.33, 9.69, 6.03, 3.01, 15.93, 8.83, 0.96, 13.0, 11.01, 5.45, 6.68], [3.57, 1.32, 5.71, 2.37, 9.64, 5.57, 1.51, 7.19, 1.51, 9.81, 1.8, 3.5, 3.53, 7.55, 6.2, 3.1, 3.22, 4.16, 10.03, 1.45, 0.89, 0.39, 6.02, 6.81, 4.88, 0.52, 1.01, 4.5, 5.53, 0.42, 2.71, 6.38, 0.0, 6.12, 3.49, 12.44, 2.76, 0.8, 6.4, 11.36, 1.71, 6.62, 1.53, 3.0, 4.9, 6.29, 4.39, 1.67, 0.93, 1.4, 2.68, 9.06, 7.92, 3.19, 2.23, 11.94, 0.77, 9.67, 3.88, 4.97, 2.86, 5.03, 3.22, 1.44, 2.47, 4.08, 4.95, 8.19, 3.99, 9.23, 0.9, 3.32, 4.46, 1.89, 1.07], [2.54, 6.81, 5.3, 5.37, 6.82, 3.21, 1.87, 6.88, 4.77, 1.29, 0.98, 11.79, 4.65, 5.38, 7.47, 1.29, 8.13, 9.66, 9.59, 2.69, 1.44, 7.73, 0.25, 5.16, 10.38, 3.64, 2.55, 6.66, 12.04, 1.84, 1.64, 10.92, 1.62, 0.0, 7.49, 4.19, 1.12, 1.99, 5.16, 4.31, 3.39, 2.75, 0.89, 4.24, 8.82, 0.86, 4.55, 0.82, 1.64, 10.42, 2.66, 9.99, 5.14, 4.4, 2.71, 6.28, 1.06, 1.83, 3.42, 1.13, 2.09, 6.11, 5.28, 2.41, 1.67, 2.37, 8.86, 2.54, 1.95, 5.3, 6.74, 2.59, 3.45, 6.4, 7.7], [3.31, 0.51, 5.82, 2.83, 12.98, 4.03, 6.78, 10.36, 9.12, 12.46, 3.24, 0.4, 8.64, 1.72, 8.13, 1.9, 2.21, 1.95, 3.19, 7.95, 1.15, 0.85, 11.1, 11.87, 5.05, 3.32, 1.02, 7.61, 0.75, 4.02, 15.75, 3.76, 2.3, 3.79, 0.0, 4.63, 4.35, 4.25, 7.07, 11.93, 1.38, 15.7, 6.02, 11.7, 3.02, 15.02, 10.53, 6.78, 2.56, 1.01, 5.94, 3.74, 1.75, 4.38, 2.27, 4.99, 3.63, 6.45, 18.74, 11.25, 6.79, 1.8, 8.04, 2.11, 1.92, 11.55, 1.86, 7.15, 11.35, 3.76, 1.81, 13.43, 6.82, 2.67, 0.69], [4.14, 18.22, 8.13, 7.5, 8.01, 1.53, 0.75, 16.62, 2.53, 4.57, 4.02, 16.31, 11.52, 15.12, 1.11, 9.56, 2.26, 3.77, 5.58, 5.35, 1.92, 5.98, 1.39, 2.39, 15.12, 8.47, 2.23, 7.45, 4.27, 4.19, 2.19, 18.72, 8.04, 5.75, 4.95, 0.0, 4.48, 2.82, 4.85, 2.01, 10.13, 3.62, 10.35, 3.17, 4.32, 2.52, 2.74, 1.61, 3.24, 16.15, 9.53, 9.86, 5.09, 6.6, 6.8, 4.35, 9.1, 3.58, 0.76, 3.28, 2.85, 11.87, 2.45, 10.08, 8.79, 0.95, 2.74, 12.07, 14.09, 1.84, 6.92, 1.33, 3.71, 15.97, 9.97], [3.07, 2.59, 4.71, 8.32, 3.9, 0.93, 2.37, 2.47, 11.14, 1.64, 1.89, 5.69, 5.13, 2.79, 11.08, 1.5, 1.33, 5.18, 2.56, 1.47, 5.01, 10.64, 3.6, 8.12, 2.83, 1.02, 2.52, 12.15, 5.44, 7.08, 6.6, 12.44, 0.99, 0.66, 3.52, 4.34, 0.0, 0.12, 11.19, 13.76, 5.37, 1.54, 6.8, 10.73, 1.87, 9.62, 11.09, 2.56, 3.57, 2.04, 8.94, 2.66, 7.6, 2.7, 2.76, 1.41, 2.68, 2.73, 9.77, 4.18, 4.03, 1.96, 4.28, 9.47, 0.65, 4.36, 5.81, 4.1, 6.11, 1.76, 5.38, 8.75, 8.41, 9.24, 8.85], [6.43, 1.78, 5.6, 10.46, 3.75, 1.9, 1.6, 6.46, 3.54, 5.33, 1.32, 1.41, 2.66, 2.69, 10.78, 7.25, 6.96, 1.14, 6.37, 1.34, 2.65, 7.27, 1.19, 8.69, 4.33, 0.99, 5.67, 2.5, 6.4, 3.0, 6.09, 10.84, 4.28, 1.97, 5.02, 6.9, 0.72, 0.0, 3.25, 8.07, 10.21, 7.75, 2.58, 10.3, 0.5, 11.68, 7.43, 7.11, 6.05, 3.38, 5.86, 6.69, 3.18, 0.79, 1.84, 1.13, 2.16, 10.26, 5.48, 10.53, 5.73, 0.68, 4.29, 3.2, 2.24, 1.36, 5.58, 2.61, 4.36, 2.21, 5.19, 9.28, 7.07, 8.01, 3.56], [0.88, 7.53, 8.45, 1.15, 15.81, 2.59, 4.52, 11.52, 0.56, 6.63, 3.63, 7.96, 6.74, 6.34, 2.42, 0.87, 4.89, 11.03, 3.21, 3.58, 4.22, 3.8, 4.24, 10.02, 5.68, 3.63, 2.53, 1.35, 2.2, 5.9, 14.47, 3.52, 4.88, 9.12, 4.35, 6.6, 12.01, 7.37, 0.0, 7.9, 6.51, 4.03, 1.98, 3.34, 4.89, 5.86, 0.58, 6.45, 3.52, 1.52, 12.56, 18.08, 4.99, 12.45, 0.65, 5.51, 6.47, 6.16, 11.91, 6.32, 2.38, 11.43, 9.53, 4.85, 3.74, 11.99, 10.7, 3.18, 8.25, 3.81, 4.74, 5.01, 1.76, 5.14, 3.2], [1.16, 6.14, 2.72, 1.95, 4.99, 7.52, 4.84, 18.76, 2.1, 1.73, 8.06, 13.34, 3.27, 18.53, 1.14, 6.87, 4.84, 9.95, 9.53, 9.55, 9.24, 10.66, 2.15, 1.38, 8.93, 3.13, 5.17, 8.62, 6.91, 5.15, 1.41, 4.45, 2.98, 5.03, 9.67, 6.09, 2.74, 7.92, 1.42, 0.0, 4.51, 3.62, 5.96, 7.05, 8.5, 0.94, 7.92, 0.69, 1.37, 9.78, 11.97, 3.42, 3.03, 5.94, 2.53, 10.2, 6.82, 1.12, 13.38, 2.13, 2.57, 5.49, 1.98, 2.64, 3.49, 8.63, 5.09, 3.88, 10.46, 3.67, 8.76, 2.84, 1.93, 10.32, 16.11], [1.15, 3.91, 1.13, 1.58, 13.58, 6.13, 2.14, 14.22, 5.36, 3.9, 1.48, 3.27, 12.01, 2.5, 5.49, 3.32, 1.05, 8.86, 9.52, 2.67, 1.62, 2.04, 2.18, 10.4, 4.37, 3.16, 2.03, 3.47, 5.07, 8.24, 18.53, 2.34, 3.85, 8.06, 0.91, 18.51, 5.97, 2.24, 4.75, 9.76, 0.0, 8.46, 5.78, 12.16, 2.84, 15.47, 6.45, 8.55, 2.1, 0.96, 1.38, 4.5, 18.63, 8.45, 1.76, 16.78, 7.12, 12.57, 14.21, 2.48, 4.33, 6.85, 7.31, 0.71, 11.38, 12.31, 8.37, 4.17, 4.49, 3.69, 3.48, 5.89, 10.08, 0.91, 1.46], [4.96, 16.9, 7.06, 4.02, 11.96, 7.85, 1.36, 5.24, 6.82, 2.6, 1.81, 17.29, 7.81, 11.68, 4.33, 10.86, 9.55, 7.77, 18.18, 8.64, 2.89, 4.97, 2.71, 0.0, 8.31, 6.99, 3.86, 4.82, 8.26, 2.75, 5.15, 9.83, 12.72, 5.04, 11.1, 0.96, 6.93, 9.6, 12.08, 0.62, 3.86, 0.0, 6.34, 9.7, 1.74, 1.46, 7.37, 4.28, 7.91, 10.12, 18.38, 11.25, 6.96, 11.38, 7.84, 1.05, 11.61, 1.69, 1.97, 1.51, 6.7, 13.19, 0.11, 1.65, 6.12, 3.25, 5.05, 9.95, 16.46, 6.2, 9.68, 0.28, 1.64, 3.05, 5.92], [2.24, 7.77, 3.72, 7.0, 8.28, 2.72, 6.95, 11.18, 1.18, 1.6, 1.97, 3.17, 1.7, 9.81, 7.23, 2.88, 5.36, 2.35, 10.85, 0.31, 1.09, 1.55, 3.7, 2.56, 7.78, 0.45, 0.82, 6.44, 6.17, 1.02, 2.14, 5.5, 2.82, 3.34, 2.45, 5.56, 3.15, 4.74, 1.87, 6.95, 6.02, 7.71, 0.0, 8.42, 7.01, 1.21, 3.41, 3.23, 1.0, 3.41, 8.69, 4.9, 7.02, 4.08, 4.64, 9.76, 4.37, 6.52, 10.56, 6.01, 1.58, 3.13, 6.6, 5.51, 4.7, 10.15, 8.41, 6.16, 7.06, 6.99, 1.48, 9.4, 4.88, 4.8, 2.09], [2.71, 8.44, 5.2, 5.83, 2.36, 13.33, 9.4, 9.43, 0.77, 7.76, 8.87, 2.59, 8.23, 11.31, 5.37, 4.2, 16.03, 16.7, 10.71, 5.09, 4.59, 4.53, 4.83, 3.95, 11.55, 8.62, 8.23, 3.51, 12.02, 3.3, 3.91, 4.08, 4.26, 6.02, 11.17, 3.81, 9.77, 7.9, 1.38, 5.24, 12.32, 6.54, 7.0, 0.0, 4.89, 4.31, 2.62, 3.62, 2.79, 5.93, 13.69, 16.42, 7.0, 2.44, 1.81, 4.63, 14.5, 1.62, 6.58, 1.1, 3.73, 16.27, 9.7, 4.83, 10.68, 7.58, 14.48, 0.37, 3.53, 6.41, 2.82, 3.73, 2.51, 8.49, 13.87], [8.96, 10.2, 9.89, 15.84, 0.42, 1.08, 6.31, 2.11, 2.24, 7.98, 3.11, 2.52, 3.16, 1.12, 12.07, 5.08, 5.52, 3.88, 5.91, 1.06, 5.87, 12.1, 1.11, 9.92, 3.64, 5.75, 7.49, 14.67, 6.11, 5.35, 4.97, 5.07, 6.48, 7.54, 1.31, 11.85, 1.38, 0.65, 7.49, 16.28, 5.72, 12.16, 3.88, 7.2, 0.0, 2.29, 13.94, 11.0, 4.22, 8.38, 7.4, 2.32, 6.56, 0.0, 2.0, 4.12, 4.28, 10.28, 10.88, 10.26, 1.81, 1.28, 7.57, 9.79, 1.12, 1.72, 2.18, 15.58, 1.13, 0.93, 2.68, 10.78, 9.34, 9.64, 4.42], [9.24, 13.36, 12.11, 11.57, 5.42, 1.96, 4.94, 14.73, 5.71, 0.74, 9.27, 14.53, 8.85, 4.06, 2.01, 9.14, 6.08, 9.72, 20.19, 6.36, 6.36, 11.81, 4.18, 0.42, 9.04, 4.49, 12.06, 5.45, 7.98, 5.6, 6.73, 10.68, 4.92, 2.61, 16.61, 3.94, 6.7, 11.07, 7.95, 1.29, 5.45, 1.63, 8.73, 8.41, 11.22, 0.0, 6.11, 2.65, 3.13, 1.64, 17.07, 10.66, 11.06, 2.13, 9.89, 5.46, 7.26, 1.27, 5.34, 2.03, 6.12, 14.71, 1.31, 7.78, 5.99, 3.27, 5.29, 3.16, 7.09, 11.73, 7.23, 1.97, 1.66, 4.36, 15.86], [2.09, 11.9, 2.16, 1.56, 14.05, 12.04, 14.67, 19.87, 3.44, 6.42, 4.04, 3.65, 12.97, 14.38, 7.61, 1.58, 13.44, 15.65, 17.83, 8.07, 2.7, 6.06, 1.82, 1.51, 14.7, 9.01, 3.12, 0.56, 3.81, 2.1, 12.83, 0.56, 1.87, 1.28, 5.75, 2.03, 14.85, 11.16, 0.79, 11.13, 6.08, 1.79, 7.65, 2.37, 10.73, 4.22, 0.0, 6.92, 3.59, 8.04, 10.26, 7.21, 18.08, 9.65, 2.83, 2.69, 1.85, 2.38, 19.59, 7.87, 4.16, 10.71, 13.0, 2.17, 15.2, 12.85, 7.28, 2.41, 5.4, 5.46, 5.27, 3.64, 2.76, 4.08, 9.64], [4.86, 10.8, 12.01, 6.38, 11.94, 4.12, 3.26, 4.21, 4.43, 1.0, 5.97, 12.72, 8.56, 8.72, 5.1, 6.13, 9.17, 7.63, 16.89, 4.64, 3.47, 3.14, 0.66, 0.81, 9.39, 3.42, 8.5, 6.9, 7.89, 3.32, 9.68, 7.47, 1.32, 1.69, 11.56, 2.48, 2.43, 6.99, 6.28, 1.57, 9.06, 3.07, 2.62, 5.78, 5.2, 3.11, 7.94, 0.0, 3.34, 8.53, 7.59, 11.93, 7.05, 3.59, 5.34, 10.0, 3.87, 2.13, 6.18, 1.29, 2.92, 1.77, 3.88, 10.97, 3.39, 2.53, 12.3, 4.53, 8.33, 4.43, 7.91, 0.6, 0.81, 7.07, 5.13], [0.64, 11.37, 4.82, 3.24, 7.78, 5.54, 2.63, 15.01, 3.09, 3.08, 2.4, 3.89, 1.7, 2.86, 2.17, 1.64, 7.54, 8.54, 11.68, 2.85, 1.84, 2.08, 0.88, 1.14, 10.14, 3.47, 1.87, 3.02, 9.39, 0.97, 7.74, 7.24, 2.76, 2.55, 1.0, 9.68, 9.22, 3.16, 1.01, 1.41, 2.41, 3.86, 2.43, 4.07, 4.92, 6.47, 4.3, 0.43, 0.0, 2.89, 4.48, 7.93, 12.96, 7.77, 0.76, 1.67, 3.22, 5.29, 7.83, 3.58, 1.18, 2.2, 1.02, 5.8, 2.06, 4.35, 4.33, 0.91, 7.24, 10.25, 3.95, 4.18, 0.86, 1.75, 1.38], [3.21, 1.1, 1.44, 6.07, 11.85, 4.38, 11.05, 3.25, 7.17, 6.94, 5.12, 0.46, 4.07, 10.88, 7.18, 4.0, 4.45, 9.63, 6.09, 4.47, 3.65, 2.15, 11.53, 15.81, 9.73, 1.17, 0.67, 2.22, 1.17, 0.92, 17.26, 1.17, 2.15, 7.55, 1.68, 5.26, 4.58, 6.64, 2.63, 9.75, 1.71, 4.27, 2.22, 11.96, 2.73, 6.89, 7.24, 4.04, 5.4, 0.0, 6.84, 15.33, 6.16, 2.13, 3.24, 17.54, 3.75, 4.74, 12.81, 6.8, 1.15, 2.71, 14.92, 2.25, 2.6, 4.97, 3.05, 6.75, 11.2, 9.99, 2.49, 3.38, 4.75, 0.69, 0.55], [12.02, 1.31, 13.11, 6.54, 2.34, 2.8, 8.67, 2.17, 17.58, 3.92, 2.75, 5.61, 0.98, 2.58, 6.61, 12.3, 1.81, 3.97, 0.86, 1.4, 9.48, 8.99, 10.56, 18.12, 1.12, 8.94, 7.86, 12.92, 3.63, 2.42, 10.01, 14.4, 10.62, 5.22, 5.3, 9.76, 6.0, 8.13, 15.54, 8.97, 8.03, 2.44, 4.72, 4.98, 8.14, 14.06, 5.23, 9.22, 10.48, 4.93, 0.0, 10.65, 11.34, 7.22, 3.7, 2.59, 6.45, 18.3, 18.82, 10.27, 2.24, 0.81, 8.18, 8.65, 2.76, 6.21, 2.43, 13.68, 1.22, 10.41, 10.6, 16.64, 7.57, 10.5, 8.76], [11.93, 13.34, 3.6, 19.35, 0.66, 3.86, 3.02, 4.95, 12.37, 7.61, 1.05, 11.12, 2.72, 3.36, 2.99, 6.88, 4.38, 4.95, 5.47, 1.53, 6.08, 7.32, 1.91, 9.52, 8.22, 10.98, 4.59, 3.97, 7.41, 7.57, 2.88, 11.08, 11.29, 5.38, 2.03, 3.92, 1.45, 3.91, 5.07, 7.38, 18.22, 2.0, 12.35, 8.87, 1.83, 1.9, 19.28, 13.8, 7.06, 7.99, 6.52, 0.0, 0.55, 2.9, 10.16, 5.67, 5.0, 6.24, 7.33, 7.33, 5.02, 8.81, 3.16, 8.91, 4.0, 3.09, 8.14, 11.74, 5.26, 2.17, 11.7, 10.55, 8.69, 4.21, 4.68], [1.89, 13.23, 20.55, 3.38, 5.66, 5.36, 0.71, 4.44, 6.39, 9.52, 8.5, 12.59, 10.68, 1.68, 11.29, 11.21, 8.45, 9.4, 4.61, 4.09, 5.0, 5.61, 6.1, 2.0, 7.47, 2.65, 2.57, 12.14, 3.9, 10.31, 1.74, 6.72, 2.52, 4.11, 2.55, 1.77, 5.35, 2.99, 9.07, 4.31, 18.67, 3.14, 9.95, 6.95, 6.77, 4.72, 3.39, 8.42, 13.41, 16.31, 14.54, 3.76, 0.0, 2.27, 16.77, 0.21, 3.1, 9.78, 3.01, 9.9, 11.04, 10.3, 7.31, 6.55, 11.03, 0.56, 4.86, 3.46, 8.59, 4.25, 8.85, 4.28, 12.74, 3.94, 12.14], [3.65, 4.43, 10.53, 9.36, 0.95, 1.91, 5.34, 3.06, 12.05, 8.15, 4.12, 5.44, 0.62, 0.49, 14.87, 8.04, 3.59, 4.02, 5.24, 7.28, 6.74, 7.34, 3.02, 2.57, 3.64, 1.35, 6.87, 7.59, 5.27, 4.67, 7.23, 4.45, 5.84, 7.51, 4.28, 9.37, 2.95, 2.79, 14.25, 9.3, 11.0, 9.91, 7.67, 4.32, 0.0, 2.94, 6.59, 12.63, 2.06, 5.04, 7.61, 2.26, 0.81, 0.0, 11.4, 6.65, 4.69, 10.18, 9.04, 11.22, 3.79, 4.31, 9.2, 7.45, 1.7, 1.95, 5.47, 4.7, 1.64, 1.49, 2.86, 13.08, 2.34, 5.64, 7.93], [0.66, 6.26, 1.26, 0.38, 11.37, 10.45, 11.58, 7.7, 2.35, 7.59, 5.21, 5.54, 4.36, 10.39, 3.06, 0.76, 4.57, 12.98, 13.64, 6.09, 0.69, 0.88, 7.73, 3.55, 4.03, 5.96, 2.1, 3.35, 4.05, 1.1, 13.84, 4.47, 4.42, 1.64, 1.5, 11.35, 4.88, 2.35, 1.24, 2.04, 2.32, 3.48, 3.57, 5.34, 6.51, 3.41, 2.88, 3.63, 0.86, 4.53, 8.74, 2.57, 1.71, 12.05, 0.0, 14.07, 9.83, 1.31, 19.58, 2.29, 4.11, 2.41, 3.31, 2.9, 11.1, 10.99, 8.27, 5.31, 4.77, 4.97, 2.62, 9.38, 4.43, 3.73, 4.28], [2.13, 6.09, 20.31, 10.87, 4.18, 2.06, 3.6, 3.81, 15.27, 3.5, 9.45, 18.45, 8.64, 10.84, 4.96, 5.05, 15.67, 12.23, 13.81, 3.73, 1.73, 12.39, 1.13, 7.62, 5.15, 7.61, 10.07, 9.31, 14.64, 11.33, 2.94, 10.15, 10.69, 3.06, 9.13, 1.64, 1.72, 5.15, 2.8, 2.4, 19.2, 6.16, 11.27, 4.11, 5.74, 4.57, 11.95, 2.25, 2.08, 5.48, 9.44, 1.6, 0.74, 1.01, 8.6, 0.0, 7.5, 2.61, 1.0, 8.36, 8.99, 12.18, 5.72, 5.26, 8.43, 0.94, 11.94, 12.76, 8.88, 1.65, 5.71, 6.34, 7.33, 4.8, 5.32], [8.77, 6.68, 2.56, 7.69, 0.81, 1.48, 3.6, 7.13, 3.47, 1.57, 0.64, 6.68, 3.38, 4.3, 2.59, 4.41, 4.91, 3.17, 7.18, 3.79, 3.34, 7.92, 3.04, 2.83, 2.98, 2.78, 4.48, 1.77, 5.74, 0.97, 4.21, 10.95, 3.91, 2.53, 1.69, 3.76, 1.4, 0.24, 8.67, 2.6, 2.1, 5.39, 4.86, 6.37, 3.9, 9.85, 1.57, 3.79, 1.31, 5.89, 1.3, 5.19, 9.74, 1.47, 5.28, 4.53, 0.0, 3.64, 5.59, 8.77, 3.37, 1.23, 8.61, 3.91, 1.34, 3.51, 1.22, 2.49, 8.99, 4.86, 6.01, 4.2, 2.49, 4.91, 4.6], [2.54, 10.81, 2.21, 7.19, 9.69, 12.37, 2.47, 6.95, 6.73, 0.43, 6.15, 10.59, 10.61, 11.05, 1.64, 8.44, 1.9, 2.0, 5.69, 5.48, 6.78, 7.2, 2.63, 1.81, 4.01, 8.47, 11.45, 8.73, 5.89, 6.11, 3.27, 14.11, 10.63, 2.28, 9.67, 1.93, 2.34, 5.94, 1.6, 0.76, 12.2, 2.16, 7.33, 3.76, 15.54, 0.91, 5.84, 2.5, 0.95, 10.59, 8.78, 12.96, 1.66, 9.24, 7.15, 9.11, 6.14, 0.0, 6.82, 1.41, 1.57, 12.6, 2.81, 12.55, 7.48, 2.15, 8.77, 2.84, 7.81, 1.35, 1.96, 2.43, 4.03, 11.23, 1.78], [11.88, 17.78, 5.65, 2.73, 1.74, 9.63, 4.87, 14.66, 16.55, 11.01, 4.13, 5.76, 8.24, 13.12, 2.63, 6.33, 18.77, 14.03, 12.01, 11.6, 5.52, 4.1, 2.01, 7.58, 9.44, 14.43, 18.11, 17.35, 17.35, 14.3, 3.14, 13.11, 4.17, 7.75, 10.75, 5.6, 8.65, 6.5, 16.31, 7.4, 12.09, 6.13, 2.9, 6.13, 11.41, 5.99, 21.87, 11.69, 9.33, 12.35, 17.15, 3.38, 2.42, 9.08, 4.79, 2.06, 5.0, 11.65, 0.0, 13.6, 3.12, 6.21, 1.66, 21.97, 9.49, 3.89, 10.03, 12.49, 2.24, 4.06, 13.03, 3.27, 5.46, 11.34, 15.4], [5.46, 10.77, 9.1, 4.44, 10.34, 1.55, 6.59, 3.73, 2.55, 1.01, 1.31, 1.9, 14.53, 16.77, 1.6, 4.9, 4.57, 15.77, 12.89, 5.58, 3.41, 10.74, 4.04, 4.92, 5.43, 4.08, 7.27, 2.42, 11.76, 4.1, 2.01, 3.61, 6.74, 1.07, 13.8, 2.59, 5.39, 10.57, 6.98, 2.88, 5.99, 4.96, 7.26, 3.39, 6.96, 2.57, 8.19, 0.81, 1.85, 8.05, 6.04, 9.73, 4.82, 3.74, 4.6, 3.89, 6.04, 0.34, 7.76, 0.0, 2.9, 4.55, 2.51, 1.71, 14.39, 8.52, 13.08, 1.51, 4.7, 11.99, 5.91, 3.13, 0.95, 8.2, 8.2], [4.1, 8.35, 2.82, 6.66, 7.42, 8.01, 1.63, 7.38, 2.96, 0.46, 1.48, 2.87, 5.8, 7.08, 5.97, 1.51, 1.98, 6.99, 1.64, 2.24, 0.87, 1.38, 1.23, 1.63, 10.05, 5.9, 2.3, 6.5, 1.49, 1.57, 6.55, 9.26, 1.88, 1.31, 5.36, 1.68, 4.3, 3.04, 2.48, 3.98, 5.24, 1.42, 1.15, 3.45, 4.96, 3.56, 5.81, 0.69, 0.52, 6.47, 7.91, 7.83, 1.68, 5.51, 1.41, 4.89, 5.5, 5.41, 11.81, 1.01, 0.0, 5.31, 5.13, 3.94, 1.93, 9.83, 9.29, 5.18, 12.15, 4.52, 3.47, 1.22, 0.32, 6.23, 9.37], [9.87, 3.01, 13.45, 7.0, 2.69, 5.04, 7.61, 0.64, 11.12, 13.15, 2.47, 6.07, 4.78, 1.53, 7.45, 9.95, 1.44, 1.31, 2.0, 1.98, 1.78, 6.68, 7.59, 7.49, 1.71, 1.37, 4.58, 5.53, 3.96, 1.05, 10.12, 4.89, 2.84, 9.39, 4.83, 4.39, 4.31, 2.44, 4.95, 13.6, 8.12, 4.82, 5.83, 9.72, 1.12, 3.71, 2.49, 5.34, 1.71, 0.84, 3.11, 8.53, 10.41, 3.68, 1.75, 5.47, 2.68, 12.1, 11.06, 9.62, 9.57, 0.0, 10.48, 1.34, 1.01, 5.08, 0.16, 9.64, 2.39, 4.19, 7.91, 10.36, 11.22, 1.34, 2.5], [8.48, 8.83, 6.36, 14.24, 1.54, 8.59, 5.47, 12.99, 7.67, 2.02, 5.26, 14.24, 16.27, 11.52, 0.86, 5.28, 2.88, 3.48, 8.05, 2.23, 3.11, 6.87, 2.2, 0.68, 4.55, 10.29, 11.64, 2.63, 3.54, 6.18, 1.63, 5.65, 7.55, 2.82, 3.28, 0.32, 3.05, 6.11, 1.98, 4.93, 15.68, 0.58, 5.04, 8.37, 13.38, 1.44, 7.51, 3.19, 2.22, 2.43, 8.07, 7.35, 7.09, 10.85, 8.79, 5.2, 10.4, 3.48, 5.42, 5.48, 5.26, 2.2, 0.0, 8.5, 10.85, 2.2, 14.07, 9.37, 19.78, 4.14, 12.88, 0.0, 2.1, 10.3, 9.98], [2.33, 6.07, 0.75, 0.87, 16.39, 7.56, 8.74, 7.04, 0.89, 6.85, 3.31, 3.61, 13.67, 7.99, 14.73, 1.78, 9.81, 13.12, 2.3, 7.86, 5.61, 0.32, 2.97, 9.96, 2.55, 3.57, 1.49, 3.09, 2.69, 1.82, 6.09, 0.82, 1.98, 9.21, 4.26, 10.88, 4.71, 3.54, 3.69, 12.54, 0.45, 15.13, 5.51, 4.56, 5.14, 2.87, 4.31, 8.75, 3.47, 0.5, 11.08, 4.0, 9.01, 15.13, 1.72, 8.89, 6.58, 12.51, 16.58, 3.1, 1.68, 3.92, 4.31, 0.0, 1.81, 17.45, 3.87, 7.34, 14.29, 2.19, 0.45, 7.5, 6.34, 2.59, 3.02], [9.48, 2.66, 9.96, 3.76, 3.21, 2.87, 1.79, 0.9, 6.49, 5.75, 6.48, 8.66, 3.34, 2.07, 7.69, 8.03, 4.15, 0.43, 0.99, 3.38, 5.6, 1.34, 4.87, 11.58, 0.42, 4.64, 8.23, 1.86, 1.53, 5.59, 1.61, 10.08, 5.08, 7.25, 6.77, 10.84, 3.98, 0.8, 11.28, 14.48, 1.42, 2.23, 0.83, 4.78, 1.77, 8.16, 2.22, 2.41, 5.31, 3.95, 3.38, 5.42, 1.21, 3.19, 7.54, 3.13, 0.64, 11.05, 13.51, 10.78, 6.37, 0.67, 12.37, 4.94, 0.0, 5.38, 1.55, 4.38, 3.75, 5.98, 3.05, 1.99, 3.44, 2.2, 5.28], [6.3, 3.16, 3.05, 15.65, 3.03, 1.96, 1.61, 10.27, 12.6, 6.0, 3.92, 2.54, 7.79, 8.81, 11.06, 13.43, 13.82, 7.32, 13.41, 7.9, 3.9, 4.52, 5.45, 5.52, 9.0, 4.41, 6.79, 14.4, 10.04, 1.4, 0.91, 13.02, 5.88, 5.13, 5.33, 3.76, 2.88, 6.29, 11.69, 12.05, 2.22, 7.24, 6.57, 11.63, 3.82, 8.87, 17.64, 2.37, 1.68, 2.5, 3.04, 3.97, 0.82, 4.68, 9.79, 0.74, 1.51, 2.79, 2.18, 5.42, 5.54, 9.48, 6.63, 7.62, 1.4, 0.0, 6.66, 4.63, 14.76, 2.16, 10.22, 1.44, 8.6, 1.84, 10.48], [2.88, 6.46, 2.47, 5.69, 1.33, 3.69, 5.42, 2.96, 5.8, 13.67, 2.55, 0.93, 2.81, 0.33, 13.07, 7.62, 2.7, 1.78, 1.07, 2.04, 0.97, 10.18, 10.55, 5.33, 0.75, 4.01, 9.92, 1.71, 0.65, 1.56, 7.05, 12.01, 6.17, 6.76, 1.02, 13.71, 4.52, 1.23, 4.94, 11.25, 2.0, 14.92, 2.42, 11.07, 0.68, 14.85, 6.24, 10.51, 12.44, 5.84, 3.0, 6.05, 3.38, 3.81, 12.11, 6.44, 1.39, 11.79, 9.23, 2.3, 5.6, 0.19, 16.34, 9.11, 0.39, 4.87, 0.0, 10.41, 1.62, 1.0, 4.61, 14.67, 8.84, 5.76, 5.38], [1.55, 6.83, 6.66, 2.53, 13.99, 9.68, 9.65, 18.33, 1.0, 4.18, 8.34, 10.5, 7.99, 14.64, 4.02, 0.75, 3.8, 6.2, 3.11, 4.85, 5.31, 6.85, 7.49, 4.46, 11.68, 1.38, 2.95, 3.73, 10.34, 1.39, 3.85, 4.16, 1.09, 6.79, 5.6, 5.04, 4.99, 9.82, 2.65, 7.08, 8.6, 3.72, 5.31, 0.62, 9.15, 7.08, 0.92, 3.75, 4.31, 4.48, 11.5, 13.08, 3.81, 10.09, 2.83, 6.28, 3.29, 6.86, 12.08, 1.49, 6.06, 13.31, 4.64, 6.22, 12.62, 7.15, 15.05, 0.0, 20.81, 13.56, 7.57, 5.84, 1.07, 8.2, 8.97], [2.84, 3.86, 9.21, 2.8, 3.0, 3.79, 1.46, 1.43, 17.01, 5.62, 11.96, 7.12, 1.05, 0.59, 9.18, 2.52, 1.6, 1.3, 0.74, 5.98, 3.25, 6.75, 5.8, 9.35, 3.12, 4.89, 8.9, 6.31, 5.92, 1.84, 3.18, 6.18, 4.94, 6.31, 11.95, 18.53, 3.78, 6.74, 15.06, 3.98, 11.85, 12.55, 13.99, 5.68, 1.46, 8.51, 14.13, 12.1, 7.33, 2.95, 1.96, 3.75, 3.89, 6.83, 3.57, 1.82, 6.07, 17.91, 15.61, 11.7, 14.7, 2.9, 11.06, 6.91, 3.56, 13.91, 2.45, 3.03, 0.0, 10.69, 3.69, 13.71, 14.41, 1.49, 6.74], [2.66, 5.2, 18.72, 7.78, 1.8, 1.62, 0.64, 6.75, 2.57, 3.38, 4.42, 4.44, 5.21, 2.68, 7.21, 10.1, 9.61, 2.65, 6.93, 6.52, 1.17, 7.82, 1.06, 8.92, 1.65, 8.05, 6.33, 7.18, 8.68, 5.76, 7.52, 3.18, 2.06, 1.92, 11.86, 1.65, 1.83, 2.43, 11.2, 7.17, 3.0, 3.16, 4.97, 8.5, 2.57, 4.43, 3.19, 3.75, 2.87, 1.7, 8.29, 0.64, 4.09, 3.12, 8.03, 3.79, 4.6, 8.36, 2.26, 12.07, 7.31, 3.18, 3.08, 3.07, 1.26, 0.58, 5.04, 11.05, 8.04, 0.0, 3.29, 1.88, 11.37, 4.97, 9.66], [1.22, 3.75, 7.17, 2.83, 8.92, 4.86, 3.6, 11.22, 2.65, 8.66, 2.49, 0.8, 12.98, 9.29, 5.42, 4.07, 1.69, 6.05, 7.49, 4.29, 0.61, 0.54, 6.92, 13.26, 1.35, 1.02, 0.82, 4.26, 6.05, 0.72, 10.66, 0.68, 0.17, 7.2, 0.66, 10.08, 9.17, 8.28, 3.73, 10.38, 3.69, 6.54, 3.39, 9.18, 7.89, 7.87, 3.14, 2.52, 1.23, 2.19, 8.73, 7.53, 12.06, 4.35, 2.41, 3.39, 5.13, 11.79, 7.31, 7.96, 1.61, 1.82, 4.29, 2.59, 5.01, 10.35, 2.9, 4.28, 5.84, 5.5, 0.0, 13.5, 2.42, 1.12, 1.87], [11.94, 3.35, 16.08, 7.59, 2.3, 5.03, 4.27, 8.56, 3.23, 1.44, 8.64, 6.87, 10.53, 4.91, 2.85, 3.14, 7.0, 5.44, 6.19, 1.0, 6.56, 4.22, 1.6, 0.5, 2.94, 4.04, 9.58, 13.15, 9.64, 1.28, 2.9, 7.79, 7.26, 5.38, 8.3, 0.95, 6.37, 9.45, 7.54, 3.92, 9.66, 0.29, 5.05, 6.53, 5.42, 0.51, 11.32, 0.67, 4.27, 11.1, 4.3, 1.25, 6.68, 11.93, 4.6, 4.94, 5.77, 2.98, 6.87, 5.6, 1.64, 15.08, 0.0, 4.2, 6.72, 5.46, 7.55, 1.81, 17.1, 9.38, 11.82, 0.0, 3.2, 12.7, 11.42], [4.21, 14.02, 8.29, 2.53, 5.7, 5.04, 3.92, 10.73, 0.39, 0.99, 1.79, 2.04, 6.45, 2.85, 4.36, 4.46, 8.53, 7.2, 5.39, 3.52, 3.33, 2.01, 3.62, 3.0, 5.16, 6.2, 7.27, 8.22, 1.6, 3.44, 9.31, 1.55, 2.44, 1.39, 5.49, 4.53, 7.25, 7.4, 4.45, 3.03, 11.65, 2.54, 3.83, 1.17, 2.95, 5.21, 0.93, 0.53, 1.32, 1.89, 7.82, 14.98, 12.1, 11.98, 4.49, 5.51, 5.28, 2.11, 10.98, 1.65, 1.25, 10.19, 4.2, 1.99, 4.99, 7.03, 10.69, 3.69, 13.15, 10.92, 6.42, 5.97, 0.0, 1.42, 7.7], [3.72, 1.58, 5.16, 1.32, 8.8, 9.74, 7.76, 2.59, 8.84, 9.79, 2.79, 2.38, 7.86, 4.07, 9.75, 2.32, 4.25, 3.04, 8.14, 2.11, 4.59, 0.42, 8.57, 8.49, 6.73, 3.36, 0.5, 3.51, 6.32, 5.85, 16.77, 5.53, 0.77, 4.27, 0.49, 2.1, 7.58, 7.4, 3.94, 6.0, 1.14, 10.55, 3.18, 6.72, 2.16, 14.71, 7.75, 4.69, 0.83, 0.93, 1.99, 7.27, 11.12, 1.45, 1.33, 11.29, 2.52, 9.86, 9.8, 7.17, 1.5, 6.46, 14.08, 0.47, 1.82, 4.24, 2.77, 7.83, 11.11, 10.96, 0.92, 4.03, 1.69, 0.0, 0.64], [0.81, 0.75, 5.29, 1.05, 8.0, 10.95, 9.5, 10.04, 3.61, 3.68, 7.38, 1.84, 7.46, 5.99, 4.58, 6.09, 1.5, 8.1, 7.8, 6.02, 4.5, 1.53, 5.87, 5.71, 6.67, 1.03, 1.84, 6.26, 4.28, 5.88, 5.09, 3.56, 0.68, 2.58, 0.74, 4.6, 5.92, 6.64, 2.57, 14.48, 0.37, 13.88, 6.8, 10.32, 4.49, 8.4, 1.22, 8.7, 4.41, 1.0, 4.91, 2.58, 8.64, 5.04, 4.84, 15.13, 3.52, 3.13, 4.65, 5.3, 2.49, 1.27, 2.62, 1.88, 1.49, 2.62, 3.78, 8.22, 3.38, 6.5, 2.06, 6.75, 2.23, 1.26, 0.0]]
vans = [8, 5, 10]

