J = [0, 1, 2, 3]
K = [4, 5]
L = [6, 7, 8]
I = [0, 1, 2, 3, 4, 5, 6, 7, 8]
N = [0, 1, 2, 3, 4, 5, 6, 7, 8, 9, 10, 11, 12, 13, 14, 15, 16, 17, 18, 19, 20, 21, 22, 23, 24, 25, 26, 27, 28, 29, 30, 31, 32, 33, 34, 35, 36, 37, 38, 39, 40, 41, 42, 43, 44, 45, 46, 47, 48, 49]
demand = [930, 738, 749, 1192, 1158, 432, 659, 895, 995, 591, 900, 1086, 631, 1038, 526, 488, 579, 690, 1099, 1176, 631, 904, 1069, 437, 951, 1181, 1176, 970, 626, 426, 736, 949, 988, 698, 761, 644, 1131, 1188, 767, 536, 1059, 465, 411, 510, 808, 811, 1186, 497, 523, 1028]
hub = [3, 2, 2, 0, 1, 0, 1, 2, 0, 1, 3, 1, 0, 3, 2, 3, 1, 3, 3, 0, 3, 1, 2, 0, 1, 0, 1, 0, 2, 0, 3, 0, 1, 2, 2, 2, 2, 2, 2, 0, 2, 3, 1, 1, 2, 3, 3, 2, 2, 0]
release = [4, 30, 33, 17, 47, 14, 47, 0, 30, 14, 33, 32, 43, 20, 10, 47, 33, 23, 5, 22, 23, 10, 45, 27, 35, 2, 2, 3, 13, 33, 26, 31, 26, 11, 1, 4, 9, 25, 23, 15, 11, 12, 6, 13, 12, 11, 8, 16, 23, 13]
Nj = [[3, 5, 8, 12, 19, 23, 25, 27, 29, 31, 39, 49], [4, 6, 9, 11, 16, 21, 24, 26, 32, 42, 43], [1, 2, 7, 14, 22, 28, 33, 34, 35, 36, 37, 38, 40, 44, 47, 48], [0, 10, 13, 15, 17, 18, 20, 30, 41, 45, 46]]
Gj = [[0, 1, 2, 3, 4, 5, 6, 7, 8, 9, 10, 11], [12, 13, 14, 15, 16, 17, 18, 19, 20, 21, 22], [23, 24, 25, 26, 27, 28, 29, 30, 31, 32, 33, 34, 35, 36, 37, 38], [39, 40, 41, 42, 43, 44, 45, 46, 47, 48, 49]]
G = [0, 1, 2, 3, 4, 5, 6, 7, 8, 9, 10, 11, 12, 13, 14, 15, 16, 17, 18, 19, 20, 21, 22, 23, 24, 25, 26, 27, 28, 29, 30, 31, 32, 33, 34, 35, 36, 37, 38, 39, 40, 41, 42, 43, 44, 45, 46, 47, 48, 49]
deadline = [216, 240, 168, 168, 168, 216, 216, 240, 240, 192, 168, 192, 240, 240, 168, 216, 216, 192, 192, 168, 216, 240, 168, 168, 216, 240, 216, 240, 168, 216, 168, 192, 192, 168, 216, 240, 168, 168, 240, 216, 216, 192, 192, 240, 216, 216, 240, 192, 240, 168]
weight = [80, 50, 80, 20, 80, 50, 50, 70, 30, 20, 10, 50, 20, 90, 60, 90, 60, 20, 10, 80, 10, 100, 70, 50, 100, 50, 40, 20, 40, 60, 20, 90, 60, 50, 100, 80, 20, 100, 20, 20, 80, 70, 20, 50, 20, 50, 80, 90, 60, 50]
q = 2000
M = [0, 1, 2]
M_description = ['Road', 'Rail', 'Ship']
accessibility = [[1, 0, 1], [1, 0, 1], [1, 1, 0], [1, 0, 1], [1, 1, 1], [1, 1, 1], [1, 0, 1], [1, 1, 1], [1, 0, 0]]
S = [0, 1, 2, 3, 4, 5, 6, 7, 8, 9, 10, 11, 12, 13, 14, 15, 16, 17, 18, 19, 20, 21, 22, 23, 24, 25, 26, 27, 28, 29, 30, 31, 32, 33, 34, 35, 36, 37, 38, 39, 40, 41, 42, 43, 44, 45, 46, 47, 48, 49, 50, 51, 52, 53, 54, 55, 56, 57, 58, 59, 60, 61, 62, 63, 64, 65, 66, 67, 68, 69, 70, 71, 72, 73, 74, 75, 76, 77, 78, 79, 80, 81, 82, 83, 84, 85, 86, 87, 88, 89, 90, 91, 92, 93, 94, 95, 96, 97, 98, 99, 100, 101, 102, 103, 104, 105, 106, 107, 108, 109, 110, 111, 112, 113, 114, 115, 116, 117, 118, 119, 120, 121, 122, 123, 124, 125, 126, 127, 128, 129, 130, 131, 132, 133, 134, 135, 136, 137, 138, 139, 140, 141, 142, 143, 144, 145, 146, 147, 148, 149, 150, 151, 152, 153, 154, 155, 156, 157, 158, 159, 160, 161, 162, 163, 164, 165, 166, 167, 168, 169, 170, 171, 172, 173, 174, 175, 176, 177, 178, 179, 180, 181, 182, 183, 184, 185, 186, 187, 188, 189, 190, 191, 192, 193, 194, 195, 196, 197, 198, 199, 200, 201, 202, 203, 204, 205, 206, 207, 208, 209, 210, 211, 212, 213, 214, 215, 216, 217, 218, 219, 220, 221, 222, 223, 224, 225, 226, 227, 228, 229, 230, 231, 232, 233, 234, 235, 236, 237, 238, 239, 240, 241, 242, 243, 244, 245, 246, 247, 248, 249, 250, 251, 252, 253, 254, 255, 256, 257, 258, 259, 260, 261, 262, 263, 264, 265, 266, 267, 268, 269, 270, 271, 272, 273, 274, 275, 276, 277, 278, 279, 280, 281, 282, 283, 284, 285, 286, 287, 288, 289, 290, 291, 292, 293, 294, 295, 296, 297, 298, 299, 300, 301, 302, 303, 304, 305, 306, 307, 308]
origin = [0, 0, 0, 0, 0, 0, 0, 0, 0, 0, 0, 0, 0, 0, 0, 0, 0, 0, 0, 0, 0, 0, 0, 0, 0, 0, 0, 0, 0, 0, 0, 0, 1, 1, 1, 1, 1, 1, 1, 1, 1, 1, 1, 1, 1, 1, 1, 1, 1, 1, 1, 1, 1, 1, 1, 1, 1, 1, 1, 1, 1, 1, 1, 1, 2, 2, 2, 2, 2, 2, 2, 2, 2, 2, 2, 2, 2, 2, 2, 2, 2, 2, 2, 2, 2, 2, 2, 2, 2, 2, 2, 2, 2, 2, 2, 2, 3, 3, 3, 3, 3, 3, 3, 3, 3, 3, 3, 3, 3, 3, 3, 3, 3, 3, 3, 3, 3, 3, 3, 3, 3, 3, 3, 3, 3, 3, 3, 3, 4, 4, 4, 4, 4, 4, 4, 4, 4, 4, 4, 4, 4, 4, 4, 4, 4, 4, 4, 4, 4, 4, 4, 4, 4, 4, 4, 4, 4, 4, 4, 4, 5, 5, 5, 5, 5, 5, 5, 5, 5, 5, 5, 5, 5, 5, 5, 5, 5, 5, 5, 5, 5, 5, 5, 5, 5, 5, 5, 5, 5, 5, 5, 5, 2, 2, 2, 2, 2, 2, 2, 2, 2, 4, 4, 4, 4, 4, 4, 4, 4, 4, 5, 5, 5, 5, 5, 5, 5, 5, 5, 0, 0, 0, 0, 0, 0, 0, 0, 0, 0, 0, 0, 0, 0, 0, 0, 0, 0, 1, 1, 1, 1, 1, 1, 1, 1, 1, 1, 1, 1, 1, 1, 1, 1, 1, 1, 3, 3, 3, 3, 3, 3, 3, 3, 3, 3, 3, 3, 3, 3, 3, 3, 3, 3, 4, 4, 4, 4, 4, 4, 4, 4, 4, 4, 4, 4, 4, 4, 4, 4, 4, 4, 5, 5, 5, 5, 5, 5, 5, 5, 5, 5, 5, 5, 5, 5, 5, 5, 5, 5]
destination = [1, 1, 1, 1, 2, 2, 2, 2, 3, 3, 3, 3, 4, 4, 4, 4, 5, 5, 5, 5, 6, 6, 6, 6, 7, 7, 7, 7, 8, 8, 8, 8, 0, 0, 0, 0, 2, 2, 2, 2, 3, 3, 3, 3, 4, 4, 4, 4, 5, 5, 5, 5, 6, 6, 6, 6, 7, 7, 7, 7, 8, 8, 8, 8, 0, 0, 0, 0, 1, 1, 1, 1, 3, 3, 3, 3, 4, 4, 4, 4, 5, 5, 5, 5, 6, 6, 6, 6, 7, 7, 7, 7, 8, 8, 8, 8, 0, 0, 0, 0, 1, 1, 1, 1, 2, 2, 2, 2, 4, 4, 4, 4, 5, 5, 5, 5, 6, 6, 6, 6, 7, 7, 7, 7, 8, 8, 8, 8, 0, 0, 0, 0, 1, 1, 1, 1, 2, 2, 2, 2, 3, 3, 3, 3, 5, 5, 5, 5, 6, 6, 6, 6, 7, 7, 7, 7, 8, 8, 8, 8, 0, 0, 0, 0, 1, 1, 1, 1, 2, 2, 2, 2, 3, 3, 3, 3, 4, 4, 4, 4, 6, 6, 6, 6, 7, 7, 7, 7, 8, 8, 8, 8, 4, 4, 4, 5, 5, 5, 7, 7, 7, 2, 2, 2, 5, 5, 5, 7, 7, 7, 2, 2, 2, 4, 4, 4, 7, 7, 7, 1, 1, 1, 3, 3, 3, 4, 4, 4, 5, 5, 5, 6, 6, 6, 7, 7, 7, 0, 0, 0, 3, 3, 3, 4, 4, 4, 5, 5, 5, 6, 6, 6, 7, 7, 7, 0, 0, 0, 1, 1, 1, 4, 4, 4, 5, 5, 5, 6, 6, 6, 7, 7, 7, 0, 0, 0, 1, 1, 1, 3, 3, 3, 5, 5, 5, 6, 6, 6, 7, 7, 7, 0, 0, 0, 1, 1, 1, 3, 3, 3, 4, 4, 4, 6, 6, 6, 7, 7, 7]
departure = [8, 56, 104, 152, 8, 56, 104, 152, 8, 56, 104, 152, 8, 56, 104, 152, 8, 56, 104, 152, 8, 56, 104, 152, 8, 56, 104, 152, 8, 56, 104, 152, 8, 56, 104, 152, 8, 56, 104, 152, 8, 56, 104, 152, 8, 56, 104, 152, 8, 56, 104, 152, 8, 56, 104, 152, 8, 56, 104, 152, 8, 56, 104, 152, 8, 56, 104, 152, 8, 56, 104, 152, 8, 56, 104, 152, 8, 56, 104, 152, 8, 56, 104, 152, 8, 56, 104, 152, 8, 56, 104, 152, 8, 56, 104, 152, 8, 56, 104, 152, 8, 56, 104, 152, 8, 56, 104, 152, 8, 56, 104, 152, 8, 56, 104, 152, 8, 56, 104, 152, 8, 56, 104, 152, 8, 56, 104, 152, 12, 60, 108, 156, 12, 60, 108, 156, 12, 60, 108, 156, 12, 60, 108, 156, 12, 60, 108, 156, 12, 60, 108, 156, 12, 60, 108, 156, 12, 60, 108, 156, 12, 60, 108, 156, 12, 60, 108, 156, 12, 60, 108, 156, 12, 60, 108, 156, 12, 60, 108, 156, 12, 60, 108, 156, 12, 60, 108, 156, 12, 60, 108, 156, 33, 81, 129, 33, 81, 129, 33, 81, 129, 37, 85, 133, 37, 85, 133, 37, 85, 133, 37, 85, 133, 37, 85, 133, 37, 85, 133, 10, 58, 106, 10, 58, 106, 10, 58, 106, 10, 58, 106, 10, 58, 106, 10, 58, 106, 10, 58, 106, 10, 58, 106, 10, 58, 106, 10, 58, 106, 10, 58, 106, 10, 58, 106, 10, 58, 106, 10, 58, 106, 10, 58, 106, 10, 58, 106, 10, 58, 106, 10, 58, 106, 13, 61, 109, 13, 61, 109, 13, 61, 109, 13, 61, 109, 13, 61, 109, 13, 61, 109, 13, 61, 109, 13, 61, 109, 13, 61, 109, 13, 61, 109, 13, 61, 109, 13, 61, 109]
arrival = [100, 124, 172, 196, 52, 100, 124, 196, 100, 124, 124, 244, 108, 132, 156, 252, 60, 156, 180, 228, 136, 184, 208, 256, 160, 184, 256, 304, 112, 136, 232, 304, 100, 148, 124, 172, 76, 124, 124, 172, 100, 148, 172, 172, 108, 156, 156, 228, 84, 108, 156, 204, 136, 160, 184, 304, 112, 136, 232, 256, 112, 208, 256, 232, 52, 100, 172, 244, 28, 100, 172, 220, 100, 100, 172, 220, 60, 108, 180, 228, 60, 156, 156, 228, 136, 136, 232, 304, 136, 160, 208, 256, 112, 136, 256, 232, 76, 76, 196, 220, 100, 100, 196, 196, 28, 124, 124, 244, 84, 108, 180, 228, 60, 108, 180, 228, 160, 184, 232, 280, 136, 208, 256, 304, 112, 160, 208, 256, 32, 152, 200, 176, 56, 80, 128, 224, 32, 80, 176, 248, 104, 128, 152, 200, 88, 160, 160, 232, 92, 212, 260, 260, 116, 212, 236, 236, 140, 140, 188, 236, 56, 104, 128, 248, 32, 80, 152, 200, 80, 80, 176, 248, 32, 104, 152, 224, 112, 160, 160, 232, 116, 164, 236, 260, 116, 188, 260, 236, 92, 188, 236, 260, 86, 134, 182, 134, 134, 230, 138, 210, 282, 130, 178, 226, 114, 186, 210, 190, 190, 286, 130, 130, 202, 138, 186, 210, 166, 166, 262, 104, 80, 200, 32, 104, 152, 64, 136, 208, 64, 112, 208, 116, 212, 236, 92, 212, 236, 104, 104, 176, 104, 104, 128, 64, 136, 184, 64, 112, 208, 116, 188, 236, 140, 140, 236, 32, 104, 200, 56, 104, 200, 88, 136, 208, 112, 160, 184, 164, 212, 188, 140, 140, 212, 106, 82, 154, 58, 82, 130, 58, 106, 130, 90, 162, 210, 118, 190, 190, 142, 214, 262, 58, 106, 202, 34, 106, 178, 106, 130, 130, 66, 114, 162, 142, 142, 190, 166, 142, 190]
Q = [4, 4, 2, 4, 4, 2, 4, 2, 4, 2, 4, 2, 4, 4, 4, 4, 4, 4, 2, 2, 2, 2, 2, 2, 4, 4, 4, 2, 2, 4, 4, 4, 4, 4, 2, 2, 2, 2, 2, 4, 2, 4, 2, 2, 2, 2, 4, 4, 4, 4, 2, 4, 4, 4, 2, 4, 2, 2, 4, 4, 4, 2, 4, 2, 4, 4, 2, 4, 2, 4, 2, 2, 4, 2, 4, 2, 4, 2, 4, 2, 4, 2, 2, 4, 2, 2, 4, 2, 4, 2, 2, 4, 2, 4, 2, 2, 2, 2, 4, 4, 4, 2, 4, 4, 4, 4, 2, 4, 4, 4, 2, 4, 4, 4, 2, 4, 2, 4, 4, 4, 4, 2, 2, 4, 4, 4, 4, 2, 4, 2, 2, 4, 2, 2, 2, 4, 2, 4, 4, 2, 4, 4, 2, 4, 4, 2, 2, 4, 4, 2, 4, 4, 2, 2, 2, 2, 2, 2, 4, 2, 2, 4, 4, 2, 2, 2, 4, 2, 2, 4, 2, 2, 2, 4, 2, 4, 4, 2, 2, 4, 4, 2, 4, 2, 4, 2, 4, 2, 4, 4, 4, 2, 6, 3, 6, 3, 6, 6, 3, 6, 6, 3, 6, 3, 3, 3, 6, 6, 6, 6, 3, 3, 6, 3, 6, 3, 3, 3, 3, 5, 5, 5, 5, 5, 5, 5, 10, 10, 10, 10, 5, 10, 5, 5, 5, 5, 10, 10, 10, 10, 10, 10, 10, 10, 5, 10, 5, 10, 5, 10, 10, 10, 10, 10, 10, 5, 5, 5, 5, 5, 10, 5, 10, 10, 5, 10, 5, 5, 5, 5, 10, 5, 10, 5, 5, 5, 5, 10, 10, 5, 5, 5, 10, 10, 10, 5, 10, 10, 10, 10, 10, 5, 5, 5, 10, 10, 5, 10, 5, 5, 5, 5, 10, 5, 10, 10, 5, 10, 10]
cfixed = [293, 287, 207, 248, 235, 291, 223, 226, 231, 210, 228, 278, 216, 281, 236, 270, 256, 280, 256, 244, 258, 225, 219, 293, 201, 270, 213, 265, 253, 232, 236, 245, 247, 289, 248, 252, 297, 234, 253, 263, 245, 207, 267, 279, 246, 230, 266, 232, 256, 299, 268, 250, 254, 268, 200, 251, 279, 277, 267, 245, 285, 276, 266, 289, 281, 204, 264, 205, 275, 299, 266, 236, 298, 259, 216, 203, 211, 291, 206, 240, 286, 206, 259, 233, 232, 208, 286, 246, 300, 205, 284, 267, 258, 291, 278, 218, 223, 239, 239, 247, 297, 295, 247, 290, 220, 257, 247, 292, 250, 290, 231, 210, 284, 251, 285, 262, 211, 282, 267, 235, 221, 221, 254, 256, 210, 292, 262, 211, 298, 263, 281, 270, 252, 227, 295, 292, 256, 216, 274, 236, 248, 258, 273, 224, 255, 268, 225, 233, 268, 243, 243, 261, 222, 297, 276, 207, 228, 248, 272, 241, 267, 277, 221, 266, 201, 262, 271, 281, 297, 203, 224, 230, 201, 282, 286, 230, 269, 273, 292, 256, 230, 239, 201, 295, 275, 203, 287, 294, 220, 287, 287, 286, 365, 444, 312, 372, 417, 334, 304, 456, 438, 347, 323, 388, 315, 326, 478, 439, 361, 388, 319, 453, 402, 455, 440, 417, 358, 333, 396, 525, 544, 535, 584, 546, 593, 505, 632, 657, 630, 590, 698, 630, 637, 650, 560, 517, 645, 653, 572, 691, 549, 625, 620, 550, 697, 633, 619, 658, 555, 672, 582, 620, 698, 613, 544, 610, 503, 537, 541, 620, 607, 524, 528, 570, 579, 573, 664, 687, 620, 682, 676, 628, 678, 512, 623, 636, 577, 681, 563, 553, 500, 693, 673, 616, 679, 684, 690, 693, 515, 508, 681, 589, 543, 569, 527, 574, 554, 617, 694, 665, 574, 541, 677, 591, 635, 630, 517, 656, 577]
ctravel = [92, 68, 68, 44, 44, 44, 20, 44, 92, 68, 20, 92, 100, 76, 52, 100, 52, 100, 76, 76, 128, 128, 104, 104, 152, 128, 152, 152, 104, 80, 128, 152, 92, 92, 20, 20, 68, 68, 20, 20, 92, 92, 68, 20, 100, 100, 52, 76, 76, 52, 52, 52, 128, 104, 80, 152, 104, 80, 128, 104, 104, 152, 152, 80, 44, 44, 68, 92, 20, 44, 68, 68, 92, 44, 68, 68, 52, 52, 76, 76, 52, 100, 52, 76, 128, 80, 128, 152, 128, 104, 104, 104, 104, 80, 152, 80, 68, 20, 92, 68, 92, 44, 92, 44, 20, 68, 20, 92, 76, 52, 76, 76, 52, 52, 76, 76, 152, 128, 128, 128, 128, 152, 152, 152, 104, 104, 104, 104, 20, 92, 92, 20, 44, 20, 20, 68, 20, 20, 68, 92, 92, 68, 44, 44, 76, 100, 52, 76, 80, 152, 152, 104, 104, 152, 128, 80, 128, 80, 80, 80, 44, 44, 20, 92, 20, 20, 44, 44, 68, 20, 68, 92, 20, 44, 44, 68, 100, 100, 52, 76, 104, 104, 128, 104, 104, 128, 152, 80, 80, 128, 128, 104, 42.400000000000006, 42.400000000000006, 42.400000000000006, 80.80000000000001, 42.400000000000006, 80.80000000000001, 84.0, 103.2, 122.4, 74.4, 74.4, 74.4, 61.6, 80.80000000000001, 61.6, 122.4, 84.0, 122.4, 74.4, 36.0, 55.2, 80.80000000000001, 80.80000000000001, 61.6, 103.2, 64.8, 103.2, 56.4, 13.2, 56.4, 13.2, 27.599999999999998, 27.599999999999998, 32.4, 46.8, 61.199999999999996, 32.4, 32.4, 61.199999999999996, 63.599999999999994, 92.39999999999999, 78.0, 49.199999999999996, 92.39999999999999, 78.0, 56.4, 27.599999999999998, 42.0, 56.4, 27.599999999999998, 13.2, 32.4, 46.8, 46.8, 32.4, 32.4, 61.199999999999996, 63.599999999999994, 78.0, 78.0, 78.0, 49.199999999999996, 78.0, 13.2, 27.599999999999998, 56.4, 27.599999999999998, 27.599999999999998, 56.4, 46.8, 46.8, 61.199999999999996, 61.199999999999996, 61.199999999999996, 46.8, 92.39999999999999, 92.39999999999999, 49.199999999999996, 78.0, 49.199999999999996, 63.599999999999994, 55.8, 12.6, 27.0, 27.0, 12.6, 12.6, 27.0, 27.0, 12.6, 46.199999999999996, 60.599999999999994, 60.599999999999994, 63.0, 77.39999999999999, 48.6, 77.39999999999999, 91.8, 91.8, 27.0, 27.0, 55.8, 12.6, 27.0, 41.4, 55.8, 41.4, 12.6, 31.799999999999997, 31.799999999999997, 31.799999999999997, 77.39999999999999, 48.6, 48.6, 91.8, 48.6, 48.6]
mode = [0, 0, 0, 0, 0, 0, 0, 0, 0, 0, 0, 0, 0, 0, 0, 0, 0, 0, 0, 0, 0, 0, 0, 0, 0, 0, 0, 0, 0, 0, 0, 0, 0, 0, 0, 0, 0, 0, 0, 0, 0, 0, 0, 0, 0, 0, 0, 0, 0, 0, 0, 0, 0, 0, 0, 0, 0, 0, 0, 0, 0, 0, 0, 0, 0, 0, 0, 0, 0, 0, 0, 0, 0, 0, 0, 0, 0, 0, 0, 0, 0, 0, 0, 0, 0, 0, 0, 0, 0, 0, 0, 0, 0, 0, 0, 0, 0, 0, 0, 0, 0, 0, 0, 0, 0, 0, 0, 0, 0, 0, 0, 0, 0, 0, 0, 0, 0, 0, 0, 0, 0, 0, 0, 0, 0, 0, 0, 0, 0, 0, 0, 0, 0, 0, 0, 0, 0, 0, 0, 0, 0, 0, 0, 0, 0, 0, 0, 0, 0, 0, 0, 0, 0, 0, 0, 0, 0, 0, 0, 0, 0, 0, 0, 0, 0, 0, 0, 0, 0, 0, 0, 0, 0, 0, 0, 0, 0, 0, 0, 0, 0, 0, 0, 0, 0, 0, 0, 0, 0, 0, 0, 0, 1, 1, 1, 1, 1, 1, 1, 1, 1, 1, 1, 1, 1, 1, 1, 1, 1, 1, 1, 1, 1, 1, 1, 1, 1, 1, 1, 2, 2, 2, 2, 2, 2, 2, 2, 2, 2, 2, 2, 2, 2, 2, 2, 2, 2, 2, 2, 2, 2, 2, 2, 2, 2, 2, 2, 2, 2, 2, 2, 2, 2, 2, 2, 2, 2, 2, 2, 2, 2, 2, 2, 2, 2, 2, 2, 2, 2, 2, 2, 2, 2, 2, 2, 2, 2, 2, 2, 2, 2, 2, 2, 2, 2, 2, 2, 2, 2, 2, 2, 2, 2, 2, 2, 2, 2, 2, 2, 2, 2, 2, 2, 2, 2, 2, 2, 2, 2]
delivery_process = ['Cross-Docking', 'Direct-Shipment', 'Direct-Shipment']
distance_ln = [[7.53, 1.17, 3.69, 3.99, 6.08, 2.15, 1.09, 2.15, 2.94, 3.19, 3.09, 8.49, 3.56, 3.11, 2.09, 3.3, 4.92, 2.08, 6.28, 0.51, 2.07, 1.78, 4.91, 7.98, 12.01, 3.56, 1.48, 6.53, 3.92, 1.92, 2.52, 1.18, 1.19, 6.66, 1.14, 1.88, 6.26, 5.31, 4.46, 1.29, 3.62, 3.91, 2.62, 2.82, 5.62, 11.8, 2.44, 7.04, 2.95, 5.4], [3.96, 2.99, 0.46, 2.66, 17.72, 0.0, 6.81, 5.7, 7.53, 18.49, 0.83, 4.52, 7.75, 1.53, 7.96, 3.93, 6.92, 2.38, 2.52, 3.43, 9.68, 1.07, 8.94, 14.25, 9.8, 14.39, 1.96, 6.79, 2.17, 11.47, 1.81, 6.38, 4.67, 5.02, 11.55, 11.66, 4.91, 5.72, 9.45, 12.83, 10.41, 16.02, 4.07, 0.24, 9.95, 6.48, 6.03, 0.7, 13.36, 4.84], [7.03, 5.22, 5.17, 7.08, 9.13, 4.72, 6.6, 3.98, 0.5, 1.06, 3.6, 2.15, 2.73, 1.89, 13.09, 4.67, 7.19, 1.53, 5.58, 5.75, 7.77, 10.38, 15.05, 8.51, 20.36, 3.06, 12.24, 15.66, 3.57, 13.88, 2.26, 6.63, 4.03, 7.39, 0.98, 1.63, 4.5, 15.54, 7.13, 1.66, 15.43, 17.2, 3.19, 8.69, 3.35, 17.16, 3.61, 7.09, 1.0, 2.28]]
distance_nn = [[0.0, 10.59, 8.02, 6.25, 5.41, 19.1, 2.45, 11.13, 13.74, 14.34, 4.63, 10.48, 10.04, 3.84, 1.59, 4.17, 3.27, 9.76, 3.92, 4.02, 3.13, 4.41, 2.97, 5.63, 1.8, 1.85, 3.61, 2.29, 5.76, 5.9, 6.25, 11.19, 4.43, 1.5, 8.63, 11.53, 3.29, 6.16, 2.59, 12.68, 0.85, 0.48, 5.03, 12.27, 15.25, 1.79, 8.82, 5.24, 6.6, 3.99], [2.98, 0.0, 2.95, 1.4, 11.46, 6.81, 2.77, 3.44, 5.77, 1.7, 7.5, 0.75, 1.67, 3.93, 4.94, 8.95, 5.34, 2.71, 6.45, 7.85, 16.68, 2.11, 10.85, 7.52, 8.41, 6.71, 3.23, 9.15, 1.96, 10.54, 2.32, 1.16, 4.16, 5.77, 8.17, 1.27, 12.91, 5.41, 12.48, 5.54, 10.4, 6.58, 8.78, 4.75, 11.88, 9.5, 5.04, 4.01, 3.27, 12.41], [7.27, 0.93, 0.0, 2.13, 1.8, 1.62, 4.92, 1.29, 10.3, 5.98, 3.86, 4.11, 8.38, 2.64, 1.54, 14.76, 6.67, 3.0, 2.39, 10.65, 1.74, 4.88, 5.12, 12.5, 5.99, 2.99, 4.07, 1.4, 3.14, 1.52, 1.6, 2.74, 3.86, 6.76, 1.51, 6.92, 2.91, 3.82, 10.4, 8.36, 5.7, 2.8, 3.06, 3.06, 6.89, 3.42, 4.66, 1.14, 5.37, 8.41], [10.52, 2.23, 2.1, 0.0, 7.04, 2.37, 0.47, 2.25, 2.73, 2.61, 1.04, 4.23, 1.21, 4.36, 10.58, 4.92, 6.18, 1.17, 6.73, 3.73, 7.21, 6.03, 14.68, 5.54, 16.53, 10.03, 4.92, 12.88, 1.66, 6.04, 3.42, 1.67, 8.38, 4.72, 4.04, 2.47, 3.7, 11.36, 9.67, 6.54, 4.09, 14.31, 7.6, 3.3, 7.7, 2.78, 4.65, 2.66, 4.3, 1.82], [6.57, 5.93, 11.06, 2.75, 0.0, 12.91, 6.68, 6.09, 9.78, 6.63, 12.26, 3.45, 12.16, 1.69, 2.42, 1.05, 2.1, 9.26, 2.64, 0.43, 9.44, 9.57, 0.37, 8.05, 5.86, 1.02, 2.99, 2.96, 1.37, 12.04, 16.14, 2.95, 3.71, 2.43, 3.81, 8.3, 4.05, 5.86, 0.14, 1.52, 4.77, 2.79, 3.18, 14.32, 4.0, 1.92, 6.27, 12.0, 8.37, 0.93], [11.65, 1.59, 2.99, 3.19, 12.71, 0.0, 6.88, 5.36, 3.32, 18.77, 2.37, 12.79, 2.25, 6.21, 5.03, 17.4, 7.09, 3.6, 8.87, 3.2, 5.66, 4.57, 17.02, 12.93, 11.36, 3.07, 2.12, 10.61, 2.06, 9.19, 1.23, 5.84, 6.28, 9.69, 11.55, 14.96, 13.81, 15.68, 15.84, 7.71, 7.89, 2.4, 3.32, 1.15, 13.55, 14.67, 5.15, 0.35, 11.89, 5.11], [8.53, 2.85, 3.12, 3.47, 11.14, 3.53, 0.0, 1.0, 1.2, 7.52, 4.02, 3.11, 2.84, 5.37, 10.27, 9.54, 3.07, 1.35, 4.04, 5.79, 4.37, 4.71, 6.35, 2.52, 11.79, 10.73, 4.89, 4.22, 0.91, 11.99, 5.89, 1.65, 1.98, 7.9, 2.45, 2.42, 4.18, 14.45, 7.23, 5.36, 8.92, 11.38, 4.02, 1.24, 10.51, 12.63, 5.65, 5.84, 4.3, 3.9], [7.08, 2.65, 4.89, 1.64, 4.31, 1.09, 1.24, 0.0, 2.23, 11.09, 3.45, 4.17, 1.31, 7.22, 4.99, 8.38, 2.21, 4.0, 9.09, 1.32, 7.03, 4.06, 10.99, 4.02, 8.75, 3.34, 1.82, 2.89, 1.11, 5.43, 5.38, 0.61, 1.91, 2.69, 2.75, 9.81, 3.21, 6.28, 7.52, 2.45, 6.37, 6.99, 0.93, 5.19, 1.71, 11.17, 0.75, 0.65, 3.53, 9.81], [16.2, 3.78, 13.35, 9.83, 1.32, 7.47, 1.51, 4.53, 0.0, 3.35, 6.38, 3.08, 2.76, 16.63, 5.78, 12.93, 9.53, 3.4, 8.56, 4.64, 13.82, 2.25, 12.13, 5.56, 15.11, 3.4, 5.07, 13.78, 8.9, 18.37, 12.6, 2.57, 3.13, 8.73, 1.86, 2.63, 1.41, 8.05, 9.97, 0.57, 3.21, 6.22, 2.48, 4.46, 1.27, 18.64, 4.07, 6.58, 0.6, 2.59], [9.55, 4.55, 14.46, 2.21, 8.95, 17.47, 9.56, 10.98, 2.84, 0.0, 6.31, 2.1, 9.19, 18.99, 11.53, 1.25, 5.36, 4.63, 4.68, 1.4, 4.99, 7.98, 7.71, 1.17, 14.69, 14.49, 17.3, 6.94, 10.2, 15.37, 13.66, 2.88, 5.42, 7.64, 2.49, 0.37, 2.34, 8.68, 9.03, 4.28, 9.88, 9.62, 7.04, 10.32, 0.9, 13.42, 3.3, 8.48, 3.64, 6.78], [12.05, 2.26, 2.04, 2.19, 10.97, 2.7, 1.93, 1.92, 2.39, 5.31, 0.0, 4.91, 10.83, 3.55, 8.49, 8.76, 2.62, 7.7, 7.21, 8.9, 3.91, 2.45, 9.23, 11.35, 9.62, 4.22, 3.74, 5.58, 1.01, 5.01, 2.46, 1.68, 7.5, 11.16, 7.49, 15.0, 11.63, 2.07, 8.86, 9.62, 9.46, 9.19, 9.29, 3.72, 6.21, 9.14, 0.99, 3.66, 1.87, 4.6], [15.19, 1.81, 6.13, 4.13, 4.77, 11.85, 4.04, 1.38, 5.41, 5.42, 3.77, 0.0, 1.1, 18.48, 2.9, 12.64, 7.05, 4.52, 8.32, 4.02, 9.32, 4.59, 10.4, 9.87, 4.59, 20.1, 18.02, 3.5, 9.28, 5.89, 1.76, 6.12, 8.11, 22.7, 6.49, 7.08, 4.3, 12.23, 15.81, 5.23, 15.11, 7.07, 5.85, 9.93, 10.68, 17.65, 7.07, 11.34, 5.6, 12.42], [14.09, 2.27, 9.45, 2.67, 7.65, 9.04, 2.8, 6.34, 3.61, 7.34, 4.94, 0.84, 0.0, 12.59, 11.69, 9.26, 11.32, 2.6, 4.81, 4.82, 12.43, 2.01, 13.03, 7.83, 4.46, 8.02, 9.12, 3.05, 2.67, 9.29, 5.18, 1.42, 1.84, 8.44, 5.16, 5.1, 5.35, 12.15, 8.27, 3.55, 12.13, 2.49, 2.11, 7.51, 10.78, 15.48, 2.35, 6.9, 2.62, 10.47], [3.47, 4.17, 6.2, 5.73, 3.73, 4.65, 6.06, 5.54, 17.54, 18.97, 0.5, 13.36, 3.45, 0.0, 4.67, 13.63, 2.95, 6.7, 10.4, 4.55, 2.26, 1.49, 3.72, 7.79, 8.67, 10.09, 1.62, 2.09, 7.33, 3.41, 4.46, 4.14, 3.38, 9.33, 9.42, 18.36, 18.96, 7.11, 13.7, 7.43, 7.32, 2.24, 7.72, 8.76, 18.05, 4.7, 3.9, 7.46, 9.04, 15.56], [0.46, 2.48, 8.63, 6.07, 2.3, 9.17, 4.74, 9.15, 12.57, 2.1, 5.1, 8.54, 15.48, 10.31, 0.0, 1.88, 2.73, 6.01, 0.5, 4.36, 5.47, 6.13, 1.88, 10.12, 8.79, 2.55, 7.32, 2.14, 8.55, 6.23, 8.64, 12.56, 5.48, 4.28, 2.94, 2.57, 3.3, 6.54, 2.97, 9.63, 1.17, 0.32, 2.12, 8.0, 3.54, 8.0, 10.53, 9.59, 9.74, 2.7], [3.57, 6.99, 11.22, 14.49, 2.15, 16.87, 2.03, 8.38, 5.22, 4.09, 15.13, 7.57, 5.77, 11.67, 3.14, 0.0, 1.62, 4.98, 2.0, 2.85, 4.82, 6.0, 1.34, 5.51, 8.63, 3.08, 3.17, 2.15, 10.28, 2.68, 10.17, 12.42, 2.25, 10.8, 4.81, 1.97, 8.4, 10.26, 0.48, 11.55, 6.76, 2.75, 4.57, 12.57, 7.19, 8.49, 11.6, 6.4, 2.71, 0.89], [3.34, 2.76, 6.91, 2.04, 9.54, 4.23, 5.56, 4.65, 4.9, 6.71, 2.42, 11.82, 12.71, 3.13, 2.62, 10.82, 0.0, 2.64, 4.36, 3.09, 3.62, 1.41, 2.66, 15.34, 1.67, 2.43, 2.39, 4.53, 3.59, 0.64, 6.01, 6.03, 3.14, 8.42, 5.66, 14.03, 15.67, 5.62, 9.23, 2.03, 6.35, 2.82, 8.18, 7.78, 14.89, 6.85, 0.32, 2.89, 2.23, 4.18], [8.76, 0.63, 3.22, 2.67, 7.29, 5.57, 2.9, 0.87, 2.37, 2.47, 3.44, 6.69, 1.6, 3.04, 4.86, 2.67, 8.3, 0.0, 11.45, 2.17, 12.9, 6.9, 4.23, 8.18, 9.78, 7.52, 10.79, 2.49, 5.36, 4.25, 7.83, 2.31, 1.67, 7.51, 2.22, 5.66, 3.8, 3.08, 2.05, 2.94, 6.05, 7.75, 4.31, 5.97, 4.11, 8.64, 3.41, 7.91, 2.97, 4.75], [1.97, 12.29, 15.24, 9.24, 2.16, 8.9, 2.18, 11.29, 10.78, 6.02, 6.39, 2.89, 3.86, 13.81, 0.58, 0.52, 5.24, 3.53, 0.0, 1.16, 2.07, 6.93, 1.1, 4.75, 7.24, 0.82, 4.77, 5.23, 2.69, 4.6, 6.08, 3.56, 2.51, 4.39, 7.44, 4.0, 9.46, 1.85, 1.99, 11.0, 4.14, 1.2, 2.25, 14.19, 6.92, 3.3, 3.47, 6.44, 4.81, 3.02], [3.62, 5.33, 6.36, 7.01, 3.37, 14.13, 5.29, 3.04, 1.67, 6.34, 4.5, 1.27, 3.93, 1.52, 3.89, 1.24, 6.03, 5.2, 2.31, 0.0, 9.31, 1.45, 2.19, 5.45, 8.69, 6.07, 11.13, 8.39, 2.16, 4.32, 6.8, 2.24, 1.51, 4.29, 1.4, 3.1, 5.68, 5.94, 0.67, 1.48, 3.29, 3.23, 0.8, 12.57, 1.22, 4.1, 5.55, 6.66, 4.88, 1.77], [1.16, 14.7, 13.6, 15.22, 3.61, 17.13, 2.52, 5.71, 7.22, 18.45, 7.36, 7.65, 7.61, 3.53, 5.33, 3.44, 2.33, 4.8, 7.05, 8.69, 0.0, 8.07, 7.16, 12.5, 0.53, 0.0, 9.86, 1.01, 6.45, 3.66, 3.41, 15.72, 5.35, 0.94, 7.23, 11.12, 8.13, 0.78, 8.29, 3.5, 3.54, 3.28, 2.73, 17.07, 6.74, 0.56, 7.28, 4.92, 6.91, 8.51], [8.16, 7.55, 4.51, 3.64, 3.14, 8.06, 3.33, 1.56, 9.96, 12.57, 0.62, 5.25, 2.78, 4.04, 6.81, 9.71, 1.8, 4.91, 7.19, 7.05, 6.41, 0.0, 9.75, 3.63, 6.93, 5.47, 2.25, 4.81, 1.18, 4.67, 5.02, 5.55, 5.08, 7.84, 5.56, 6.79, 7.64, 1.48, 1.69, 9.17, 6.17, 4.41, 5.44, 5.7, 11.05, 4.4, 1.99, 3.72, 8.44, 8.31], [1.24, 4.05, 11.56, 15.75, 1.51, 7.41, 7.92, 12.31, 6.12, 1.27, 13.91, 18.67, 8.78, 2.47, 0.95, 0.49, 5.94, 6.38, 0.6, 3.75, 8.65, 7.66, 0.0, 1.56, 9.55, 4.85, 4.08, 3.9, 2.79, 6.23, 16.91, 12.12, 4.02, 4.16, 5.78, 10.46, 8.46, 6.51, 1.23, 2.1, 4.17, 1.29, 2.15, 19.49, 3.61, 3.64, 7.07, 17.82, 1.62, 2.34], [10.59, 4.69, 18.18, 12.35, 0.93, 8.1, 3.71, 8.15, 4.0, 0.49, 11.68, 7.44, 10.31, 15.68, 6.76, 7.8, 13.13, 6.79, 6.42, 4.24, 5.28, 6.0, 8.83, 0.0, 14.04, 10.37, 18.36, 9.37, 13.52, 5.67, 2.42, 4.37, 6.38, 4.33, 1.97, 1.21, 0.3, 7.7, 0.98, 3.56, 6.9, 4.08, 7.95, 9.9, 0.72, 3.64, 3.01, 14.51, 6.17, 0.8], [4.5, 11.92, 5.15, 12.84, 9.77, 5.78, 13.74, 13.15, 19.5, 5.78, 1.42, 19.5, 15.27, 1.25, 2.21, 6.06, 5.8, 10.98, 3.57, 9.56, 1.5, 7.91, 4.31, 4.86, 0.0, 1.06, 3.84, 2.6, 10.1, 2.1, 10.75, 11.79, 13.18, 0.8, 6.47, 19.18, 14.7, 0.0, 8.02, 9.72, 1.56, 2.67, 5.38, 4.69, 2.68, 0.68, 4.18, 14.28, 3.21, 8.8], [1.88, 11.2, 11.68, 8.12, 2.39, 6.1, 6.82, 2.66, 19.11, 11.48, 1.85, 13.69, 13.43, 8.02, 1.2, 5.6, 2.36, 5.02, 5.12, 2.39, 0.0, 3.11, 4.29, 4.0, 1.6, 0.0, 8.21, 3.45, 1.8, 3.46, 4.72, 12.74, 2.59, 0.77, 1.97, 5.93, 10.48, 0.71, 8.97, 8.01, 4.37, 2.86, 7.01, 12.46, 15.39, 0.6, 6.69, 15.65, 11.7, 3.25], [7.53, 4.03, 1.92, 7.82, 13.63, 1.07, 9.49, 7.74, 12.28, 4.7, 1.92, 12.15, 2.92, 1.03, 6.44, 9.58, 3.44, 1.67, 4.49, 3.71, 7.59, 4.23, 4.83, 3.65, 4.8, 5.5, 0.0, 4.41, 2.13, 3.03, 2.33, 6.84, 10.39, 11.09, 1.95, 18.54, 16.4, 5.43, 11.73, 13.67, 3.75, 14.78, 8.91, 2.45, 2.73, 4.43, 1.46, 2.26, 8.38, 13.59], [2.62, 3.08, 3.35, 5.17, 6.83, 3.18, 4.61, 5.5, 11.78, 1.87, 0.9, 6.18, 3.58, 5.85, 0.82, 5.8, 3.67, 5.77, 6.59, 3.76, 2.68, 4.27, 6.41, 5.82, 0.49, 0.67, 5.45, 0.0, 2.47, 3.51, 1.39, 1.9, 8.01, 3.34, 2.85, 2.2, 6.14, 3.34, 1.05, 11.22, 1.33, 4.1, 6.29, 6.11, 9.35, 3.49, 5.2, 2.23, 7.31, 3.99], [5.51, 1.94, 2.41, 2.14, 10.91, 1.57, 0.42, 0.66, 8.24, 10.23, 2.25, 4.57, 1.87, 8.15, 11.68, 13.82, 6.3, 3.28, 2.88, 5.93, 9.21, 3.89, 6.4, 3.59, 9.35, 3.6, 2.03, 7.67, 0.0, 6.62, 3.73, 0.65, 0.79, 10.45, 5.41, 10.98, 12.85, 9.45, 7.13, 2.13, 9.84, 8.3, 0.88, 5.0, 11.97, 8.63, 3.31, 1.08, 4.48, 3.64], [1.4, 13.08, 8.23, 10.39, 10.12, 10.8, 3.8, 7.67, 15.69, 15.61, 1.25, 12.48, 14.04, 0.85, 1.08, 13.69, 1.95, 6.37, 6.85, 4.09, 3.5, 2.06, 7.21, 16.72, 3.85, 4.76, 4.44, 4.17, 5.87, 0.0, 6.61, 2.66, 7.36, 5.44, 2.68, 8.9, 4.14, 0.43, 9.81, 3.43, 3.71, 7.36, 8.83, 12.54, 9.15, 2.68, 2.88, 8.47, 8.95, 9.31], [1.82, 4.51, 1.83, 3.46, 9.47, 2.52, 3.16, 3.85, 6.59, 9.12, 3.47, 10.54, 6.69, 3.85, 11.29, 2.72, 4.48, 11.62, 5.24, 8.96, 7.78, 5.49, 14.64, 7.51, 5.76, 5.39, 1.64, 1.45, 0.86, 2.49, 0.0, 7.1, 8.36, 5.69, 4.04, 3.07, 4.98, 9.54, 13.42, 9.02, 11.28, 5.29, 2.47, 4.24, 12.9, 5.23, 1.32, 2.97, 4.66, 14.33], [13.11, 1.02, 2.74, 2.11, 10.81, 1.03, 1.97, 0.45, 3.71, 8.23, 5.92, 1.1, 0.61, 9.94, 4.42, 9.12, 5.08, 1.07, 12.32, 2.54, 13.82, 1.99, 13.52, 1.97, 14.95, 3.07, 2.3, 11.51, 1.94, 3.2, 3.21, 0.0, 2.78, 8.66, 6.49, 4.83, 11.54, 4.19, 10.52, 1.94, 9.29, 4.11, 1.1, 0.68, 11.99, 12.85, 5.9, 1.45, 6.74, 3.91], [4.17, 5.41, 5.55, 1.82, 7.67, 2.03, 1.7, 3.88, 3.46, 6.25, 7.52, 7.21, 5.29, 5.78, 7.29, 9.68, 5.87, 0.65, 1.32, 3.82, 1.88, 4.73, 10.98, 4.5, 3.09, 13.2, 5.89, 10.37, 5.14, 2.41, 4.59, 4.45, 0.0, 1.93, 1.59, 2.13, 6.25, 7.12, 4.05, 2.59, 4.69, 11.53, 4.26, 9.46, 1.7, 7.58, 9.04, 11.3, 1.26, 2.24], [2.64, 3.8, 15.31, 8.0, 10.25, 6.82, 11.37, 10.97, 4.55, 13.42, 1.23, 13.78, 6.23, 9.16, 4.8, 7.48, 8.16, 2.22, 2.46, 5.34, 0.33, 4.17, 2.59, 18.28, 1.08, 0.64, 2.63, 3.43, 1.58, 2.88, 6.86, 3.26, 3.0, 0.0, 6.1, 7.04, 7.66, 1.11, 4.75, 13.42, 3.65, 4.81, 8.85, 10.85, 8.44, 0.75, 8.26, 14.36, 3.29, 7.15], [9.57, 6.07, 2.12, 8.85, 3.98, 11.6, 5.13, 1.38, 2.34, 5.34, 1.98, 8.06, 2.64, 8.33, 5.3, 6.42, 6.96, 0.81, 2.44, 0.34, 9.19, 5.75, 8.21, 4.62, 2.44, 1.33, 7.09, 3.23, 6.73, 11.96, 6.14, 6.39, 0.7, 10.45, 0.0, 2.48, 3.65, 4.71, 1.56, 1.43, 0.89, 6.52, 0.87, 4.8, 1.77, 11.92, 5.57, 4.52, 1.98, 2.38], [13.5, 6.1, 4.81, 6.96, 8.44, 6.84, 7.04, 6.33, 1.37, 0.29, 2.93, 2.91, 3.04, 14.07, 10.9, 3.2, 4.46, 4.72, 9.01, 6.09, 4.14, 6.83, 10.51, 1.27, 18.53, 1.87, 4.79, 2.34, 2.0, 9.99, 17.29, 9.67, 1.55, 11.26, 4.47, 0.0, 1.07, 10.71, 2.36, 4.23, 12.72, 12.19, 5.75, 2.99, 0.94, 17.25, 13.91, 7.39, 2.88, 5.26], [5.93, 3.18, 11.19, 3.65, 4.41, 16.66, 7.02, 5.19, 7.1, 1.08, 9.71, 2.36, 11.9, 3.58, 4.25, 8.31, 13.26, 7.31, 7.59, 2.31, 13.99, 13.77, 9.06, 0.77, 9.83, 2.86, 19.74, 4.64, 10.79, 3.57, 18.76, 3.77, 5.46, 6.41, 2.17, 1.13, 0.0, 6.18, 7.6, 5.89, 2.48, 12.76, 6.32, 3.95, 0.5, 7.32, 6.87, 2.41, 4.52, 5.07], [5.33, 14.29, 10.75, 7.28, 7.1, 17.01, 4.84, 13.34, 19.47, 17.73, 6.77, 7.59, 13.14, 7.13, 5.02, 6.38, 2.66, 8.62, 6.19, 9.89, 0.84, 4.58, 1.91, 10.29, 0.0, 1.6, 2.56, 3.17, 3.47, 2.82, 9.83, 11.43, 9.88, 1.57, 13.77, 14.7, 18.98, 0.0, 9.17, 18.41, 1.67, 4.57, 4.57, 6.03, 18.43, 0.82, 6.82, 1.72, 2.84, 3.01], [4.02, 14.97, 8.52, 10.73, 0.18, 6.64, 7.67, 7.01, 5.87, 4.02, 12.06, 16.55, 12.25, 12.32, 2.55, 0.63, 4.57, 9.53, 0.71, 4.25, 2.09, 4.26, 0.85, 6.95, 4.17, 9.5, 5.89, 2.63, 7.69, 11.66, 7.0, 9.94, 7.07, 7.1, 5.66, 6.0, 7.74, 5.69, 0.0, 9.07, 4.97, 1.14, 1.25, 17.23, 3.51, 2.86, 4.77, 9.0, 2.1, 1.34], [6.8, 3.6, 10.99, 1.33, 1.13, 1.81, 5.69, 6.7, 0.3, 2.29, 1.85, 0.74, 3.0, 9.21, 4.02, 10.99, 3.67, 1.57, 7.02, 5.33, 4.39, 5.97, 12.84, 2.43, 6.68, 2.85, 6.58, 14.58, 1.35, 6.08, 8.61, 2.82, 3.18, 15.08, 2.84, 1.17, 4.01, 7.94, 8.4, 0.0, 11.58, 5.9, 2.11, 7.79, 4.76, 18.14, 3.89, 4.97, 0.0, 5.18], [0.99, 7.39, 4.35, 11.67, 1.34, 12.64, 6.98, 5.23, 11.3, 9.93, 6.73, 5.73, 3.97, 5.39, 2.27, 4.79, 6.68, 9.22, 2.04, 2.81, 1.52, 2.4, 4.55, 13.35, 1.28, 1.6, 5.18, 0.39, 9.57, 1.47, 5.53, 6.32, 8.14, 0.8, 1.19, 5.57, 1.96, 2.35, 2.95, 9.27, 0.0, 2.59, 0.88, 9.98, 6.9, 4.89, 6.06, 13.77, 7.02, 4.18], [0.38, 15.87, 12.49, 16.43, 2.17, 18.38, 12.05, 5.01, 15.37, 2.07, 10.51, 3.2, 8.49, 10.97, 2.37, 1.26, 4.78, 2.15, 2.96, 5.68, 3.42, 6.42, 2.34, 7.7, 3.19, 1.88, 10.7, 1.32, 2.36, 5.31, 1.74, 13.08, 7.84, 4.11, 4.35, 3.08, 7.78, 5.59, 5.29, 8.86, 2.84, 0.0, 7.35, 2.64, 3.78, 5.19, 5.73, 7.46, 4.92, 2.91], [6.27, 3.53, 8.9, 6.87, 3.85, 8.68, 3.86, 4.05, 1.55, 6.95, 7.77, 5.14, 5.08, 6.33, 1.19, 3.71, 5.73, 2.56, 4.3, 0.6, 4.26, 3.5, 1.69, 6.35, 8.55, 3.83, 5.81, 6.98, 5.42, 10.79, 5.93, 8.79, 3.02, 8.49, 0.47, 4.98, 7.81, 3.14, 2.97, 4.0, 3.82, 7.8, 0.0, 8.18, 1.84, 7.13, 3.57, 2.34, 7.29, 1.28], [19.03, 4.57, 3.16, 3.59, 12.4, 2.18, 4.36, 2.95, 7.32, 5.06, 5.73, 5.79, 3.54, 5.9, 17.6, 10.78, 3.05, 6.53, 16.08, 13.42, 9.64, 7.76, 20.61, 7.51, 11.21, 4.66, 7.58, 12.53, 1.19, 3.38, 5.94, 5.18, 2.84, 7.95, 11.0, 9.29, 9.34, 10.07, 4.23, 9.25, 2.94, 4.3, 2.82, 0.0, 7.43, 10.09, 2.91, 1.15, 5.71, 5.79], [8.12, 2.39, 17.23, 3.55, 6.1, 5.57, 6.51, 9.64, 4.25, 0.46, 6.02, 2.15, 8.96, 11.14, 10.54, 3.89, 13.62, 3.89, 6.47, 1.44, 9.02, 6.29, 1.6, 0.83, 17.93, 5.97, 13.24, 15.09, 10.67, 11.33, 16.97, 8.19, 3.51, 5.85, 3.23, 0.71, 0.67, 5.33, 4.17, 0.83, 2.35, 7.03, 5.46, 4.83, 0.0, 15.87, 4.13, 4.92, 3.65, 2.7], [1.77, 8.12, 8.5, 4.23, 7.19, 13.0, 1.61, 11.88, 7.49, 11.19, 5.94, 5.09, 2.19, 6.07, 3.21, 6.35, 3.39, 12.35, 6.6, 8.64, 1.27, 1.2, 6.59, 15.59, 0.34, 1.04, 4.78, 0.79, 9.85, 3.34, 5.99, 12.49, 7.17, 0.44, 1.71, 3.75, 5.89, 0.35, 8.91, 5.7, 1.65, 3.16, 9.35, 10.66, 8.6, 0.0, 4.28, 4.86, 13.77, 2.83], [2.22, 4.64, 1.1, 5.96, 3.68, 7.23, 3.72, 0.95, 2.97, 4.64, 0.18, 9.52, 2.53, 3.16, 8.36, 11.12, 1.21, 6.94, 6.89, 1.17, 1.24, 1.64, 12.29, 4.89, 1.29, 1.89, 0.95, 1.23, 3.59, 3.37, 0.78, 4.58, 8.16, 4.33, 3.09, 3.34, 16.23, 2.31, 11.72, 11.1, 7.38, 6.74, 6.96, 5.73, 1.8, 7.49, 0.0, 6.99, 7.04, 2.41], [3.81, 0.87, 0.62, 0.45, 3.13, 0.76, 1.44, 6.13, 3.24, 10.64, 4.15, 7.99, 1.32, 8.53, 8.18, 7.38, 5.11, 1.38, 9.92, 12.2, 5.68, 1.18, 9.08, 10.99, 10.35, 16.02, 6.7, 4.78, 3.5, 4.45, 1.34, 3.93, 5.4, 17.62, 2.56, 12.42, 8.19, 5.24, 14.14, 12.18, 6.03, 5.4, 6.49, 2.16, 4.52, 2.84, 0.98, 0.0, 6.77, 15.06], [8.72, 4.57, 4.67, 2.51, 3.3, 2.05, 5.27, 7.21, 0.15, 4.99, 4.47, 5.03, 2.53, 9.1, 6.53, 11.55, 7.58, 1.09, 5.71, 4.61, 11.12, 6.65, 5.01, 5.32, 18.36, 8.71, 16.49, 10.68, 5.16, 2.09, 11.18, 2.74, 1.27, 3.03, 4.51, 1.78, 2.69, 12.54, 9.45, 0.0, 6.06, 8.07, 6.05, 3.56, 5.42, 6.2, 12.94, 11.27, 0.0, 1.12], [3.82, 2.45, 11.39, 14.01, 0.65, 3.36, 7.08, 8.74, 7.97, 4.76, 3.49, 2.44, 9.05, 1.68, 3.46, 2.75, 3.53, 3.45, 3.41, 0.69, 5.76, 7.86, 2.57, 4.42, 2.4, 4.62, 13.62, 6.19, 9.22, 5.84, 13.23, 5.92, 1.32, 5.23, 2.8, 1.97, 1.23, 11.92, 0.63, 2.18, 5.18, 1.77, 1.62, 16.7, 3.67, 3.34, 10.93, 15.65, 4.96, 0.0]]
vans = [8, 9, 6]

