J = [0, 1, 2, 3]
K = [4, 5, 6]
L = [7, 8, 9, 10]
I = [0, 1, 2, 3, 4, 5, 6, 7, 8, 9, 10]
N = [0, 1, 2, 3, 4, 5, 6, 7, 8, 9, 10, 11, 12, 13, 14, 15, 16, 17, 18, 19, 20, 21, 22, 23, 24, 25, 26, 27, 28, 29, 30, 31, 32, 33, 34, 35, 36, 37, 38, 39, 40, 41, 42, 43, 44, 45, 46, 47, 48, 49]
demand = [1123, 438, 505, 966, 553, 1160, 809, 1048, 1023, 714, 519, 703, 766, 799, 859, 1137, 749, 860, 900, 884, 1069, 714, 683, 1061, 567, 994, 492, 703, 519, 1087, 460, 1028, 1131, 1012, 557, 1137, 599, 588, 1101, 1149, 614, 880, 498, 861, 1170, 768, 553, 514, 843, 1065]
hub = [3, 1, 2, 1, 0, 1, 0, 2, 2, 0, 0, 3, 3, 1, 1, 3, 0, 0, 0, 3, 2, 3, 2, 0, 0, 3, 0, 0, 3, 0, 2, 0, 1, 1, 0, 1, 2, 0, 1, 3, 2, 0, 0, 0, 1, 2, 2, 0, 2, 0]
release = [44, 34, 0, 10, 44, 8, 44, 27, 10, 2, 21, 17, 4, 36, 16, 26, 36, 32, 25, 34, 33, 15, 41, 42, 43, 15, 41, 45, 22, 2, 22, 12, 8, 5, 27, 37, 4, 19, 25, 28, 11, 16, 36, 5, 12, 21, 19, 22, 30, 17]
Nj = [[4, 6, 9, 10, 16, 17, 18, 23, 24, 26, 27, 29, 31, 34, 37, 41, 42, 43, 47, 49], [1, 3, 5, 13, 14, 32, 33, 35, 38, 44], [2, 7, 8, 20, 22, 30, 36, 40, 45, 46, 48], [0, 11, 12, 15, 19, 21, 25, 28, 39]]
Gj = [[0, 1, 2, 3, 4, 5, 6, 7, 8, 9, 10, 11, 12, 13, 14, 15, 16, 17, 18, 19], [20, 21, 22, 23, 24, 25, 26, 27, 28, 29], [30, 31, 32, 33, 34, 35, 36, 37, 38, 39, 40], [41, 42, 43, 44, 45, 46, 47, 48, 49]]
G = [0, 1, 2, 3, 4, 5, 6, 7, 8, 9, 10, 11, 12, 13, 14, 15, 16, 17, 18, 19, 20, 21, 22, 23, 24, 25, 26, 27, 28, 29, 30, 31, 32, 33, 34, 35, 36, 37, 38, 39, 40, 41, 42, 43, 44, 45, 46, 47, 48, 49]
deadline = [216, 216, 240, 192, 216, 192, 168, 192, 240, 168, 216, 240, 168, 240, 240, 168, 216, 192, 240, 240, 240, 216, 240, 168, 240, 192, 168, 168, 240, 192, 240, 216, 192, 240, 216, 240, 240, 216, 240, 192, 240, 168, 168, 192, 240, 192, 168, 192, 240, 216]
weight = [70, 30, 30, 80, 90, 90, 50, 100, 80, 80, 50, 60, 90, 30, 90, 100, 60, 10, 70, 50, 80, 20, 80, 10, 60, 20, 60, 10, 60, 100, 30, 40, 30, 100, 60, 100, 30, 20, 50, 90, 70, 100, 10, 90, 100, 40, 80, 20, 20, 10]
q = 2000
M = [0, 1, 2]
M_description = ['Road', 'Rail', 'Ship']
accessibility = [[1, 1, 0], [1, 1, 0], [1, 1, 0], [1, 1, 1], [1, 1, 1], [1, 1, 1], [1, 1, 1], [1, 1, 1], [1, 0, 0], [1, 1, 1], [1, 1, 1]]
S = [0, 1, 2, 3, 4, 5, 6, 7, 8, 9, 10, 11, 12, 13, 14, 15, 16, 17, 18, 19, 20, 21, 22, 23, 24, 25, 26, 27, 28, 29, 30, 31, 32, 33, 34, 35, 36, 37, 38, 39, 40, 41, 42, 43, 44, 45, 46, 47, 48, 49, 50, 51, 52, 53, 54, 55, 56, 57, 58, 59, 60, 61, 62, 63, 64, 65, 66, 67, 68, 69, 70, 71, 72, 73, 74, 75, 76, 77, 78, 79, 80, 81, 82, 83, 84, 85, 86, 87, 88, 89, 90, 91, 92, 93, 94, 95, 96, 97, 98, 99, 100, 101, 102, 103, 104, 105, 106, 107, 108, 109, 110, 111, 112, 113, 114, 115, 116, 117, 118, 119, 120, 121, 122, 123, 124, 125, 126, 127, 128, 129, 130, 131, 132, 133, 134, 135, 136, 137, 138, 139, 140, 141, 142, 143, 144, 145, 146, 147, 148, 149, 150, 151, 152, 153, 154, 155, 156, 157, 158, 159, 160, 161, 162, 163, 164, 165, 166, 167, 168, 169, 170, 171, 172, 173, 174, 175, 176, 177, 178, 179, 180, 181, 182, 183, 184, 185, 186, 187, 188, 189, 190, 191, 192, 193, 194, 195, 196, 197, 198, 199, 200, 201, 202, 203, 204, 205, 206, 207, 208, 209, 210, 211, 212, 213, 214, 215, 216, 217, 218, 219, 220, 221, 222, 223, 224, 225, 226, 227, 228, 229, 230, 231, 232, 233, 234, 235, 236, 237, 238, 239, 240, 241, 242, 243, 244, 245, 246, 247, 248, 249, 250, 251, 252, 253, 254, 255, 256, 257, 258, 259, 260, 261, 262, 263, 264, 265, 266, 267, 268, 269, 270, 271, 272, 273, 274, 275, 276, 277, 278, 279, 280, 281, 282, 283, 284, 285, 286, 287, 288, 289, 290, 291, 292, 293, 294, 295, 296, 297, 298, 299, 300, 301, 302, 303, 304, 305, 306, 307, 308, 309, 310, 311, 312, 313, 314, 315, 316, 317, 318, 319, 320, 321, 322, 323, 324, 325, 326, 327, 328, 329, 330, 331, 332, 333, 334, 335, 336, 337, 338, 339, 340, 341, 342, 343, 344, 345, 346, 347, 348, 349, 350, 351, 352, 353, 354, 355, 356, 357, 358, 359, 360, 361, 362, 363, 364, 365, 366, 367, 368, 369, 370, 371, 372, 373, 374, 375, 376, 377, 378, 379, 380, 381, 382, 383, 384, 385, 386, 387, 388, 389, 390, 391, 392, 393, 394, 395, 396, 397, 398, 399, 400, 401, 402, 403, 404, 405, 406, 407, 408, 409, 410, 411, 412, 413, 414, 415, 416, 417, 418, 419, 420, 421, 422, 423, 424, 425, 426, 427, 428, 429, 430, 431, 432, 433, 434, 435, 436, 437, 438, 439, 440, 441, 442, 443, 444, 445, 446, 447, 448, 449, 450, 451, 452, 453, 454, 455, 456, 457, 458, 459, 460, 461, 462, 463, 464, 465, 466, 467, 468, 469, 470, 471, 472, 473, 474, 475, 476, 477, 478, 479, 480, 481, 482, 483, 484, 485, 486, 487, 488, 489, 490, 491, 492, 493, 494, 495, 496, 497, 498, 499, 500, 501, 502, 503, 504, 505, 506, 507, 508, 509, 510, 511, 512, 513, 514, 515, 516, 517, 518, 519, 520, 521, 522, 523, 524, 525, 526, 527, 528, 529, 530, 531, 532, 533, 534, 535, 536, 537, 538, 539, 540]
origin = [0, 0, 0, 0, 0, 0, 0, 0, 0, 0, 0, 0, 0, 0, 0, 0, 0, 0, 0, 0, 0, 0, 0, 0, 0, 0, 0, 0, 0, 0, 0, 0, 0, 0, 0, 0, 0, 0, 0, 0, 1, 1, 1, 1, 1, 1, 1, 1, 1, 1, 1, 1, 1, 1, 1, 1, 1, 1, 1, 1, 1, 1, 1, 1, 1, 1, 1, 1, 1, 1, 1, 1, 1, 1, 1, 1, 1, 1, 1, 1, 2, 2, 2, 2, 2, 2, 2, 2, 2, 2, 2, 2, 2, 2, 2, 2, 2, 2, 2, 2, 2, 2, 2, 2, 2, 2, 2, 2, 2, 2, 2, 2, 2, 2, 2, 2, 2, 2, 2, 2, 3, 3, 3, 3, 3, 3, 3, 3, 3, 3, 3, 3, 3, 3, 3, 3, 3, 3, 3, 3, 3, 3, 3, 3, 3, 3, 3, 3, 3, 3, 3, 3, 3, 3, 3, 3, 3, 3, 3, 3, 4, 4, 4, 4, 4, 4, 4, 4, 4, 4, 4, 4, 4, 4, 4, 4, 4, 4, 4, 4, 4, 4, 4, 4, 4, 4, 4, 4, 4, 4, 4, 4, 4, 4, 4, 4, 4, 4, 4, 4, 5, 5, 5, 5, 5, 5, 5, 5, 5, 5, 5, 5, 5, 5, 5, 5, 5, 5, 5, 5, 5, 5, 5, 5, 5, 5, 5, 5, 5, 5, 5, 5, 5, 5, 5, 5, 5, 5, 5, 5, 6, 6, 6, 6, 6, 6, 6, 6, 6, 6, 6, 6, 6, 6, 6, 6, 6, 6, 6, 6, 6, 6, 6, 6, 6, 6, 6, 6, 6, 6, 6, 6, 6, 6, 6, 6, 6, 6, 6, 6, 0, 0, 0, 0, 0, 0, 0, 0, 0, 0, 0, 0, 0, 0, 0, 0, 0, 0, 0, 0, 0, 0, 0, 0, 0, 0, 0, 1, 1, 1, 1, 1, 1, 1, 1, 1, 1, 1, 1, 1, 1, 1, 1, 1, 1, 1, 1, 1, 1, 1, 1, 1, 1, 1, 2, 2, 2, 2, 2, 2, 2, 2, 2, 2, 2, 2, 2, 2, 2, 2, 2, 2, 2, 2, 2, 2, 2, 2, 2, 2, 2, 3, 3, 3, 3, 3, 3, 3, 3, 3, 3, 3, 3, 3, 3, 3, 3, 3, 3, 3, 3, 3, 3, 3, 3, 3, 3, 3, 4, 4, 4, 4, 4, 4, 4, 4, 4, 4, 4, 4, 4, 4, 4, 4, 4, 4, 4, 4, 4, 4, 4, 4, 4, 4, 4, 5, 5, 5, 5, 5, 5, 5, 5, 5, 5, 5, 5, 5, 5, 5, 5, 5, 5, 5, 5, 5, 5, 5, 5, 5, 5, 5, 6, 6, 6, 6, 6, 6, 6, 6, 6, 6, 6, 6, 6, 6, 6, 6, 6, 6, 6, 6, 6, 6, 6, 6, 6, 6, 6, 3, 3, 3, 3, 3, 3, 3, 3, 3, 3, 3, 3, 3, 3, 3, 3, 3, 3, 4, 4, 4, 4, 4, 4, 4, 4, 4, 4, 4, 4, 4, 4, 4, 4, 4, 4, 5, 5, 5, 5, 5, 5, 5, 5, 5, 5, 5, 5, 5, 5, 5, 5, 5, 5, 6, 6, 6, 6, 6, 6, 6, 6, 6, 6, 6, 6, 6, 6, 6, 6, 6, 6]
destination = [1, 1, 1, 1, 2, 2, 2, 2, 3, 3, 3, 3, 4, 4, 4, 4, 5, 5, 5, 5, 6, 6, 6, 6, 7, 7, 7, 7, 8, 8, 8, 8, 9, 9, 9, 9, 10, 10, 10, 10, 0, 0, 0, 0, 2, 2, 2, 2, 3, 3, 3, 3, 4, 4, 4, 4, 5, 5, 5, 5, 6, 6, 6, 6, 7, 7, 7, 7, 8, 8, 8, 8, 9, 9, 9, 9, 10, 10, 10, 10, 0, 0, 0, 0, 1, 1, 1, 1, 3, 3, 3, 3, 4, 4, 4, 4, 5, 5, 5, 5, 6, 6, 6, 6, 7, 7, 7, 7, 8, 8, 8, 8, 9, 9, 9, 9, 10, 10, 10, 10, 0, 0, 0, 0, 1, 1, 1, 1, 2, 2, 2, 2, 4, 4, 4, 4, 5, 5, 5, 5, 6, 6, 6, 6, 7, 7, 7, 7, 8, 8, 8, 8, 9, 9, 9, 9, 10, 10, 10, 10, 0, 0, 0, 0, 1, 1, 1, 1, 2, 2, 2, 2, 3, 3, 3, 3, 5, 5, 5, 5, 6, 6, 6, 6, 7, 7, 7, 7, 8, 8, 8, 8, 9, 9, 9, 9, 10, 10, 10, 10, 0, 0, 0, 0, 1, 1, 1, 1, 2, 2, 2, 2, 3, 3, 3, 3, 4, 4, 4, 4, 6, 6, 6, 6, 7, 7, 7, 7, 8, 8, 8, 8, 9, 9, 9, 9, 10, 10, 10, 10, 0, 0, 0, 0, 1, 1, 1, 1, 2, 2, 2, 2, 3, 3, 3, 3, 4, 4, 4, 4, 5, 5, 5, 5, 7, 7, 7, 7, 8, 8, 8, 8, 9, 9, 9, 9, 10, 10, 10, 10, 1, 1, 1, 2, 2, 2, 3, 3, 3, 4, 4, 4, 5, 5, 5, 6, 6, 6, 7, 7, 7, 9, 9, 9, 10, 10, 10, 0, 0, 0, 2, 2, 2, 3, 3, 3, 4, 4, 4, 5, 5, 5, 6, 6, 6, 7, 7, 7, 9, 9, 9, 10, 10, 10, 0, 0, 0, 1, 1, 1, 3, 3, 3, 4, 4, 4, 5, 5, 5, 6, 6, 6, 7, 7, 7, 9, 9, 9, 10, 10, 10, 0, 0, 0, 1, 1, 1, 2, 2, 2, 4, 4, 4, 5, 5, 5, 6, 6, 6, 7, 7, 7, 9, 9, 9, 10, 10, 10, 0, 0, 0, 1, 1, 1, 2, 2, 2, 3, 3, 3, 5, 5, 5, 6, 6, 6, 7, 7, 7, 9, 9, 9, 10, 10, 10, 0, 0, 0, 1, 1, 1, 2, 2, 2, 3, 3, 3, 4, 4, 4, 6, 6, 6, 7, 7, 7, 9, 9, 9, 10, 10, 10, 0, 0, 0, 1, 1, 1, 2, 2, 2, 3, 3, 3, 4, 4, 4, 5, 5, 5, 7, 7, 7, 9, 9, 9, 10, 10, 10, 4, 4, 4, 5, 5, 5, 6, 6, 6, 7, 7, 7, 9, 9, 9, 10, 10, 10, 3, 3, 3, 5, 5, 5, 6, 6, 6, 7, 7, 7, 9, 9, 9, 10, 10, 10, 3, 3, 3, 4, 4, 4, 6, 6, 6, 7, 7, 7, 9, 9, 9, 10, 10, 10, 3, 3, 3, 4, 4, 4, 5, 5, 5, 7, 7, 7, 9, 9, 9, 10, 10, 10]
departure = [8, 56, 104, 152, 8, 56, 104, 152, 8, 56, 104, 152, 8, 56, 104, 152, 8, 56, 104, 152, 8, 56, 104, 152, 8, 56, 104, 152, 8, 56, 104, 152, 8, 56, 104, 152, 8, 56, 104, 152, 8, 56, 104, 152, 8, 56, 104, 152, 8, 56, 104, 152, 8, 56, 104, 152, 8, 56, 104, 152, 8, 56, 104, 152, 8, 56, 104, 152, 8, 56, 104, 152, 8, 56, 104, 152, 8, 56, 104, 152, 8, 56, 104, 152, 8, 56, 104, 152, 8, 56, 104, 152, 8, 56, 104, 152, 8, 56, 104, 152, 8, 56, 104, 152, 8, 56, 104, 152, 8, 56, 104, 152, 8, 56, 104, 152, 8, 56, 104, 152, 8, 56, 104, 152, 8, 56, 104, 152, 8, 56, 104, 152, 8, 56, 104, 152, 8, 56, 104, 152, 8, 56, 104, 152, 8, 56, 104, 152, 8, 56, 104, 152, 8, 56, 104, 152, 8, 56, 104, 152, 12, 60, 108, 156, 12, 60, 108, 156, 12, 60, 108, 156, 12, 60, 108, 156, 12, 60, 108, 156, 12, 60, 108, 156, 12, 60, 108, 156, 12, 60, 108, 156, 12, 60, 108, 156, 12, 60, 108, 156, 12, 60, 108, 156, 12, 60, 108, 156, 12, 60, 108, 156, 12, 60, 108, 156, 12, 60, 108, 156, 12, 60, 108, 156, 12, 60, 108, 156, 12, 60, 108, 156, 12, 60, 108, 156, 12, 60, 108, 156, 12, 60, 108, 156, 12, 60, 108, 156, 12, 60, 108, 156, 12, 60, 108, 156, 12, 60, 108, 156, 12, 60, 108, 156, 12, 60, 108, 156, 12, 60, 108, 156, 12, 60, 108, 156, 12, 60, 108, 156, 33, 81, 129, 33, 81, 129, 33, 81, 129, 33, 81, 129, 33, 81, 129, 33, 81, 129, 33, 81, 129, 33, 81, 129, 33, 81, 129, 33, 81, 129, 33, 81, 129, 33, 81, 129, 33, 81, 129, 33, 81, 129, 33, 81, 129, 33, 81, 129, 33, 81, 129, 33, 81, 129, 33, 81, 129, 33, 81, 129, 33, 81, 129, 33, 81, 129, 33, 81, 129, 33, 81, 129, 33, 81, 129, 33, 81, 129, 33, 81, 129, 33, 81, 129, 33, 81, 129, 33, 81, 129, 33, 81, 129, 33, 81, 129, 33, 81, 129, 33, 81, 129, 33, 81, 129, 33, 81, 129, 37, 85, 133, 37, 85, 133, 37, 85, 133, 37, 85, 133, 37, 85, 133, 37, 85, 133, 37, 85, 133, 37, 85, 133, 37, 85, 133, 37, 85, 133, 37, 85, 133, 37, 85, 133, 37, 85, 133, 37, 85, 133, 37, 85, 133, 37, 85, 133, 37, 85, 133, 37, 85, 133, 37, 85, 133, 37, 85, 133, 37, 85, 133, 37, 85, 133, 37, 85, 133, 37, 85, 133, 37, 85, 133, 37, 85, 133, 37, 85, 133, 10, 58, 106, 10, 58, 106, 10, 58, 106, 10, 58, 106, 10, 58, 106, 10, 58, 106, 13, 61, 109, 13, 61, 109, 13, 61, 109, 13, 61, 109, 13, 61, 109, 13, 61, 109, 13, 61, 109, 13, 61, 109, 13, 61, 109, 13, 61, 109, 13, 61, 109, 13, 61, 109, 13, 61, 109, 13, 61, 109, 13, 61, 109, 13, 61, 109, 13, 61, 109, 13, 61, 109]
arrival = [28, 100, 172, 244, 28, 148, 124, 220, 76, 148, 172, 196, 60, 108, 180, 204, 108, 156, 180, 252, 60, 108, 180, 228, 88, 184, 184, 232, 112, 184, 184, 256, 136, 160, 256, 280, 136, 136, 184, 232, 76, 100, 196, 220, 52, 148, 196, 244, 76, 124, 196, 172, 60, 156, 156, 252, 108, 108, 156, 204, 84, 108, 156, 204, 136, 184, 232, 280, 112, 160, 232, 256, 112, 160, 232, 304, 88, 136, 256, 280, 52, 76, 148, 244, 76, 100, 172, 244, 52, 76, 124, 244, 60, 156, 180, 228, 84, 156, 156, 204, 84, 132, 156, 204, 160, 184, 208, 232, 112, 136, 208, 304, 160, 136, 256, 232, 136, 208, 232, 304, 52, 100, 124, 244, 76, 76, 148, 244, 28, 76, 196, 196, 60, 108, 180, 228, 60, 132, 204, 252, 108, 156, 180, 252, 112, 184, 184, 280, 160, 160, 256, 232, 160, 184, 256, 256, 136, 160, 208, 232, 104, 152, 176, 200, 32, 152, 128, 224, 104, 128, 176, 200, 32, 104, 152, 224, 112, 136, 160, 208, 64, 112, 160, 232, 116, 212, 188, 260, 92, 164, 212, 308, 116, 212, 260, 284, 164, 188, 188, 236, 104, 80, 128, 200, 56, 104, 176, 200, 104, 104, 200, 176, 104, 80, 152, 248, 64, 160, 184, 208, 88, 136, 184, 232, 164, 164, 260, 236, 164, 188, 188, 308, 116, 212, 260, 284, 116, 212, 260, 284, 56, 104, 152, 176, 104, 104, 176, 248, 80, 152, 176, 200, 32, 128, 176, 224, 88, 160, 208, 232, 64, 160, 160, 256, 140, 188, 260, 236, 140, 140, 188, 236, 116, 140, 212, 260, 92, 188, 212, 236, 126, 150, 174, 102, 102, 222, 54, 174, 150, 134, 134, 206, 86, 134, 182, 86, 158, 230, 162, 210, 210, 186, 234, 282, 114, 162, 282, 126, 174, 198, 54, 102, 150, 126, 126, 222, 110, 158, 182, 134, 134, 230, 110, 182, 230, 186, 162, 210, 138, 186, 282, 162, 186, 258, 78, 150, 198, 78, 174, 198, 102, 102, 222, 134, 134, 206, 110, 158, 230, 110, 182, 206, 114, 210, 234, 138, 186, 210, 162, 186, 282, 102, 150, 174, 102, 174, 174, 126, 150, 150, 110, 182, 230, 110, 158, 230, 110, 182, 206, 138, 234, 282, 138, 162, 258, 114, 162, 282, 130, 106, 154, 130, 130, 154, 106, 130, 178, 82, 106, 202, 90, 186, 234, 90, 138, 234, 142, 166, 238, 118, 166, 286, 142, 214, 238, 130, 106, 154, 106, 106, 202, 130, 130, 226, 58, 130, 154, 138, 186, 234, 114, 186, 234, 142, 166, 214, 142, 166, 262, 142, 214, 238, 130, 178, 178, 58, 106, 202, 130, 154, 226, 130, 106, 202, 114, 186, 234, 90, 162, 234, 142, 190, 262, 142, 190, 286, 166, 190, 214, 64, 136, 208, 88, 136, 184, 64, 160, 208, 116, 164, 212, 140, 164, 260, 116, 140, 188, 106, 130, 202, 66, 138, 210, 114, 138, 210, 142, 190, 238, 142, 190, 262, 166, 214, 262, 106, 106, 154, 90, 138, 186, 114, 162, 210, 94, 190, 190, 142, 214, 214, 94, 190, 190, 82, 130, 130, 66, 138, 162, 66, 162, 210, 166, 166, 214, 142, 190, 238, 166, 142, 190]
Q = [2, 4, 4, 4, 2, 4, 2, 2, 4, 4, 4, 4, 4, 4, 2, 2, 4, 2, 2, 2, 2, 4, 2, 4, 4, 4, 2, 4, 2, 2, 4, 4, 2, 4, 4, 2, 2, 4, 4, 4, 4, 2, 2, 2, 4, 4, 2, 2, 2, 2, 2, 4, 4, 2, 4, 2, 2, 2, 4, 4, 2, 2, 4, 2, 4, 4, 2, 4, 4, 4, 2, 4, 2, 4, 4, 2, 2, 2, 2, 2, 2, 2, 2, 2, 4, 2, 4, 2, 2, 4, 2, 4, 2, 2, 2, 4, 4, 4, 4, 2, 4, 4, 4, 2, 2, 2, 2, 2, 4, 4, 2, 4, 2, 4, 2, 2, 4, 4, 2, 4, 2, 4, 2, 4, 4, 2, 2, 2, 2, 2, 2, 4, 2, 2, 4, 2, 2, 2, 2, 4, 2, 2, 4, 2, 2, 2, 4, 4, 2, 2, 4, 2, 2, 2, 2, 4, 4, 2, 4, 4, 2, 4, 4, 4, 4, 2, 2, 4, 4, 4, 4, 4, 2, 4, 4, 4, 4, 2, 2, 4, 2, 4, 2, 4, 4, 2, 2, 2, 2, 2, 4, 2, 2, 4, 2, 2, 4, 2, 4, 2, 2, 2, 4, 4, 4, 4, 4, 4, 4, 2, 4, 4, 4, 2, 4, 4, 2, 2, 4, 2, 2, 2, 2, 4, 4, 4, 4, 2, 4, 4, 2, 4, 4, 4, 4, 4, 2, 4, 4, 2, 4, 2, 2, 2, 2, 4, 2, 4, 4, 4, 4, 2, 2, 4, 2, 2, 4, 2, 2, 2, 2, 4, 2, 2, 4, 4, 4, 4, 2, 2, 4, 4, 4, 2, 4, 2, 4, 4, 4, 2, 6, 3, 3, 6, 6, 6, 3, 3, 6, 6, 3, 6, 6, 3, 6, 6, 3, 6, 6, 3, 6, 6, 3, 3, 6, 3, 6, 6, 3, 6, 3, 3, 6, 6, 6, 3, 3, 3, 6, 6, 6, 6, 3, 3, 6, 3, 3, 3, 3, 3, 6, 6, 3, 3, 3, 3, 6, 6, 6, 6, 6, 6, 6, 6, 6, 6, 3, 6, 6, 3, 6, 6, 6, 3, 6, 3, 3, 3, 3, 6, 6, 6, 6, 3, 6, 6, 3, 3, 6, 3, 6, 6, 6, 6, 3, 6, 6, 3, 3, 3, 6, 3, 3, 6, 6, 3, 6, 6, 6, 6, 6, 3, 6, 3, 6, 3, 6, 6, 3, 6, 6, 6, 3, 3, 3, 6, 6, 6, 6, 6, 6, 3, 3, 3, 6, 3, 6, 6, 6, 6, 3, 6, 3, 3, 6, 3, 3, 6, 6, 6, 3, 3, 6, 6, 6, 6, 6, 3, 6, 6, 6, 3, 6, 6, 6, 6, 3, 3, 6, 6, 6, 3, 3, 3, 6, 6, 6, 6, 6, 6, 6, 3, 3, 3, 6, 3, 3, 3, 3, 5, 10, 10, 10, 10, 5, 5, 5, 10, 5, 10, 10, 10, 5, 10, 10, 5, 10, 10, 5, 5, 10, 5, 10, 10, 10, 10, 10, 10, 10, 10, 5, 10, 5, 10, 10, 10, 10, 10, 10, 5, 10, 10, 5, 10, 10, 5, 5, 10, 5, 10, 5, 5, 10, 5, 10, 10, 5, 10, 5, 5, 10, 10, 10, 5, 5, 10, 5, 5, 10, 10, 5]
cfixed = [294, 266, 241, 225, 227, 237, 279, 263, 244, 290, 293, 280, 264, 239, 210, 234, 202, 265, 287, 291, 212, 201, 258, 271, 262, 246, 253, 208, 202, 221, 251, 254, 258, 262, 261, 248, 255, 239, 262, 239, 257, 221, 260, 212, 297, 285, 258, 276, 205, 224, 284, 215, 269, 243, 243, 213, 230, 228, 271, 291, 204, 230, 263, 300, 278, 224, 287, 229, 233, 212, 212, 245, 219, 267, 279, 247, 300, 246, 248, 297, 226, 205, 236, 290, 262, 275, 240, 245, 201, 247, 294, 247, 231, 204, 223, 275, 256, 272, 270, 284, 251, 256, 286, 244, 251, 257, 257, 269, 257, 286, 228, 291, 293, 281, 273, 268, 273, 283, 240, 224, 281, 285, 268, 236, 206, 261, 207, 238, 212, 280, 271, 239, 204, 285, 295, 244, 207, 280, 264, 286, 205, 263, 282, 252, 238, 286, 261, 284, 261, 237, 237, 279, 262, 244, 256, 251, 213, 295, 234, 274, 210, 219, 237, 298, 253, 229, 220, 213, 284, 247, 288, 253, 207, 277, 257, 238, 219, 264, 284, 270, 203, 240, 258, 277, 247, 204, 222, 209, 279, 250, 208, 248, 276, 205, 205, 261, 259, 219, 241, 283, 211, 276, 287, 299, 264, 267, 299, 222, 223, 219, 298, 201, 207, 235, 256, 294, 208, 221, 238, 233, 250, 291, 231, 211, 225, 231, 218, 261, 219, 242, 271, 214, 205, 239, 213, 256, 216, 285, 217, 284, 281, 216, 281, 249, 285, 244, 285, 250, 265, 228, 252, 236, 244, 286, 240, 238, 288, 287, 231, 237, 279, 284, 233, 223, 253, 250, 203, 253, 231, 280, 272, 200, 244, 281, 215, 293, 228, 238, 220, 217, 387, 398, 347, 414, 357, 424, 401, 403, 400, 311, 326, 383, 437, 452, 487, 488, 497, 406, 320, 480, 480, 436, 434, 341, 300, 323, 300, 474, 487, 388, 473, 323, 375, 379, 473, 440, 431, 420, 302, 305, 361, 412, 374, 320, 371, 430, 432, 464, 357, 468, 500, 472, 477, 397, 381, 465, 465, 428, 310, 478, 331, 358, 374, 475, 353, 422, 474, 364, 320, 419, 489, 345, 474, 324, 395, 369, 365, 367, 488, 454, 388, 493, 365, 305, 338, 499, 370, 332, 352, 420, 316, 429, 393, 337, 461, 493, 410, 311, 490, 460, 438, 309, 376, 376, 324, 356, 344, 399, 396, 485, 323, 462, 498, 325, 419, 493, 401, 309, 413, 445, 334, 389, 385, 358, 418, 463, 494, 492, 445, 429, 377, 342, 454, 324, 416, 456, 332, 489, 326, 347, 473, 434, 382, 458, 453, 487, 305, 427, 351, 439, 488, 333, 360, 401, 304, 352, 473, 340, 380, 445, 452, 401, 328, 488, 407, 390, 328, 498, 364, 494, 418, 385, 346, 496, 343, 390, 374, 343, 354, 450, 460, 335, 364, 304, 467, 362, 372, 355, 398, 594, 655, 516, 518, 552, 562, 647, 616, 638, 589, 596, 560, 570, 677, 531, 621, 606, 503, 681, 537, 683, 507, 591, 587, 607, 584, 629, 537, 607, 535, 605, 511, 670, 632, 676, 551, 650, 536, 532, 557, 615, 559, 673, 511, 678, 555, 564, 521, 542, 585, 645, 589, 606, 654, 603, 641, 654, 685, 540, 604, 694, 537, 588, 613, 638, 570, 576, 699, 689, 522, 595, 590]
ctravel = [20, 44, 68, 92, 20, 92, 20, 68, 68, 92, 68, 44, 52, 52, 76, 52, 100, 100, 76, 100, 52, 52, 76, 76, 80, 128, 80, 80, 104, 128, 80, 104, 128, 104, 152, 128, 128, 80, 80, 80, 68, 44, 92, 68, 44, 92, 92, 92, 68, 68, 92, 20, 52, 100, 52, 100, 100, 52, 52, 52, 76, 52, 52, 52, 128, 128, 128, 128, 104, 104, 128, 104, 104, 104, 128, 152, 80, 80, 152, 128, 44, 20, 44, 92, 68, 44, 68, 92, 44, 20, 20, 92, 52, 100, 76, 76, 76, 100, 52, 52, 76, 76, 52, 52, 152, 128, 104, 80, 104, 80, 104, 152, 152, 80, 152, 80, 128, 152, 128, 152, 44, 44, 20, 92, 68, 20, 44, 92, 20, 20, 92, 44, 52, 52, 76, 76, 52, 76, 100, 100, 100, 100, 76, 100, 104, 128, 80, 128, 152, 104, 152, 80, 152, 128, 152, 104, 128, 104, 104, 80, 92, 92, 68, 44, 20, 92, 20, 68, 92, 68, 68, 44, 20, 44, 44, 68, 100, 76, 52, 52, 52, 52, 52, 76, 104, 152, 80, 104, 80, 104, 104, 152, 104, 152, 152, 128, 152, 128, 80, 80, 92, 20, 20, 44, 44, 44, 68, 44, 92, 44, 92, 20, 92, 20, 44, 92, 52, 100, 76, 52, 76, 76, 76, 76, 152, 104, 152, 80, 152, 128, 80, 152, 104, 152, 152, 128, 104, 152, 152, 128, 44, 44, 44, 20, 92, 44, 68, 92, 68, 92, 68, 44, 20, 68, 68, 68, 76, 100, 100, 76, 52, 100, 52, 100, 128, 128, 152, 80, 128, 80, 80, 80, 104, 80, 104, 104, 80, 128, 104, 80, 74.4, 55.2, 36.0, 55.2, 16.8, 74.4, 16.8, 74.4, 16.8, 80.80000000000001, 42.400000000000006, 61.6, 42.400000000000006, 42.400000000000006, 42.400000000000006, 42.400000000000006, 61.6, 80.80000000000001, 103.2, 103.2, 64.8, 122.4, 122.4, 122.4, 64.8, 64.8, 122.4, 74.4, 74.4, 55.2, 16.8, 16.8, 16.8, 74.4, 36.0, 74.4, 61.6, 61.6, 42.400000000000006, 80.80000000000001, 42.400000000000006, 80.80000000000001, 61.6, 80.80000000000001, 80.80000000000001, 122.4, 64.8, 64.8, 84.0, 84.0, 122.4, 103.2, 84.0, 103.2, 36.0, 55.2, 55.2, 36.0, 74.4, 55.2, 55.2, 16.8, 74.4, 80.80000000000001, 42.400000000000006, 61.6, 61.6, 61.6, 80.80000000000001, 61.6, 80.80000000000001, 61.6, 64.8, 103.2, 84.0, 84.0, 84.0, 64.8, 103.2, 84.0, 122.4, 55.2, 55.2, 36.0, 55.2, 74.4, 36.0, 74.4, 55.2, 16.8, 61.6, 80.80000000000001, 80.80000000000001, 61.6, 61.6, 80.80000000000001, 61.6, 80.80000000000001, 61.6, 84.0, 122.4, 122.4, 84.0, 64.8, 103.2, 64.8, 64.8, 122.4, 74.4, 16.8, 16.8, 74.4, 36.0, 16.8, 55.2, 36.0, 36.0, 36.0, 16.8, 55.2, 42.400000000000006, 80.80000000000001, 80.80000000000001, 42.400000000000006, 42.400000000000006, 80.80000000000001, 84.0, 64.8, 84.0, 64.8, 64.8, 122.4, 84.0, 103.2, 84.0, 74.4, 16.8, 16.8, 55.2, 16.8, 55.2, 74.4, 36.0, 74.4, 16.8, 36.0, 16.8, 80.80000000000001, 80.80000000000001, 80.80000000000001, 61.6, 80.80000000000001, 80.80000000000001, 84.0, 64.8, 64.8, 84.0, 64.8, 103.2, 84.0, 103.2, 84.0, 74.4, 74.4, 36.0, 16.8, 16.8, 55.2, 74.4, 55.2, 74.4, 74.4, 16.8, 55.2, 61.6, 80.80000000000001, 80.80000000000001, 42.400000000000006, 61.6, 80.80000000000001, 84.0, 84.0, 103.2, 84.0, 84.0, 122.4, 103.2, 84.0, 64.8, 32.4, 46.8, 61.199999999999996, 46.8, 46.8, 46.8, 32.4, 61.199999999999996, 61.199999999999996, 63.599999999999994, 63.599999999999994, 63.599999999999994, 78.0, 63.599999999999994, 92.39999999999999, 63.599999999999994, 49.199999999999996, 49.199999999999996, 55.8, 41.4, 55.8, 31.799999999999997, 46.199999999999996, 60.599999999999994, 60.599999999999994, 46.199999999999996, 60.599999999999994, 77.39999999999999, 77.39999999999999, 77.39999999999999, 77.39999999999999, 77.39999999999999, 91.8, 91.8, 91.8, 91.8, 55.8, 27.0, 27.0, 46.199999999999996, 46.199999999999996, 46.199999999999996, 60.599999999999994, 60.599999999999994, 60.599999999999994, 48.6, 77.39999999999999, 48.6, 77.39999999999999, 91.8, 63.0, 48.6, 77.39999999999999, 48.6, 41.4, 41.4, 12.6, 31.799999999999997, 46.199999999999996, 31.799999999999997, 31.799999999999997, 60.599999999999994, 60.599999999999994, 91.8, 63.0, 63.0, 77.39999999999999, 77.39999999999999, 77.39999999999999, 91.8, 48.6, 48.6]
mode = [0, 0, 0, 0, 0, 0, 0, 0, 0, 0, 0, 0, 0, 0, 0, 0, 0, 0, 0, 0, 0, 0, 0, 0, 0, 0, 0, 0, 0, 0, 0, 0, 0, 0, 0, 0, 0, 0, 0, 0, 0, 0, 0, 0, 0, 0, 0, 0, 0, 0, 0, 0, 0, 0, 0, 0, 0, 0, 0, 0, 0, 0, 0, 0, 0, 0, 0, 0, 0, 0, 0, 0, 0, 0, 0, 0, 0, 0, 0, 0, 0, 0, 0, 0, 0, 0, 0, 0, 0, 0, 0, 0, 0, 0, 0, 0, 0, 0, 0, 0, 0, 0, 0, 0, 0, 0, 0, 0, 0, 0, 0, 0, 0, 0, 0, 0, 0, 0, 0, 0, 0, 0, 0, 0, 0, 0, 0, 0, 0, 0, 0, 0, 0, 0, 0, 0, 0, 0, 0, 0, 0, 0, 0, 0, 0, 0, 0, 0, 0, 0, 0, 0, 0, 0, 0, 0, 0, 0, 0, 0, 0, 0, 0, 0, 0, 0, 0, 0, 0, 0, 0, 0, 0, 0, 0, 0, 0, 0, 0, 0, 0, 0, 0, 0, 0, 0, 0, 0, 0, 0, 0, 0, 0, 0, 0, 0, 0, 0, 0, 0, 0, 0, 0, 0, 0, 0, 0, 0, 0, 0, 0, 0, 0, 0, 0, 0, 0, 0, 0, 0, 0, 0, 0, 0, 0, 0, 0, 0, 0, 0, 0, 0, 0, 0, 0, 0, 0, 0, 0, 0, 0, 0, 0, 0, 0, 0, 0, 0, 0, 0, 0, 0, 0, 0, 0, 0, 0, 0, 0, 0, 0, 0, 0, 0, 0, 0, 0, 0, 0, 0, 0, 0, 0, 0, 0, 0, 0, 0, 0, 0, 1, 1, 1, 1, 1, 1, 1, 1, 1, 1, 1, 1, 1, 1, 1, 1, 1, 1, 1, 1, 1, 1, 1, 1, 1, 1, 1, 1, 1, 1, 1, 1, 1, 1, 1, 1, 1, 1, 1, 1, 1, 1, 1, 1, 1, 1, 1, 1, 1, 1, 1, 1, 1, 1, 1, 1, 1, 1, 1, 1, 1, 1, 1, 1, 1, 1, 1, 1, 1, 1, 1, 1, 1, 1, 1, 1, 1, 1, 1, 1, 1, 1, 1, 1, 1, 1, 1, 1, 1, 1, 1, 1, 1, 1, 1, 1, 1, 1, 1, 1, 1, 1, 1, 1, 1, 1, 1, 1, 1, 1, 1, 1, 1, 1, 1, 1, 1, 1, 1, 1, 1, 1, 1, 1, 1, 1, 1, 1, 1, 1, 1, 1, 1, 1, 1, 1, 1, 1, 1, 1, 1, 1, 1, 1, 1, 1, 1, 1, 1, 1, 1, 1, 1, 1, 1, 1, 1, 1, 1, 1, 1, 1, 1, 1, 1, 1, 1, 1, 1, 1, 1, 1, 1, 1, 1, 1, 1, 1, 1, 1, 1, 1, 1, 1, 1, 1, 1, 1, 1, 2, 2, 2, 2, 2, 2, 2, 2, 2, 2, 2, 2, 2, 2, 2, 2, 2, 2, 2, 2, 2, 2, 2, 2, 2, 2, 2, 2, 2, 2, 2, 2, 2, 2, 2, 2, 2, 2, 2, 2, 2, 2, 2, 2, 2, 2, 2, 2, 2, 2, 2, 2, 2, 2, 2, 2, 2, 2, 2, 2, 2, 2, 2, 2, 2, 2, 2, 2, 2, 2, 2, 2]
delivery_process = ['Direct-Shipment', 'Cross-Docking', 'Direct-Shipment', 'Cross-Docking']
distance_ln = [[1.56, 15.22, 0.67, 6.86, 3.81, 6.9, 3.98, 1.88, 13.85, 1.53, 2.87, 2.8, 8.34, 0.81, 4.43, 2.42, 1.66, 5.01, 9.31, 2.18, 2.94, 7.12, 1.95, 4.18, 2.66, 6.74, 0.85, 9.61, 8.8, 10.24, 6.54, 2.96, 1.76, 4.08, 2.13, 2.34, 2.91, 3.54, 1.48, 13.74, 2.95, 2.81, 7.16, 7.88, 1.18, 4.05, 1.15, 11.64, 1.28, 1.8], [9.86, 3.4, 3.95, 10.36, 3.48, 1.47, 6.86, 5.45, 1.68, 1.82, 7.12, 2.16, 0.56, 8.05, 3.28, 7.33, 2.55, 4.27, 1.41, 2.83, 1.71, 2.42, 4.58, 12.91, 3.99, 2.09, 3.69, 11.15, 2.3, 2.09, 2.24, 0.56, 2.73, 3.4, 5.16, 0.41, 7.2, 11.02, 9.62, 5.93, 2.58, 3.43, 3.04, 5.65, 3.9, 13.65, 15.54, 1.47, 1.53, 7.7], [11.1, 2.27, 2.3, 6.56, 3.95, 13.39, 4.8, 1.75, 8.23, 12.71, 16.81, 7.49, 8.83, 3.95, 6.71, 11.37, 3.43, 18.87, 14.36, 12.15, 4.83, 21.16, 1.89, 7.21, 5.31, 10.88, 8.13, 5.41, 3.08, 2.58, 11.58, 11.82, 9.91, 6.13, 8.21, 16.35, 19.28, 8.04, 12.85, 8.14, 19.82, 12.41, 9.29, 14.02, 12.01, 4.52, 10.25, 12.18, 15.5, 2.1], [12.46, 13.97, 2.12, 1.38, 1.23, 4.45, 1.45, 4.63, 9.26, 7.12, 4.55, 8.45, 6.93, 1.77, 2.56, 6.5, 5.74, 13.35, 5.47, 11.03, 3.24, 10.64, 2.05, 7.56, 2.47, 1.46, 1.67, 2.67, 3.88, 9.15, 10.22, 6.08, 3.42, 2.63, 4.6, 10.98, 2.49, 8.61, 10.23, 4.24, 16.39, 15.77, 0.84, 1.36, 4.6, 7.06, 14.29, 6.24, 2.58, 5.14]]
distance_nn = [[0.0, 18.05, 3.45, 4.09, 5.14, 2.71, 6.94, 2.55, 16.47, 8.16, 4.72, 5.17, 10.93, 0.63, 2.76, 2.09, 8.08, 5.23, 5.49, 2.79, 4.33, 4.7, 4.16, 3.84, 9.09, 4.1, 0.68, 15.28, 5.08, 9.36, 1.32, 10.07, 5.42, 7.14, 2.92, 3.86, 19.93, 0.4, 2.42, 11.69, 3.89, 5.24, 8.36, 14.78, 0.82, 6.74, 4.92, 8.9, 2.12, 3.83], [6.51, 0.0, 3.35, 3.0, 7.91, 6.45, 11.53, 2.96, 1.55, 4.15, 11.76, 0.61, 1.33, 15.26, 8.84, 13.35, 3.51, 8.74, 1.59, 0.0, 10.41, 8.36, 2.43, 13.87, 6.02, 4.43, 10.97, 6.89, 1.03, 1.73, 10.29, 2.32, 2.97, 9.63, 2.15, 3.74, 2.24, 9.9, 9.75, 1.29, 7.43, 22.59, 1.03, 3.47, 14.31, 6.77, 21.18, 3.13, 5.98, 12.87], [1.22, 11.63, 0.0, 6.54, 1.33, 2.68, 1.24, 2.48, 3.92, 9.4, 14.28, 7.7, 10.84, 0.85, 0.99, 3.8, 9.61, 2.79, 7.96, 7.68, 0.77, 12.75, 4.16, 5.35, 13.07, 1.32, 2.43, 9.18, 8.0, 9.52, 2.25, 10.06, 1.49, 3.74, 1.08, 13.31, 13.2, 4.85, 3.92, 2.1, 3.12, 1.07, 10.99, 16.92, 3.69, 2.25, 6.03, 7.29, 7.69, 1.36], [5.95, 7.29, 5.75, 0.0, 3.05, 12.0, 0.95, 3.48, 7.72, 3.47, 13.41, 2.22, 3.12, 8.08, 1.14, 3.26, 7.22, 11.3, 7.14, 3.34, 0.34, 12.42, 2.09, 2.27, 6.78, 9.25, 5.46, 1.78, 2.08, 9.86, 3.62, 5.79, 3.47, 0.79, 1.04, 8.3, 12.16, 9.42, 12.08, 14.32, 4.3, 5.6, 3.29, 7.57, 9.74, 3.6, 6.11, 6.54, 7.83, 2.76], [2.05, 7.45, 2.63, 1.76, 0.0, 3.94, 2.72, 1.51, 13.38, 7.66, 4.42, 5.77, 1.83, 4.71, 1.32, 2.13, 4.01, 9.6, 6.22, 9.36, 1.96, 8.65, 1.93, 6.06, 2.67, 1.65, 2.78, 4.04, 7.39, 6.64, 12.75, 1.68, 1.59, 3.17, 1.32, 1.23, 2.38, 2.23, 1.03, 13.35, 9.65, 6.33, 5.24, 8.71, 7.51, 2.68, 3.88, 5.27, 6.73, 5.23], [9.73, 4.15, 7.8, 11.85, 6.32, 0.0, 11.35, 11.97, 5.73, 1.38, 1.87, 0.94, 3.5, 3.94, 3.6, 7.39, 4.59, 1.65, 2.13, 4.58, 10.41, 1.08, 11.7, 5.24, 1.88, 1.32, 8.84, 7.25, 4.19, 0.73, 5.8, 1.23, 6.17, 5.54, 1.14, 0.47, 9.02, 1.44, 15.85, 4.35, 7.45, 4.71, 5.09, 7.69, 8.47, 10.43, 14.72, 3.07, 6.32, 10.72], [1.01, 10.82, 3.06, 1.25, 2.53, 8.18, 0.0, 4.56, 11.15, 10.93, 7.87, 6.14, 4.04, 7.39, 1.46, 2.5, 8.27, 11.9, 6.04, 14.71, 1.66, 14.16, 0.81, 12.36, 13.05, 1.18, 8.36, 1.78, 6.97, 5.84, 6.73, 5.98, 3.67, 0.91, 2.26, 2.84, 2.23, 4.17, 9.61, 9.95, 12.55, 6.18, 1.55, 11.22, 9.71, 2.95, 12.3, 1.43, 4.35, 2.26], [4.77, 9.64, 0.62, 3.07, 0.82, 10.31, 0.95, 0.0, 8.34, 11.34, 3.79, 7.48, 1.57, 1.07, 4.56, 6.65, 12.32, 3.11, 7.86, 10.43, 2.15, 3.86, 0.62, 6.73, 3.35, 2.65, 6.34, 4.89, 4.77, 4.86, 10.02, 2.55, 5.03, 6.38, 3.86, 9.27, 14.16, 0.87, 3.95, 5.21, 1.72, 3.4, 3.96, 9.04, 4.77, 1.1, 1.47, 6.81, 11.83, 1.89], [12.88, 2.02, 11.43, 1.78, 3.18, 2.7, 13.18, 3.92, 0.0, 1.05, 13.51, 1.02, 2.05, 2.49, 7.51, 7.07, 10.39, 3.0, 2.72, 0.83, 2.16, 15.32, 9.25, 4.07, 7.18, 1.62, 7.49, 2.34, 5.9, 4.17, 4.29, 2.3, 6.51, 2.37, 7.62, 4.9, 0.63, 1.97, 12.74, 2.13, 2.0, 13.51, 2.09, 0.73, 12.53, 4.89, 9.29, 0.82, 3.65, 15.71], [7.38, 1.74, 9.05, 3.91, 5.91, 1.72, 7.58, 12.87, 1.29, 0.0, 7.17, 0.45, 0.34, 9.64, 1.15, 9.88, 2.38, 7.7, 2.55, 3.39, 6.28, 2.68, 1.96, 16.97, 5.65, 3.98, 8.22, 8.09, 4.62, 1.35, 10.11, 3.54, 5.94, 2.82, 5.65, 2.86, 1.7, 9.79, 4.46, 3.18, 5.29, 6.05, 0.81, 3.6, 11.06, 8.74, 17.73, 0.88, 12.28, 1.96], [8.22, 2.0, 11.19, 10.51, 5.45, 5.97, 15.38, 15.21, 9.89, 3.08, 0.0, 1.72, 5.41, 5.44, 2.48, 5.23, 1.84, 3.61, 4.81, 10.11, 14.42, 2.99, 17.19, 7.09, 3.41, 2.67, 11.24, 9.55, 11.69, 3.41, 1.18, 6.17, 3.97, 6.9, 10.09, 8.44, 4.08, 6.64, 6.74, 3.78, 1.05, 3.6, 8.18, 5.05, 7.94, 4.21, 12.43, 12.37, 5.96, 14.93], [8.18, 2.53, 1.78, 7.57, 5.24, 2.68, 4.2, 1.7, 2.23, 0.88, 8.32, 0.0, 2.04, 9.45, 3.11, 8.91, 8.61, 4.38, 1.78, 2.4, 6.32, 1.67, 2.29, 6.97, 5.1, 4.5, 1.97, 9.77, 0.52, 4.52, 6.85, 2.51, 6.37, 3.41, 8.99, 1.51, 6.17, 7.62, 13.88, 2.25, 6.05, 12.4, 1.16, 2.52, 13.74, 13.42, 18.61, 0.74, 3.0, 12.89], [9.77, 6.0, 6.96, 1.18, 6.86, 1.39, 7.67, 8.11, 1.38, 1.82, 9.97, 0.51, 0.0, 3.24, 2.88, 2.86, 3.24, 6.03, 0.37, 1.84, 5.28, 5.16, 9.59, 5.75, 2.15, 1.59, 8.98, 2.53, 1.04, 0.96, 3.93, 1.39, 5.38, 4.42, 2.03, 2.85, 4.87, 9.19, 2.43, 4.8, 3.36, 6.93, 3.24, 6.25, 11.12, 12.92, 7.89, 1.69, 6.1, 12.87], [0.79, 12.93, 0.42, 4.72, 2.4, 5.9, 7.66, 4.11, 11.95, 9.03, 10.54, 5.06, 3.41, 0.0, 4.43, 0.96, 9.52, 7.08, 5.81, 2.63, 1.98, 13.68, 4.79, 5.41, 9.04, 3.08, 0.78, 9.22, 4.35, 9.34, 12.83, 7.9, 5.32, 0.82, 2.64, 7.22, 4.09, 0.79, 2.04, 16.69, 7.44, 3.23, 2.88, 5.63, 3.32, 3.67, 4.97, 12.05, 7.67, 3.08], [1.87, 9.17, 4.7, 3.24, 1.16, 2.53, 1.24, 6.03, 3.62, 2.55, 8.97, 7.88, 0.63, 5.82, 0.0, 1.56, 1.5, 6.07, 2.75, 4.76, 1.1, 13.97, 1.92, 10.97, 2.63, 1.47, 0.75, 1.92, 6.6, 1.25, 9.12, 5.15, 0.57, 1.95, 0.5, 5.1, 11.61, 6.52, 8.38, 2.04, 10.95, 5.62, 3.16, 11.29, 3.31, 1.2, 3.24, 1.94, 9.4, 2.24], [4.1, 10.93, 4.79, 1.15, 1.07, 3.38, 2.71, 6.29, 7.92, 4.86, 4.1, 1.15, 5.42, 0.52, 1.74, 0.0, 5.42, 6.02, 4.71, 1.91, 0.65, 11.83, 4.47, 2.62, 7.2, 3.33, 3.6, 7.06, 4.42, 3.68, 6.03, 5.62, 1.57, 6.89, 3.82, 2.23, 4.81, 4.55, 5.12, 12.22, 1.35, 3.98, 3.47, 11.32, 4.08, 2.6, 1.0, 8.39, 3.81, 4.34], [2.65, 12.33, 5.23, 2.15, 7.78, 4.75, 12.57, 10.32, 4.58, 1.63, 0.93, 4.17, 4.37, 8.47, 7.96, 4.14, 0.0, 0.62, 2.1, 2.09, 6.75, 1.95, 5.32, 6.21, 2.47, 3.53, 6.39, 10.28, 9.13, 2.58, 0.92, 4.56, 3.65, 9.49, 7.74, 6.77, 2.76, 5.36, 8.7, 10.15, 0.42, 16.07, 11.65, 5.56, 7.91, 5.87, 12.34, 7.84, 2.99, 2.58], [5.81, 4.72, 9.35, 9.05, 6.87, 2.71, 4.63, 2.28, 1.28, 3.56, 1.59, 1.94, 1.71, 4.76, 1.25, 5.48, 1.84, 0.0, 2.69, 5.12, 6.75, 4.42, 5.1, 1.51, 3.91, 2.08, 7.05, 10.86, 5.72, 3.94, 1.15, 2.37, 7.2, 9.08, 3.14, 3.3, 8.42, 1.66, 5.77, 2.43, 2.17, 8.46, 2.42, 7.38, 7.74, 12.1, 2.43, 1.75, 1.77, 3.81], [10.95, 4.57, 3.47, 5.65, 7.44, 1.34, 0.95, 7.44, 3.62, 1.48, 2.38, 2.27, 0.99, 4.68, 3.12, 6.12, 2.02, 4.67, 0.0, 1.38, 6.84, 11.78, 11.04, 13.56, 1.41, 3.0, 8.15, 10.73, 5.28, 3.29, 9.68, 1.73, 2.99, 5.11, 4.72, 0.69, 3.41, 5.05, 3.63, 7.34, 4.01, 17.19, 4.3, 3.41, 4.27, 10.48, 5.21, 4.26, 7.62, 12.89], [10.9, 0.0, 6.01, 1.57, 8.14, 1.47, 4.38, 3.9, 1.15, 1.93, 3.73, 0.49, 1.1, 6.33, 3.17, 8.28, 11.27, 3.75, 3.09, 0.0, 4.52, 8.69, 14.66, 17.09, 1.61, 8.45, 3.38, 9.86, 3.81, 2.8, 10.77, 2.63, 2.74, 12.44, 14.84, 1.29, 2.59, 2.63, 20.59, 2.15, 2.27, 14.3, 3.03, 0.54, 10.93, 17.14, 4.84, 0.79, 14.64, 12.75], [1.51, 7.63, 5.3, 0.48, 2.11, 7.94, 2.11, 0.79, 1.56, 2.98, 2.95, 1.39, 1.69, 4.36, 1.68, 4.87, 10.67, 8.93, 3.76, 1.45, 0.0, 3.63, 1.55, 10.32, 12.14, 7.19, 4.62, 6.89, 4.3, 8.4, 8.12, 5.11, 0.45, 0.17, 0.58, 5.74, 9.09, 8.27, 3.13, 9.29, 13.14, 10.01, 3.24, 2.69, 1.82, 3.37, 12.0, 6.71, 3.33, 1.9], [12.86, 1.6, 16.27, 17.22, 5.94, 3.71, 3.53, 6.92, 2.8, 10.4, 2.38, 10.18, 10.83, 2.53, 6.77, 2.39, 0.56, 6.2, 8.35, 11.56, 9.49, 0.0, 17.26, 3.58, 3.71, 2.12, 3.14, 16.17, 3.36, 4.43, 1.84, 7.53, 13.95, 4.32, 11.34, 6.72, 14.09, 2.25, 7.55, 3.81, 2.19, 2.75, 14.14, 10.17, 3.37, 6.36, 15.86, 11.17, 4.78, 11.49], [3.45, 7.7, 2.15, 0.73, 4.18, 1.82, 1.79, 1.44, 16.21, 7.42, 4.38, 10.33, 4.28, 3.06, 6.97, 9.21, 15.31, 9.3, 9.12, 16.04, 2.86, 18.65, 0.0, 2.15, 7.75, 7.03, 1.71, 4.2, 6.63, 1.6, 11.04, 2.9, 3.99, 0.71, 2.19, 5.74, 6.65, 7.86, 3.75, 7.93, 16.37, 4.88, 6.74, 11.76, 5.14, 2.07, 6.91, 4.47, 2.93, 1.39], [3.57, 4.88, 3.23, 8.33, 8.67, 13.07, 9.1, 1.53, 10.55, 11.58, 6.87, 17.25, 12.27, 4.12, 1.51, 2.94, 14.06, 12.91, 10.01, 5.84, 10.89, 5.32, 3.93, 0.0, 10.11, 11.37, 1.29, 4.71, 6.81, 6.05, 8.44, 2.9, 6.56, 8.41, 2.22, 6.11, 10.42, 1.67, 0.3, 21.0, 6.61, 0.68, 16.58, 22.5, 0.57, 8.08, 0.78, 12.25, 6.98, 4.39], [7.58, 2.93, 2.73, 12.47, 9.46, 1.41, 1.71, 12.64, 5.82, 4.75, 4.65, 4.86, 3.1, 3.08, 9.39, 3.14, 4.66, 0.63, 3.68, 3.4, 6.18, 1.73, 17.16, 4.11, 0.0, 1.04, 8.94, 11.1, 10.21, 0.38, 4.61, 2.63, 11.07, 12.27, 7.12, 1.75, 2.21, 10.93, 1.86, 1.7, 1.97, 11.62, 8.17, 5.41, 11.87, 2.29, 12.68, 6.44, 8.45, 18.72], [7.28, 1.55, 1.64, 4.0, 9.36, 1.01, 10.96, 8.86, 3.38, 3.66, 6.31, 2.28, 0.52, 4.66, 5.23, 6.16, 4.47, 0.85, 1.06, 5.77, 4.12, 3.68, 7.2, 14.48, 1.94, 0.0, 7.46, 3.84, 2.68, 1.32, 4.09, 0.63, 5.12, 7.59, 8.41, 1.92, 2.76, 5.01, 3.13, 8.17, 6.89, 2.26, 4.69, 6.17, 11.53, 14.05, 5.46, 4.8, 4.7, 13.68], [0.97, 6.42, 3.21, 5.46, 3.49, 5.0, 2.36, 3.17, 5.08, 11.65, 6.37, 3.22, 8.36, 1.0, 5.26, 1.45, 4.93, 8.34, 2.46, 5.53, 3.88, 3.34, 3.51, 4.38, 1.65, 2.13, 0.0, 5.7, 3.42, 9.39, 2.25, 6.62, 3.24, 4.62, 1.11, 5.55, 6.86, 0.43, 2.75, 9.44, 7.71, 3.0, 5.42, 4.95, 3.45, 8.41, 3.73, 3.91, 3.88, 7.06], [8.78, 8.24, 5.63, 1.65, 6.37, 5.34, 0.61, 5.82, 8.72, 10.98, 4.42, 10.51, 9.54, 3.62, 4.06, 12.25, 9.36, 15.68, 4.59, 9.41, 5.71, 22.74, 4.77, 16.58, 11.09, 11.73, 10.14, 0.0, 3.5, 12.87, 16.78, 7.66, 2.32, 1.64, 7.56, 3.18, 2.36, 13.4, 7.06, 10.38, 3.64, 14.23, 6.33, 5.35, 5.98, 1.83, 9.03, 8.68, 3.04, 3.04], [3.62, 3.85, 9.83, 2.32, 4.77, 5.17, 3.54, 5.88, 4.96, 3.12, 15.62, 0.99, 3.88, 1.44, 1.31, 5.82, 11.74, 2.89, 1.12, 6.6, 1.41, 5.06, 6.1, 17.84, 4.91, 1.58, 11.42, 6.62, 0.0, 2.63, 4.07, 5.69, 6.28, 4.21, 2.97, 6.52, 4.07, 10.48, 10.62, 4.33, 11.13, 11.56, 0.2, 1.75, 10.84, 8.91, 8.99, 2.15, 10.25, 11.73], [2.38, 1.53, 1.54, 11.48, 1.27, 0.89, 7.9, 9.85, 6.04, 3.54, 5.48, 1.89, 3.96, 3.84, 5.43, 6.2, 3.75, 1.61, 2.68, 0.75, 7.32, 8.08, 8.1, 15.26, 0.29, 0.41, 1.73, 12.86, 1.36, 0.0, 3.34, 0.35, 5.24, 4.24, 3.4, 0.49, 2.63, 2.84, 4.78, 1.28, 3.06, 17.73, 4.13, 4.55, 10.98, 9.59, 3.07, 4.16, 1.26, 5.43], [5.93, 11.74, 14.23, 17.52, 10.0, 3.12, 7.48, 8.35, 12.33, 7.21, 1.91, 8.15, 10.76, 11.1, 10.57, 2.48, 1.15, 0.79, 2.99, 6.86, 9.42, 1.28, 6.69, 11.72, 5.1, 1.67, 4.01, 16.55, 5.25, 6.31, 0.0, 5.72, 12.32, 15.18, 2.45, 8.1, 10.39, 4.07, 2.06, 6.14, 1.87, 8.87, 2.34, 7.14, 7.02, 7.79, 12.27, 4.03, 4.03, 9.25], [1.73, 1.53, 4.84, 8.89, 4.04, 2.21, 6.48, 7.96, 3.89, 0.63, 1.42, 4.4, 2.46, 2.3, 6.08, 5.17, 2.2, 2.52, 0.83, 2.09, 5.4, 6.17, 2.56, 2.96, 2.37, 0.67, 2.68, 11.89, 4.51, 1.29, 2.84, 0.0, 0.77, 1.58, 3.89, 2.01, 3.37, 7.78, 10.13, 7.8, 4.27, 2.68, 2.99, 2.12, 5.63, 11.12, 2.51, 1.19, 6.49, 13.02], [3.74, 4.57, 1.22, 2.47, 1.08, 6.42, 2.39, 5.93, 3.55, 5.42, 1.57, 6.28, 6.1, 1.74, 0.81, 0.87, 3.83, 5.45, 0.67, 11.3, 1.08, 4.72, 3.88, 7.83, 1.51, 2.57, 3.77, 7.89, 5.39, 1.97, 3.2, 4.66, 0.0, 3.12, 1.76, 0.98, 6.57, 4.61, 9.75, 7.18, 3.05, 7.47, 3.04, 5.04, 5.54, 1.23, 7.15, 5.06, 2.39, 1.65], [5.77, 1.83, 6.63, 1.26, 3.08, 2.99, 1.5, 1.76, 5.73, 8.28, 4.44, 7.88, 3.62, 6.35, 3.29, 1.54, 9.29, 9.77, 5.8, 12.36, 0.85, 8.92, 4.62, 5.96, 8.16, 1.51, 5.39, 2.14, 1.81, 9.05, 9.56, 3.2, 0.81, 0.0, 0.61, 3.69, 7.57, 3.85, 4.39, 3.09, 9.44, 9.78, 2.9, 10.1, 1.86, 4.65, 9.63, 4.68, 7.78, 1.97], [5.41, 10.79, 0.29, 0.99, 0.57, 3.83, 2.69, 1.52, 12.03, 8.8, 2.85, 3.0, 3.75, 1.42, 0.35, 3.4, 7.52, 1.56, 7.84, 2.7, 1.01, 2.15, 4.83, 6.38, 6.36, 6.78, 2.77, 8.83, 5.13, 5.75, 11.64, 2.77, 1.84, 1.6, 0.0, 10.85, 8.31, 2.56, 1.94, 3.7, 9.91, 1.08, 3.96, 14.1, 6.53, 1.61, 4.72, 3.09, 2.17, 2.45], [11.95, 1.67, 7.35, 10.52, 7.65, 1.24, 5.66, 9.99, 4.5, 1.86, 4.67, 2.3, 2.24, 5.9, 1.51, 5.85, 1.16, 2.13, 1.99, 3.0, 6.28, 2.56, 14.42, 10.43, 0.33, 2.33, 10.22, 7.34, 7.14, 0.86, 7.09, 0.68, 3.16, 5.68, 9.8, 0.0, 2.14, 2.49, 16.56, 8.25, 6.45, 9.95, 2.39, 7.15, 9.5, 5.56, 9.95, 4.25, 3.55, 12.75], [11.74, 1.15, 17.75, 4.39, 15.82, 7.79, 15.14, 17.18, 2.45, 2.96, 2.45, 1.11, 5.18, 15.43, 13.1, 12.44, 2.61, 5.99, 5.86, 3.86, 12.51, 17.09, 15.95, 6.16, 7.0, 3.82, 17.05, 4.22, 2.61, 4.67, 8.64, 8.84, 9.36, 6.34, 1.8, 9.05, 0.0, 17.84, 3.25, 0.79, 2.01, 13.89, 5.27, 1.99, 20.15, 16.4, 2.9, 1.19, 17.93, 12.69], [0.32, 8.03, 2.07, 10.82, 4.74, 11.5, 7.34, 7.45, 5.5, 3.96, 11.03, 3.28, 7.95, 2.68, 5.4, 2.93, 2.58, 9.24, 1.29, 18.61, 2.85, 7.72, 1.34, 3.33, 5.79, 2.6, 1.17, 13.35, 5.79, 12.94, 12.82, 6.85, 6.36, 10.97, 0.9, 9.68, 18.53, 0.0, 3.76, 19.35, 3.69, 2.0, 10.27, 3.38, 1.06, 2.73, 0.88, 14.88, 2.21, 5.62], [2.58, 13.19, 3.36, 9.01, 2.79, 9.0, 2.67, 3.06, 5.91, 1.81, 9.55, 4.0, 4.48, 0.83, 7.83, 2.61, 6.04, 7.74, 6.12, 11.24, 3.54, 12.42, 1.66, 0.71, 10.8, 5.08, 1.27, 3.68, 16.61, 2.0, 8.87, 13.92, 3.96, 10.97, 7.62, 8.43, 21.51, 1.7, 0.0, 8.33, 1.47, 0.41, 13.13, 18.17, 1.04, 6.77, 1.71, 16.91, 4.59, 4.36], [7.51, 2.0, 10.74, 9.95, 5.92, 8.61, 11.12, 11.68, 0.58, 1.89, 13.09, 2.75, 5.59, 11.91, 8.16, 12.31, 8.78, 11.61, 7.9, 2.15, 9.85, 16.58, 18.34, 24.26, 6.19, 10.73, 14.22, 9.69, 4.24, 1.08, 15.34, 7.99, 10.86, 6.36, 4.93, 5.13, 0.48, 10.07, 7.81, 0.0, 8.5, 4.39, 4.64, 2.02, 21.52, 14.57, 24.31, 2.67, 12.41, 10.24], [4.33, 4.47, 6.84, 15.93, 12.31, 4.75, 7.25, 12.01, 10.33, 12.77, 2.0, 8.86, 4.46, 3.05, 5.77, 4.33, 2.87, 3.0, 1.14, 6.98, 2.47, 3.48, 7.25, 10.16, 5.25, 4.0, 2.93, 16.73, 8.5, 8.34, 2.58, 1.26, 2.03, 8.35, 6.72, 7.01, 15.37, 2.74, 8.94, 11.19, 0.0, 4.0, 6.92, 11.58, 1.21, 4.84, 4.71, 3.06, 3.03, 10.7], [0.67, 8.95, 1.83, 8.57, 1.53, 3.67, 7.28, 6.31, 12.28, 10.67, 12.66, 4.91, 14.39, 1.79, 6.65, 4.79, 6.09, 8.44, 8.35, 8.56, 2.05, 5.03, 10.16, 1.32, 9.54, 10.6, 0.72, 1.95, 3.33, 9.85, 12.58, 11.8, 6.78, 11.26, 9.06, 9.95, 20.48, 3.52, 2.21, 10.26, 4.11, 0.0, 17.69, 22.52, 2.23, 6.61, 0.92, 18.46, 8.23, 6.54], [6.02, 2.11, 4.91, 4.8, 1.1, 8.23, 2.4, 9.66, 3.78, 3.88, 10.62, 2.6, 0.57, 2.32, 0.97, 3.83, 5.16, 5.98, 0.84, 3.15, 3.45, 14.63, 9.33, 5.27, 9.41, 2.57, 3.52, 1.85, 0.9, 6.36, 8.97, 1.78, 5.13, 3.42, 3.26, 2.36, 5.21, 2.51, 11.45, 3.46, 13.02, 10.4, 0.0, 0.6, 4.15, 6.84, 11.25, 0.8, 10.45, 10.92], [4.04, 1.94, 5.2, 11.59, 5.56, 5.29, 6.35, 11.57, 0.88, 0.76, 13.64, 3.56, 2.87, 4.21, 1.41, 4.91, 4.48, 9.15, 0.83, 3.47, 6.56, 17.41, 15.06, 6.78, 5.15, 5.57, 14.84, 8.76, 2.71, 5.51, 8.14, 8.88, 10.81, 10.42, 13.68, 7.01, 2.39, 10.26, 8.23, 1.34, 17.01, 23.3, 0.92, 0.0, 8.29, 2.2, 8.36, 2.11, 17.79, 19.35], [1.43, 6.29, 5.97, 1.67, 4.25, 4.53, 3.76, 2.36, 6.93, 6.92, 5.33, 5.34, 8.35, 4.31, 2.34, 2.86, 8.0, 8.23, 3.17, 10.75, 8.82, 16.0, 2.17, 0.23, 11.85, 7.71, 2.92, 14.43, 3.82, 8.13, 7.08, 5.22, 6.11, 10.58, 4.57, 8.05, 23.24, 1.22, 2.23, 22.86, 6.53, 1.7, 14.48, 18.33, 0.0, 4.75, 1.43, 16.11, 2.9, 4.3], [9.3, 8.17, 1.76, 1.38, 2.42, 4.27, 2.99, 2.1, 9.69, 5.65, 12.19, 14.99, 10.57, 4.54, 3.42, 2.17, 10.93, 15.0, 6.58, 3.8, 5.06, 6.27, 0.58, 5.0, 6.86, 2.84, 0.94, 3.06, 10.06, 12.25, 14.3, 6.75, 5.18, 6.1, 4.87, 9.67, 15.26, 9.68, 6.38, 10.96, 10.5, 7.95, 11.07, 2.78, 8.56, 0.0, 3.73, 3.4, 9.59, 2.94], [3.96, 18.81, 5.32, 7.87, 9.46, 11.94, 4.59, 4.8, 6.22, 10.49, 13.97, 4.29, 15.16, 1.51, 4.2, 6.44, 14.31, 5.96, 4.35, 5.47, 12.94, 15.96, 5.0, 0.97, 12.63, 2.24, 1.45, 11.14, 12.27, 3.76, 2.85, 13.13, 3.1, 13.45, 1.57, 4.9, 12.08, 4.36, 1.73, 5.51, 5.29, 0.85, 4.79, 3.48, 0.72, 3.14, 0.0, 17.48, 3.75, 1.61], [10.95, 2.2, 13.71, 8.35, 7.81, 5.89, 8.18, 4.77, 1.45, 1.18, 6.35, 0.57, 2.38, 4.45, 6.25, 2.13, 4.08, 4.59, 1.07, 1.42, 6.91, 5.94, 1.61, 11.17, 5.19, 2.63, 10.5, 4.46, 3.22, 2.01, 10.47, 1.8, 4.65, 4.93, 8.57, 3.17, 3.23, 10.81, 13.98, 3.31, 5.41, 15.66, 3.61, 1.6, 9.87, 15.5, 9.03, 0.0, 10.91, 8.93], [2.04, 8.2, 3.81, 11.37, 6.84, 3.74, 14.42, 10.14, 8.77, 7.15, 3.41, 12.77, 6.86, 4.04, 8.42, 1.3, 0.96, 2.89, 4.1, 14.73, 8.92, 5.17, 4.97, 6.28, 4.64, 9.5, 5.55, 16.59, 11.36, 9.71, 4.05, 2.32, 3.79, 11.92, 10.97, 9.94, 13.95, 2.0, 5.04, 9.51, 2.81, 4.85, 11.71, 15.34, 1.91, 6.64, 5.06, 16.73, 0.0, 11.31], [1.23, 9.63, 1.62, 6.61, 4.56, 13.7, 4.67, 1.55, 17.92, 11.79, 6.62, 14.01, 11.47, 5.55, 3.12, 7.53, 8.48, 10.67, 12.39, 4.42, 2.75, 15.41, 3.52, 4.86, 17.14, 2.27, 5.24, 11.38, 7.36, 10.66, 10.57, 7.17, 7.38, 2.77, 3.11, 3.38, 8.31, 1.9, 1.75, 21.11, 3.24, 5.67, 3.78, 7.98, 7.51, 0.55, 8.04, 17.14, 8.5, 0.0]]
vans = [6, 6, 9, 5]

