J = [0, 1, 2, 3]
K = [4, 5]
L = [6, 7, 8, 9]
I = [0, 1, 2, 3, 4, 5, 6, 7, 8, 9]
N = [0, 1, 2, 3, 4, 5, 6, 7, 8, 9, 10, 11, 12, 13, 14, 15, 16, 17, 18, 19, 20, 21, 22, 23, 24, 25, 26, 27, 28, 29, 30, 31, 32, 33, 34, 35, 36, 37, 38, 39, 40, 41, 42, 43, 44, 45, 46, 47, 48, 49, 50, 51, 52, 53, 54, 55, 56, 57, 58, 59, 60, 61, 62, 63, 64, 65, 66, 67, 68, 69, 70, 71, 72, 73, 74]
demand = [756, 868, 760, 1072, 940, 750, 572, 1022, 435, 835, 1150, 1130, 900, 1182, 612, 1045, 653, 1046, 1116, 610, 1057, 402, 608, 408, 566, 578, 482, 1058, 767, 686, 818, 597, 680, 1152, 1088, 738, 854, 1169, 497, 973, 811, 668, 865, 483, 1093, 490, 678, 602, 899, 827, 687, 1053, 747, 1137, 1171, 702, 1133, 579, 652, 517, 430, 438, 523, 429, 630, 574, 619, 413, 1098, 1134, 808, 682, 1069, 506, 689]
hub = [3, 0, 0, 0, 2, 2, 0, 0, 3, 2, 0, 0, 2, 0, 1, 3, 0, 1, 1, 0, 1, 0, 0, 2, 3, 0, 1, 2, 0, 2, 1, 2, 0, 2, 3, 0, 2, 2, 0, 3, 2, 3, 0, 3, 2, 0, 0, 0, 2, 2, 3, 1, 2, 3, 2, 2, 0, 1, 1, 3, 1, 2, 0, 0, 3, 3, 3, 0, 3, 2, 0, 3, 1, 2, 1]
release = [30, 15, 32, 27, 45, 18, 37, 9, 38, 20, 35, 44, 34, 3, 26, 6, 16, 8, 12, 43, 13, 21, 27, 9, 5, 18, 16, 24, 34, 0, 40, 40, 18, 25, 43, 46, 30, 29, 21, 23, 23, 17, 30, 18, 8, 27, 23, 37, 39, 3, 12, 45, 29, 23, 25, 13, 24, 26, 0, 38, 45, 14, 1, 36, 8, 44, 42, 10, 37, 22, 1, 21, 44, 2, 21]
Nj = [[1, 2, 3, 6, 7, 10, 11, 13, 16, 19, 21, 22, 25, 28, 32, 35, 38, 42, 45, 46, 47, 56, 62, 63, 67, 70], [14, 17, 18, 20, 26, 30, 51, 57, 58, 60, 72, 74], [4, 5, 9, 12, 23, 27, 29, 31, 33, 36, 37, 40, 44, 48, 49, 52, 54, 55, 61, 69, 73], [0, 8, 15, 24, 34, 39, 41, 43, 50, 53, 59, 64, 65, 66, 68, 71]]
Gj = [[0, 1, 2, 3, 4, 5, 6, 7, 8, 9, 10, 11, 12, 13, 14, 15, 16, 17, 18, 19, 20, 21, 22, 23, 24, 25], [26, 27, 28, 29, 30, 31, 32, 33, 34, 35, 36, 37], [38, 39, 40, 41, 42, 43, 44, 45, 46, 47, 48, 49, 50, 51, 52, 53, 54, 55, 56, 57, 58], [59, 60, 61, 62, 63, 64, 65, 66, 67, 68, 69, 70, 71, 72, 73, 74]]
G = [0, 1, 2, 3, 4, 5, 6, 7, 8, 9, 10, 11, 12, 13, 14, 15, 16, 17, 18, 19, 20, 21, 22, 23, 24, 25, 26, 27, 28, 29, 30, 31, 32, 33, 34, 35, 36, 37, 38, 39, 40, 41, 42, 43, 44, 45, 46, 47, 48, 49, 50, 51, 52, 53, 54, 55, 56, 57, 58, 59, 60, 61, 62, 63, 64, 65, 66, 67, 68, 69, 70, 71, 72, 73, 74]
deadline = [216, 168, 216, 216, 192, 168, 168, 168, 168, 192, 216, 240, 216, 168, 192, 216, 240, 240, 168, 216, 168, 168, 192, 192, 240, 216, 168, 192, 216, 192, 216, 168, 216, 240, 240, 168, 192, 192, 168, 240, 192, 216, 240, 192, 168, 192, 216, 168, 192, 216, 240, 192, 240, 240, 240, 168, 192, 168, 192, 192, 168, 192, 192, 240, 168, 240, 216, 168, 216, 240, 192, 192, 240, 216, 216]
weight = [80, 80, 60, 90, 10, 30, 70, 20, 30, 50, 80, 10, 100, 30, 40, 50, 80, 90, 40, 30, 80, 30, 70, 90, 40, 60, 10, 40, 50, 20, 80, 30, 60, 80, 30, 40, 70, 90, 70, 70, 30, 60, 30, 50, 100, 80, 20, 80, 90, 80, 100, 70, 10, 60, 70, 50, 10, 40, 40, 20, 30, 70, 10, 100, 70, 40, 30, 60, 20, 60, 100, 50, 10, 90, 50]
q = 2000
M = [0, 1, 2]
M_description = ['Road', 'Rail', 'Ship']
accessibility = [[1, 0, 1], [1, 0, 0], [1, 0, 1], [1, 1, 1], [1, 1, 1], [1, 1, 1], [1, 1, 0], [1, 1, 1], [1, 0, 1], [1, 0, 0]]
S = [0, 1, 2, 3, 4, 5, 6, 7, 8, 9, 10, 11, 12, 13, 14, 15, 16, 17, 18, 19, 20, 21, 22, 23, 24, 25, 26, 27, 28, 29, 30, 31, 32, 33, 34, 35, 36, 37, 38, 39, 40, 41, 42, 43, 44, 45, 46, 47, 48, 49, 50, 51, 52, 53, 54, 55, 56, 57, 58, 59, 60, 61, 62, 63, 64, 65, 66, 67, 68, 69, 70, 71, 72, 73, 74, 75, 76, 77, 78, 79, 80, 81, 82, 83, 84, 85, 86, 87, 88, 89, 90, 91, 92, 93, 94, 95, 96, 97, 98, 99, 100, 101, 102, 103, 104, 105, 106, 107, 108, 109, 110, 111, 112, 113, 114, 115, 116, 117, 118, 119, 120, 121, 122, 123, 124, 125, 126, 127, 128, 129, 130, 131, 132, 133, 134, 135, 136, 137, 138, 139, 140, 141, 142, 143, 144, 145, 146, 147, 148, 149, 150, 151, 152, 153, 154, 155, 156, 157, 158, 159, 160, 161, 162, 163, 164, 165, 166, 167, 168, 169, 170, 171, 172, 173, 174, 175, 176, 177, 178, 179, 180, 181, 182, 183, 184, 185, 186, 187, 188, 189, 190, 191, 192, 193, 194, 195, 196, 197, 198, 199, 200, 201, 202, 203, 204, 205, 206, 207, 208, 209, 210, 211, 212, 213, 214, 215, 216, 217, 218, 219, 220, 221, 222, 223, 224, 225, 226, 227, 228, 229, 230, 231, 232, 233, 234, 235, 236, 237, 238, 239, 240, 241, 242, 243, 244, 245, 246, 247, 248, 249, 250, 251, 252, 253, 254, 255, 256, 257, 258, 259, 260, 261, 262, 263, 264, 265, 266, 267, 268, 269, 270, 271, 272, 273, 274, 275, 276, 277, 278, 279, 280, 281, 282, 283, 284, 285, 286, 287, 288, 289, 290, 291, 292, 293, 294, 295, 296, 297, 298, 299, 300, 301, 302, 303, 304, 305, 306, 307, 308, 309, 310, 311, 312, 313, 314, 315, 316, 317, 318, 319, 320, 321, 322, 323, 324, 325, 326, 327, 328, 329, 330, 331, 332, 333, 334, 335, 336, 337, 338, 339, 340, 341]
origin = [0, 0, 0, 0, 0, 0, 0, 0, 0, 0, 0, 0, 0, 0, 0, 0, 0, 0, 0, 0, 0, 0, 0, 0, 0, 0, 0, 0, 0, 0, 0, 0, 0, 0, 0, 0, 1, 1, 1, 1, 1, 1, 1, 1, 1, 1, 1, 1, 1, 1, 1, 1, 1, 1, 1, 1, 1, 1, 1, 1, 1, 1, 1, 1, 1, 1, 1, 1, 1, 1, 1, 1, 2, 2, 2, 2, 2, 2, 2, 2, 2, 2, 2, 2, 2, 2, 2, 2, 2, 2, 2, 2, 2, 2, 2, 2, 2, 2, 2, 2, 2, 2, 2, 2, 2, 2, 2, 2, 3, 3, 3, 3, 3, 3, 3, 3, 3, 3, 3, 3, 3, 3, 3, 3, 3, 3, 3, 3, 3, 3, 3, 3, 3, 3, 3, 3, 3, 3, 3, 3, 3, 3, 3, 3, 4, 4, 4, 4, 4, 4, 4, 4, 4, 4, 4, 4, 4, 4, 4, 4, 4, 4, 4, 4, 4, 4, 4, 4, 4, 4, 4, 4, 4, 4, 4, 4, 4, 4, 4, 4, 5, 5, 5, 5, 5, 5, 5, 5, 5, 5, 5, 5, 5, 5, 5, 5, 5, 5, 5, 5, 5, 5, 5, 5, 5, 5, 5, 5, 5, 5, 5, 5, 5, 5, 5, 5, 3, 3, 3, 3, 3, 3, 3, 3, 3, 3, 3, 3, 4, 4, 4, 4, 4, 4, 4, 4, 4, 4, 4, 4, 5, 5, 5, 5, 5, 5, 5, 5, 5, 5, 5, 5, 0, 0, 0, 0, 0, 0, 0, 0, 0, 0, 0, 0, 0, 0, 0, 0, 0, 0, 2, 2, 2, 2, 2, 2, 2, 2, 2, 2, 2, 2, 2, 2, 2, 2, 2, 2, 3, 3, 3, 3, 3, 3, 3, 3, 3, 3, 3, 3, 3, 3, 3, 3, 3, 3, 4, 4, 4, 4, 4, 4, 4, 4, 4, 4, 4, 4, 4, 4, 4, 4, 4, 4, 5, 5, 5, 5, 5, 5, 5, 5, 5, 5, 5, 5, 5, 5, 5, 5, 5, 5]
destination = [1, 1, 1, 1, 2, 2, 2, 2, 3, 3, 3, 3, 4, 4, 4, 4, 5, 5, 5, 5, 6, 6, 6, 6, 7, 7, 7, 7, 8, 8, 8, 8, 9, 9, 9, 9, 0, 0, 0, 0, 2, 2, 2, 2, 3, 3, 3, 3, 4, 4, 4, 4, 5, 5, 5, 5, 6, 6, 6, 6, 7, 7, 7, 7, 8, 8, 8, 8, 9, 9, 9, 9, 0, 0, 0, 0, 1, 1, 1, 1, 3, 3, 3, 3, 4, 4, 4, 4, 5, 5, 5, 5, 6, 6, 6, 6, 7, 7, 7, 7, 8, 8, 8, 8, 9, 9, 9, 9, 0, 0, 0, 0, 1, 1, 1, 1, 2, 2, 2, 2, 4, 4, 4, 4, 5, 5, 5, 5, 6, 6, 6, 6, 7, 7, 7, 7, 8, 8, 8, 8, 9, 9, 9, 9, 0, 0, 0, 0, 1, 1, 1, 1, 2, 2, 2, 2, 3, 3, 3, 3, 5, 5, 5, 5, 6, 6, 6, 6, 7, 7, 7, 7, 8, 8, 8, 8, 9, 9, 9, 9, 0, 0, 0, 0, 1, 1, 1, 1, 2, 2, 2, 2, 3, 3, 3, 3, 4, 4, 4, 4, 6, 6, 6, 6, 7, 7, 7, 7, 8, 8, 8, 8, 9, 9, 9, 9, 4, 4, 4, 5, 5, 5, 6, 6, 6, 7, 7, 7, 3, 3, 3, 5, 5, 5, 6, 6, 6, 7, 7, 7, 3, 3, 3, 4, 4, 4, 6, 6, 6, 7, 7, 7, 2, 2, 2, 3, 3, 3, 4, 4, 4, 5, 5, 5, 7, 7, 7, 8, 8, 8, 0, 0, 0, 3, 3, 3, 4, 4, 4, 5, 5, 5, 7, 7, 7, 8, 8, 8, 0, 0, 0, 2, 2, 2, 4, 4, 4, 5, 5, 5, 7, 7, 7, 8, 8, 8, 0, 0, 0, 2, 2, 2, 3, 3, 3, 5, 5, 5, 7, 7, 7, 8, 8, 8, 0, 0, 0, 2, 2, 2, 3, 3, 3, 4, 4, 4, 7, 7, 7, 8, 8, 8]
departure = [8, 56, 104, 152, 8, 56, 104, 152, 8, 56, 104, 152, 8, 56, 104, 152, 8, 56, 104, 152, 8, 56, 104, 152, 8, 56, 104, 152, 8, 56, 104, 152, 8, 56, 104, 152, 8, 56, 104, 152, 8, 56, 104, 152, 8, 56, 104, 152, 8, 56, 104, 152, 8, 56, 104, 152, 8, 56, 104, 152, 8, 56, 104, 152, 8, 56, 104, 152, 8, 56, 104, 152, 8, 56, 104, 152, 8, 56, 104, 152, 8, 56, 104, 152, 8, 56, 104, 152, 8, 56, 104, 152, 8, 56, 104, 152, 8, 56, 104, 152, 8, 56, 104, 152, 8, 56, 104, 152, 8, 56, 104, 152, 8, 56, 104, 152, 8, 56, 104, 152, 8, 56, 104, 152, 8, 56, 104, 152, 8, 56, 104, 152, 8, 56, 104, 152, 8, 56, 104, 152, 8, 56, 104, 152, 12, 60, 108, 156, 12, 60, 108, 156, 12, 60, 108, 156, 12, 60, 108, 156, 12, 60, 108, 156, 12, 60, 108, 156, 12, 60, 108, 156, 12, 60, 108, 156, 12, 60, 108, 156, 12, 60, 108, 156, 12, 60, 108, 156, 12, 60, 108, 156, 12, 60, 108, 156, 12, 60, 108, 156, 12, 60, 108, 156, 12, 60, 108, 156, 12, 60, 108, 156, 12, 60, 108, 156, 33, 81, 129, 33, 81, 129, 33, 81, 129, 33, 81, 129, 37, 85, 133, 37, 85, 133, 37, 85, 133, 37, 85, 133, 37, 85, 133, 37, 85, 133, 37, 85, 133, 37, 85, 133, 10, 58, 106, 10, 58, 106, 10, 58, 106, 10, 58, 106, 10, 58, 106, 10, 58, 106, 10, 58, 106, 10, 58, 106, 10, 58, 106, 10, 58, 106, 10, 58, 106, 10, 58, 106, 10, 58, 106, 10, 58, 106, 10, 58, 106, 10, 58, 106, 10, 58, 106, 10, 58, 106, 13, 61, 109, 13, 61, 109, 13, 61, 109, 13, 61, 109, 13, 61, 109, 13, 61, 109, 13, 61, 109, 13, 61, 109, 13, 61, 109, 13, 61, 109, 13, 61, 109, 13, 61, 109]
arrival = [76, 124, 172, 244, 28, 76, 124, 172, 52, 100, 196, 172, 108, 156, 204, 204, 60, 132, 156, 204, 160, 136, 232, 304, 136, 208, 232, 280, 160, 160, 256, 280, 112, 184, 232, 232, 28, 76, 124, 244, 28, 148, 196, 196, 76, 124, 196, 244, 60, 156, 156, 252, 84, 156, 204, 204, 112, 208, 208, 280, 112, 208, 184, 304, 136, 208, 208, 280, 88, 184, 256, 304, 52, 148, 148, 244, 52, 124, 196, 244, 100, 124, 148, 244, 60, 108, 204, 204, 84, 156, 156, 252, 112, 184, 256, 304, 160, 160, 208, 256, 160, 136, 208, 280, 136, 160, 232, 280, 100, 124, 196, 220, 100, 148, 148, 244, 52, 100, 196, 244, 60, 156, 180, 204, 60, 132, 156, 252, 136, 184, 208, 232, 88, 136, 208, 304, 112, 208, 232, 232, 112, 136, 184, 256, 80, 104, 128, 176, 56, 128, 152, 200, 32, 128, 152, 176, 80, 104, 128, 224, 112, 136, 160, 208, 140, 164, 260, 260, 92, 212, 260, 236, 116, 164, 236, 308, 164, 212, 188, 308, 104, 80, 152, 224, 32, 104, 128, 200, 104, 152, 128, 248, 104, 128, 176, 176, 64, 160, 160, 208, 116, 212, 188, 284, 140, 164, 212, 260, 116, 212, 212, 308, 116, 164, 212, 308, 86, 134, 206, 110, 134, 206, 186, 162, 258, 186, 162, 258, 82, 178, 154, 138, 186, 186, 142, 238, 262, 142, 166, 238, 106, 130, 154, 90, 162, 234, 166, 190, 214, 142, 214, 238, 80, 152, 152, 104, 104, 128, 64, 160, 184, 88, 160, 208, 92, 212, 260, 140, 140, 236, 56, 80, 176, 32, 128, 176, 88, 160, 208, 64, 112, 184, 140, 188, 212, 116, 140, 188, 56, 152, 128, 80, 152, 152, 88, 160, 184, 112, 136, 208, 116, 212, 188, 164, 188, 236, 58, 130, 178, 106, 106, 130, 82, 82, 130, 90, 162, 210, 142, 214, 238, 142, 214, 262, 82, 106, 202, 34, 106, 202, 34, 82, 202, 114, 114, 210, 94, 166, 238, 142, 142, 190]
Q = [4, 2, 2, 2, 2, 2, 2, 4, 2, 2, 4, 4, 4, 2, 4, 2, 4, 2, 2, 4, 2, 2, 4, 4, 4, 2, 4, 4, 2, 4, 4, 2, 2, 4, 4, 4, 2, 4, 2, 2, 2, 4, 2, 2, 4, 4, 2, 2, 2, 4, 4, 2, 4, 2, 4, 2, 4, 2, 2, 2, 2, 2, 4, 4, 2, 2, 4, 4, 2, 2, 4, 2, 4, 4, 4, 4, 4, 4, 4, 2, 4, 2, 4, 2, 4, 4, 2, 4, 2, 2, 4, 4, 4, 2, 2, 4, 2, 2, 4, 2, 2, 4, 4, 4, 2, 2, 2, 4, 4, 2, 4, 4, 2, 4, 4, 2, 4, 2, 2, 4, 2, 4, 2, 4, 4, 4, 2, 2, 4, 4, 4, 4, 4, 2, 4, 2, 2, 4, 2, 2, 4, 2, 2, 4, 4, 2, 4, 2, 2, 2, 2, 2, 2, 2, 2, 2, 4, 2, 4, 2, 4, 2, 2, 2, 2, 2, 4, 4, 4, 4, 2, 2, 4, 2, 2, 2, 2, 4, 4, 2, 4, 4, 2, 4, 2, 4, 4, 4, 2, 4, 4, 2, 2, 2, 4, 4, 2, 2, 4, 2, 2, 4, 2, 2, 4, 2, 4, 2, 4, 4, 4, 2, 2, 4, 2, 4, 6, 3, 6, 6, 3, 3, 3, 3, 3, 3, 3, 6, 6, 3, 3, 3, 6, 3, 6, 3, 3, 3, 3, 3, 3, 3, 6, 6, 6, 3, 3, 6, 3, 6, 6, 6, 10, 10, 5, 10, 10, 5, 5, 10, 10, 10, 5, 5, 5, 10, 5, 5, 5, 5, 5, 10, 5, 5, 5, 5, 10, 10, 5, 10, 5, 10, 10, 5, 5, 10, 10, 5, 10, 10, 10, 5, 5, 10, 10, 5, 5, 5, 5, 5, 10, 10, 5, 5, 5, 5, 5, 5, 5, 5, 10, 10, 10, 10, 5, 5, 10, 5, 5, 10, 5, 10, 10, 5, 5, 10, 10, 10, 5, 5, 10, 5, 10, 5, 10, 5, 10, 5, 5, 10, 5, 10]
cfixed = [263, 223, 268, 220, 298, 264, 218, 202, 300, 263, 263, 257, 210, 278, 262, 288, 290, 244, 204, 239, 237, 227, 242, 258, 298, 279, 262, 298, 283, 241, 281, 291, 300, 244, 270, 271, 219, 205, 236, 222, 262, 282, 298, 204, 263, 281, 214, 244, 266, 221, 257, 290, 293, 264, 284, 220, 251, 289, 293, 255, 223, 200, 205, 282, 238, 238, 285, 291, 209, 286, 288, 266, 277, 249, 204, 223, 255, 240, 227, 229, 240, 251, 273, 266, 234, 225, 273, 217, 239, 267, 279, 232, 249, 247, 296, 201, 243, 236, 250, 205, 267, 253, 288, 265, 240, 238, 224, 294, 224, 288, 264, 209, 236, 298, 236, 281, 224, 227, 269, 224, 279, 208, 204, 243, 252, 206, 279, 219, 279, 290, 267, 298, 222, 236, 247, 218, 267, 243, 214, 217, 279, 201, 257, 232, 242, 237, 209, 228, 286, 283, 269, 273, 287, 270, 211, 280, 265, 271, 258, 293, 287, 226, 204, 236, 213, 249, 224, 260, 249, 224, 275, 213, 260, 300, 213, 283, 229, 225, 234, 206, 200, 272, 257, 282, 276, 289, 213, 248, 282, 222, 209, 297, 281, 290, 208, 260, 294, 290, 284, 206, 258, 223, 272, 294, 254, 295, 207, 273, 237, 212, 230, 240, 227, 248, 231, 290, 396, 386, 492, 494, 343, 314, 316, 341, 462, 374, 469, 332, 491, 401, 487, 374, 459, 371, 301, 315, 446, 352, 470, 436, 334, 370, 300, 471, 382, 356, 495, 497, 480, 310, 443, 335, 676, 633, 685, 698, 573, 633, 695, 525, 589, 657, 608, 666, 585, 548, 556, 520, 532, 518, 657, 640, 695, 644, 593, 675, 590, 545, 525, 690, 656, 517, 652, 567, 514, 655, 562, 516, 624, 552, 525, 697, 584, 686, 646, 672, 545, 570, 551, 519, 518, 556, 504, 603, 598, 504, 625, 678, 655, 696, 549, 585, 635, 579, 550, 700, 619, 692, 619, 655, 588, 570, 639, 676, 647, 503, 694, 633, 533, 617, 611, 529, 612, 553, 625, 681, 666, 537, 606, 610, 643, 681]
ctravel = [68, 68, 68, 92, 20, 20, 20, 20, 44, 44, 92, 20, 100, 100, 100, 52, 52, 76, 52, 52, 152, 80, 128, 152, 128, 152, 128, 128, 152, 104, 152, 128, 104, 128, 128, 80, 20, 20, 20, 92, 20, 92, 92, 44, 68, 68, 92, 92, 52, 100, 52, 100, 76, 100, 100, 52, 104, 152, 104, 128, 104, 152, 80, 152, 128, 152, 104, 128, 80, 128, 152, 152, 44, 92, 44, 92, 44, 68, 92, 92, 92, 68, 44, 92, 52, 52, 100, 52, 76, 100, 52, 100, 104, 128, 152, 152, 152, 104, 104, 104, 152, 80, 104, 128, 128, 104, 128, 128, 92, 68, 92, 68, 92, 92, 44, 92, 44, 44, 92, 92, 52, 100, 76, 52, 52, 76, 52, 100, 128, 128, 104, 80, 80, 80, 104, 152, 104, 152, 128, 80, 104, 80, 80, 104, 68, 44, 20, 20, 44, 68, 44, 44, 20, 68, 44, 20, 68, 44, 20, 68, 100, 76, 52, 52, 128, 104, 152, 104, 80, 152, 152, 80, 104, 104, 128, 152, 152, 152, 80, 152, 92, 20, 44, 68, 20, 44, 20, 44, 92, 92, 20, 92, 92, 68, 68, 20, 52, 100, 52, 52, 104, 152, 80, 128, 128, 104, 104, 104, 104, 152, 104, 152, 104, 104, 104, 152, 42.400000000000006, 42.400000000000006, 61.6, 61.6, 42.400000000000006, 61.6, 122.4, 64.8, 103.2, 122.4, 64.8, 103.2, 36.0, 74.4, 16.8, 80.80000000000001, 80.80000000000001, 42.400000000000006, 84.0, 122.4, 103.2, 84.0, 64.8, 84.0, 55.2, 36.0, 16.8, 42.400000000000006, 61.6, 80.80000000000001, 103.2, 84.0, 64.8, 84.0, 103.2, 84.0, 42.0, 56.4, 27.599999999999998, 56.4, 27.599999999999998, 13.2, 32.4, 61.199999999999996, 46.8, 46.8, 61.199999999999996, 61.199999999999996, 49.199999999999996, 92.39999999999999, 92.39999999999999, 78.0, 49.199999999999996, 78.0, 27.599999999999998, 13.2, 42.0, 13.2, 42.0, 42.0, 46.8, 61.199999999999996, 61.199999999999996, 32.4, 32.4, 46.8, 78.0, 78.0, 63.599999999999994, 63.599999999999994, 49.199999999999996, 49.199999999999996, 27.599999999999998, 56.4, 13.2, 42.0, 56.4, 27.599999999999998, 46.8, 61.199999999999996, 46.8, 61.199999999999996, 46.8, 61.199999999999996, 63.599999999999994, 92.39999999999999, 49.199999999999996, 92.39999999999999, 78.0, 78.0, 27.0, 41.4, 41.4, 55.8, 27.0, 12.6, 41.4, 12.6, 12.6, 46.199999999999996, 60.599999999999994, 60.599999999999994, 77.39999999999999, 91.8, 77.39999999999999, 77.39999999999999, 91.8, 91.8, 41.4, 27.0, 55.8, 12.6, 27.0, 55.8, 12.6, 12.6, 55.8, 60.599999999999994, 31.799999999999997, 60.599999999999994, 48.6, 63.0, 77.39999999999999, 77.39999999999999, 48.6, 48.6]
mode = [0, 0, 0, 0, 0, 0, 0, 0, 0, 0, 0, 0, 0, 0, 0, 0, 0, 0, 0, 0, 0, 0, 0, 0, 0, 0, 0, 0, 0, 0, 0, 0, 0, 0, 0, 0, 0, 0, 0, 0, 0, 0, 0, 0, 0, 0, 0, 0, 0, 0, 0, 0, 0, 0, 0, 0, 0, 0, 0, 0, 0, 0, 0, 0, 0, 0, 0, 0, 0, 0, 0, 0, 0, 0, 0, 0, 0, 0, 0, 0, 0, 0, 0, 0, 0, 0, 0, 0, 0, 0, 0, 0, 0, 0, 0, 0, 0, 0, 0, 0, 0, 0, 0, 0, 0, 0, 0, 0, 0, 0, 0, 0, 0, 0, 0, 0, 0, 0, 0, 0, 0, 0, 0, 0, 0, 0, 0, 0, 0, 0, 0, 0, 0, 0, 0, 0, 0, 0, 0, 0, 0, 0, 0, 0, 0, 0, 0, 0, 0, 0, 0, 0, 0, 0, 0, 0, 0, 0, 0, 0, 0, 0, 0, 0, 0, 0, 0, 0, 0, 0, 0, 0, 0, 0, 0, 0, 0, 0, 0, 0, 0, 0, 0, 0, 0, 0, 0, 0, 0, 0, 0, 0, 0, 0, 0, 0, 0, 0, 0, 0, 0, 0, 0, 0, 0, 0, 0, 0, 0, 0, 0, 0, 0, 0, 0, 0, 1, 1, 1, 1, 1, 1, 1, 1, 1, 1, 1, 1, 1, 1, 1, 1, 1, 1, 1, 1, 1, 1, 1, 1, 1, 1, 1, 1, 1, 1, 1, 1, 1, 1, 1, 1, 2, 2, 2, 2, 2, 2, 2, 2, 2, 2, 2, 2, 2, 2, 2, 2, 2, 2, 2, 2, 2, 2, 2, 2, 2, 2, 2, 2, 2, 2, 2, 2, 2, 2, 2, 2, 2, 2, 2, 2, 2, 2, 2, 2, 2, 2, 2, 2, 2, 2, 2, 2, 2, 2, 2, 2, 2, 2, 2, 2, 2, 2, 2, 2, 2, 2, 2, 2, 2, 2, 2, 2, 2, 2, 2, 2, 2, 2, 2, 2, 2, 2, 2, 2, 2, 2, 2, 2, 2, 2]
delivery_process = ['Cross-Docking', 'Direct-Shipment', 'Direct-Shipment', 'Cross-Docking']
distance_ln = [[7.3, 8.95, 1.86, 14.6, 9.78, 2.75, 5.5, 1.73, 15.43, 10.06, 11.96, 4.16, 11.1, 16.25, 3.27, 14.82, 10.86, 1.4, 13.51, 4.68, 2.54, 1.74, 7.96, 3.29, 2.49, 2.59, 4.69, 8.57, 8.06, 0.48, 15.96, 2.37, 1.35, 7.39, 5.85, 1.86, 4.54, 4.94, 3.0, 5.94, 6.14, 9.74, 5.28, 12.35, 1.94, 1.76, 1.86, 2.77, 9.88, 0.33, 6.75, 10.44, 9.31, 8.82, 6.68, 6.49, 10.94, 3.28, 1.74, 7.03, 3.43, 15.01, 1.46, 6.96, 9.82, 10.34, 1.96, 5.89, 2.61, 9.04, 4.16, 7.67, 10.39, 14.11, 5.09], [4.6, 11.55, 0.18, 5.84, 1.06, 7.58, 6.1, 8.04, 2.74, 4.82, 4.05, 5.39, 1.64, 2.35, 10.56, 3.37, 4.47, 4.51, 1.19, 5.62, 10.36, 5.51, 7.62, 1.01, 4.25, 3.04, 4.04, 2.19, 5.12, 5.37, 1.87, 6.11, 6.98, 3.56, 1.57, 7.24, 12.14, 18.54, 1.21, 5.06, 3.9, 6.05, 4.88, 7.93, 3.76, 6.17, 2.67, 3.44, 2.17, 10.17, 3.62, 3.62, 3.04, 3.01, 3.91, 3.02, 3.93, 7.71, 8.17, 2.21, 2.77, 7.37, 1.94, 4.4, 0.11, 3.32, 4.11, 7.33, 2.72, 2.23, 3.84, 3.03, 0.78, 4.75, 6.35], [1.4, 13.19, 3.07, 5.74, 2.21, 5.56, 12.9, 8.6, 0.85, 10.87, 0.69, 9.95, 1.38, 3.93, 2.4, 4.04, 6.98, 9.36, 9.57, 4.19, 12.14, 10.22, 12.32, 6.09, 10.59, 1.02, 2.42, 10.48, 2.44, 4.21, 9.03, 12.9, 6.82, 11.18, 4.37, 11.95, 12.88, 2.92, 2.44, 5.46, 1.8, 5.16, 9.77, 11.86, 4.47, 3.96, 13.55, 4.87, 5.24, 14.71, 9.8, 11.2, 0.68, 1.29, 2.75, 6.38, 0.0, 10.59, 15.83, 5.95, 10.33, 9.57, 15.66, 3.3, 2.8, 6.04, 2.55, 1.31, 3.48, 16.27, 8.04, 8.93, 2.6, 5.03, 7.52], [6.19, 8.46, 9.12, 1.18, 7.52, 11.37, 9.05, 14.74, 1.51, 3.56, 5.05, 8.2, 6.66, 2.88, 2.21, 2.2, 0.96, 5.0, 1.83, 5.92, 10.3, 2.36, 8.06, 6.63, 1.97, 14.58, 2.73, 13.13, 5.13, 8.42, 2.03, 3.17, 6.86, 1.2, 3.0, 0.67, 6.94, 15.33, 2.51, 3.14, 11.31, 1.82, 3.39, 0.98, 2.14, 2.74, 11.54, 2.16, 3.6, 9.08, 3.49, 4.87, 7.83, 4.0, 13.4, 3.39, 11.43, 7.11, 9.74, 2.91, 2.68, 4.8, 6.35, 1.77, 3.85, 2.81, 5.06, 1.8, 4.57, 1.4, 5.45, 7.27, 2.24, 2.24, 11.03]]
distance_nn = [[0.0, 11.87, 2.74, 13.42, 1.61, 7.33, 3.17, 5.7, 4.57, 5.89, 5.89, 11.86, 5.39, 4.96, 7.7, 10.36, 8.41, 11.75, 12.63, 5.23, 15.46, 5.92, 15.56, 8.02, 0.89, 2.06, 6.94, 4.36, 4.35, 5.52, 7.29, 5.79, 5.36, 9.89, 4.47, 7.32, 6.16, 4.96, 2.52, 16.24, 3.81, 18.43, 4.75, 12.74, 17.55, 12.03, 9.67, 8.55, 1.78, 11.73, 17.17, 17.41, 2.3, 3.38, 2.33, 1.32, 4.65, 1.48, 3.85, 14.35, 5.92, 3.21, 16.24, 13.74, 7.16, 7.3, 1.26, 9.57, 4.57, 16.15, 7.8, 3.55, 2.74, 4.13, 3.52], [12.54, 0.0, 2.72, 1.46, 13.65, 10.25, 1.99, 3.43, 2.1, 1.42, 17.93, 2.87, 1.44, 10.5, 4.63, 1.96, 4.45, 3.51, 4.67, 3.28, 4.13, 1.35, 1.76, 6.45, 6.15, 11.78, 7.35, 15.97, 2.64, 8.37, 5.24, 3.47, 5.72, 5.68, 3.14, 2.31, 1.81, 7.25, 2.21, 0.41, 2.3, 6.46, 9.95, 1.42, 6.9, 3.59, 12.29, 2.12, 12.09, 7.66, 3.77, 1.27, 13.66, 10.42, 6.07, 7.91, 13.15, 16.32, 11.26, 9.19, 5.54, 2.19, 0.36, 2.26, 3.86, 4.42, 11.62, 2.87, 2.77, 1.02, 7.5, 12.14, 12.45, 1.58, 12.8], [4.7, 4.61, 0.0, 4.6, 4.58, 6.61, 9.85, 7.42, 2.23, 4.84, 3.3, 13.31, 2.28, 0.94, 3.76, 3.4, 4.86, 5.87, 4.69, 3.12, 7.0, 8.41, 6.7, 1.69, 8.23, 1.36, 2.42, 3.83, 4.25, 9.15, 8.4, 3.28, 2.63, 4.3, 1.7, 8.48, 6.14, 19.55, 1.77, 12.16, 0.9, 1.79, 2.46, 2.67, 10.95, 4.29, 8.12, 2.29, 6.65, 11.74, 6.63, 7.91, 1.51, 1.45, 3.11, 0.96, 0.69, 9.01, 8.75, 13.77, 2.25, 7.68, 8.98, 11.08, 1.41, 5.05, 2.74, 1.12, 0.93, 8.45, 11.62, 10.32, 4.59, 1.89, 11.67], [7.5, 3.84, 8.66, 0.0, 12.28, 6.56, 7.72, 5.49, 12.43, 2.89, 13.88, 2.5, 3.39, 11.76, 4.22, 5.66, 2.18, 1.5, 0.93, 8.96, 11.69, 4.09, 8.91, 3.5, 10.51, 11.05, 7.37, 11.57, 9.87, 4.43, 0.91, 1.28, 9.73, 4.68, 3.27, 2.41, 3.41, 10.26, 8.74, 2.52, 16.32, 0.79, 17.93, 0.58, 0.66, 7.41, 3.78, 0.73, 3.55, 4.91, 2.89, 4.95, 5.57, 6.87, 7.94, 12.19, 12.06, 6.09, 17.34, 1.09, 11.71, 0.84, 2.73, 8.4, 5.1, 0.88, 14.69, 7.35, 4.17, 7.38, 4.05, 8.6, 9.28, 9.52, 20.07], [0.79, 12.07, 3.27, 2.73, 0.0, 13.16, 12.82, 11.54, 5.38, 6.43, 3.09, 6.69, 1.7, 7.96, 6.73, 4.55, 2.37, 0.97, 1.72, 5.36, 10.27, 8.66, 8.45, 7.09, 1.63, 2.72, 2.86, 1.45, 6.97, 4.14, 7.49, 1.53, 7.26, 1.29, 8.22, 4.34, 3.66, 16.88, 7.99, 5.61, 1.36, 13.08, 2.28, 8.03, 16.05, 4.42, 3.17, 3.14, 2.42, 8.27, 5.23, 8.86, 2.12, 9.34, 1.75, 2.34, 5.71, 4.52, 7.15, 2.84, 1.72, 5.92, 4.31, 6.24, 2.82, 3.27, 0.38, 2.83, 2.55, 15.53, 12.96, 2.18, 8.27, 4.57, 3.33], [2.08, 8.8, 12.02, 18.62, 8.62, 0.0, 8.17, 0.75, 15.23, 6.97, 5.79, 4.9, 12.73, 2.66, 3.09, 19.98, 2.94, 1.83, 2.18, 1.84, 1.96, 9.35, 0.93, 2.54, 4.38, 5.45, 11.8, 6.37, 5.47, 5.77, 8.27, 2.3, 1.12, 7.84, 16.14, 4.6, 4.1, 4.65, 2.41, 8.04, 2.74, 13.76, 6.39, 15.77, 11.37, 8.95, 4.91, 9.34, 3.13, 0.9, 10.43, 5.5, 18.46, 8.43, 4.77, 7.68, 10.76, 2.24, 4.83, 9.9, 7.76, 4.17, 4.32, 1.63, 8.74, 5.23, 2.88, 10.53, 4.68, 10.17, 1.62, 2.62, 8.64, 19.14, 6.92], [9.63, 4.35, 14.19, 1.74, 6.8, 7.13, 0.0, 2.77, 10.2, 2.06, 4.58, 1.22, 4.57, 10.15, 3.3, 5.24, 10.11, 4.51, 5.29, 4.01, 3.91, 3.86, 0.36, 3.47, 10.24, 9.54, 3.87, 3.63, 8.66, 6.9, 14.01, 1.38, 1.06, 5.3, 7.94, 6.28, 6.17, 2.91, 13.12, 1.43, 16.97, 1.34, 3.36, 9.46, 5.39, 3.58, 6.86, 5.02, 8.86, 6.24, 2.71, 1.53, 9.8, 10.29, 13.94, 14.66, 11.94, 15.08, 2.32, 13.8, 5.78, 1.55, 0.86, 1.18, 13.62, 9.83, 14.48, 8.48, 13.38, 1.41, 5.17, 19.07, 14.62, 2.64, 6.56], [15.34, 8.73, 14.8, 7.65, 2.95, 0.76, 5.75, 0.0, 11.88, 9.26, 3.85, 1.0, 3.07, 12.07, 2.7, 22.75, 9.33, 9.04, 2.59, 8.18, 2.83, 3.98, 4.48, 4.77, 3.23, 4.79, 13.06, 8.96, 6.52, 3.59, 13.98, 3.68, 4.02, 11.78, 10.15, 15.89, 10.31, 3.6, 6.73, 6.73, 11.22, 15.33, 5.66, 12.56, 13.7, 3.87, 4.19, 8.12, 2.0, 0.8, 5.04, 13.5, 8.17, 19.59, 11.51, 10.49, 10.16, 10.05, 6.17, 16.92, 5.97, 12.49, 6.1, 2.08, 5.16, 4.88, 9.22, 11.55, 6.48, 8.87, 0.13, 7.97, 21.59, 10.84, 10.38], [5.27, 4.49, 1.44, 2.26, 0.96, 3.89, 20.68, 13.47, 0.0, 10.74, 1.01, 8.65, 6.01, 1.81, 13.5, 1.49, 7.84, 6.89, 4.15, 8.64, 6.14, 9.17, 14.08, 5.52, 1.42, 2.0, 2.26, 10.55, 7.39, 1.75, 7.39, 14.33, 4.18, 2.18, 8.79, 11.54, 11.59, 3.23, 3.18, 18.62, 0.47, 9.47, 4.68, 8.09, 2.44, 4.24, 13.04, 9.39, 7.63, 15.15, 5.63, 13.23, 1.36, 4.11, 7.04, 4.19, 0.11, 3.2, 15.95, 4.9, 3.9, 3.12, 13.21, 9.56, 4.01, 3.2, 2.4, 2.86, 1.46, 18.83, 2.47, 12.76, 2.16, 0.78, 3.46], [10.37, 0.88, 5.01, 3.28, 9.32, 4.45, 5.05, 7.0, 4.33, 0.0, 4.46, 5.04, 1.23, 2.46, 1.87, 5.33, 1.97, 2.2, 0.43, 1.12, 4.06, 0.21, 2.67, 2.0, 2.92, 7.21, 3.87, 4.92, 3.25, 9.53, 1.98, 0.63, 6.74, 0.6, 5.07, 0.81, 0.42, 3.39, 1.37, 3.97, 3.73, 1.4, 11.39, 4.88, 5.18, 2.73, 7.7, 0.71, 5.1, 6.87, 2.49, 3.56, 8.68, 1.3, 11.98, 11.3, 5.22, 14.27, 9.51, 1.56, 4.86, 2.68, 2.33, 1.55, 1.9, 1.02, 7.49, 0.51, 5.0, 0.79, 6.17, 17.46, 10.25, 2.42, 6.11], [2.87, 12.74, 2.91, 16.63, 5.11, 2.52, 14.23, 9.63, 0.9, 13.67, 0.0, 10.6, 2.79, 4.82, 19.3, 4.11, 5.92, 7.37, 9.88, 9.34, 16.94, 12.87, 2.04, 5.0, 12.4, 0.62, 3.03, 9.89, 5.74, 6.3, 8.19, 2.7, 6.02, 7.97, 9.83, 5.59, 14.32, 16.64, 2.02, 9.99, 3.39, 10.71, 1.63, 7.36, 12.66, 5.73, 10.57, 5.08, 4.99, 4.16, 8.53, 11.48, 0.22, 6.46, 4.5, 4.53, 1.57, 9.51, 7.6, 8.8, 5.37, 1.94, 10.07, 13.35, 1.11, 5.76, 1.39, 9.55, 7.68, 13.17, 14.06, 6.41, 0.78, 1.96, 4.86], [6.54, 4.76, 3.16, 5.12, 9.81, 1.69, 0.57, 4.33, 9.79, 0.95, 2.2, 0.0, 10.07, 9.03, 1.91, 15.32, 1.29, 2.92, 5.84, 5.25, 1.59, 1.88, 3.01, 1.69, 5.21, 18.53, 6.31, 7.78, 1.12, 4.68, 13.38, 8.86, 1.41, 3.62, 8.08, 3.96, 7.91, 1.16, 5.92, 0.84, 14.79, 3.94, 7.84, 5.28, 9.7, 4.04, 1.33, 7.74, 7.15, 2.79, 3.52, 3.27, 7.65, 15.19, 1.29, 8.16, 15.03, 9.29, 1.41, 15.21, 0.78, 5.87, 2.52, 3.13, 7.48, 8.26, 7.89, 1.8, 1.25, 0.87, 1.12, 5.85, 7.96, 5.32, 3.18], [5.73, 8.39, 0.43, 2.56, 4.94, 13.3, 7.18, 8.43, 5.77, 3.05, 2.96, 5.85, 0.0, 2.76, 13.14, 4.55, 1.49, 1.71, 4.97, 2.63, 12.78, 1.88, 6.65, 4.06, 5.53, 7.44, 1.91, 2.73, 3.3, 7.14, 5.31, 4.64, 3.53, 3.84, 1.93, 3.69, 3.09, 9.8, 1.79, 4.99, 6.05, 7.64, 8.17, 4.11, 6.41, 2.05, 13.06, 3.72, 11.03, 10.31, 10.39, 10.03, 5.5, 0.96, 7.32, 6.76, 4.17, 6.24, 6.51, 1.85, 7.97, 3.86, 5.71, 6.52, 1.77, 0.63, 4.6, 0.93, 0.27, 2.84, 8.67, 2.84, 4.48, 3.35, 12.2], [3.39, 4.39, 0.62, 11.18, 2.64, 11.1, 6.55, 4.07, 1.02, 8.57, 2.11, 5.18, 3.02, 0.0, 12.87, 1.52, 4.74, 8.64, 5.04, 4.26, 9.47, 8.54, 10.46, 2.52, 10.33, 3.82, 3.76, 2.09, 2.51, 7.24, 8.39, 5.9, 9.45, 5.53, 3.89, 2.24, 9.97, 12.0, 0.86, 6.67, 1.49, 1.63, 3.42, 4.42, 3.19, 6.66, 3.18, 5.61, 4.42, 4.4, 10.43, 11.23, 0.87, 0.62, 7.77, 3.77, 0.99, 7.83, 10.0, 5.12, 5.73, 3.12, 6.67, 7.55, 1.57, 4.75, 5.71, 1.94, 3.6, 3.17, 7.37, 6.15, 2.39, 1.72, 5.36], [16.9, 4.4, 15.17, 3.51, 10.75, 1.68, 3.32, 2.26, 2.78, 6.19, 21.03, 2.22, 11.99, 15.91, 0.0, 5.55, 10.23, 5.64, 3.74, 4.9, 0.58, 4.69, 2.48, 2.47, 2.81, 21.33, 9.26, 3.4, 2.46, 2.94, 11.12, 5.9, 6.64, 1.27, 11.35, 1.5, 8.43, 3.95, 10.98, 2.68, 4.61, 4.19, 12.16, 14.61, 14.5, 1.38, 7.99, 3.75, 5.74, 4.67, 7.26, 7.17, 16.83, 14.97, 6.04, 11.72, 15.02, 4.22, 5.01, 13.47, 0.93, 10.86, 0.79, 5.07, 11.78, 11.29, 12.13, 7.89, 6.9, 4.73, 1.43, 3.97, 13.79, 14.2, 8.6], [8.49, 5.07, 4.84, 8.19, 4.52, 5.07, 16.38, 15.07, 1.15, 4.17, 0.5, 9.84, 2.12, 1.87, 12.64, 0.0, 7.93, 3.5, 2.33, 2.26, 19.13, 10.92, 13.92, 9.11, 5.86, 3.94, 8.14, 5.08, 11.42, 8.02, 8.4, 9.29, 3.8, 4.73, 1.41, 11.05, 7.74, 14.79, 0.47, 3.15, 1.08, 7.63, 2.48, 11.5, 9.11, 11.34, 11.12, 8.08, 13.22, 13.6, 3.4, 8.67, 1.56, 3.25, 3.53, 5.02, 1.88, 8.68, 3.8, 14.44, 9.53, 12.8, 4.06, 5.91, 6.19, 6.15, 7.95, 10.72, 6.74, 6.37, 12.52, 14.98, 1.31, 1.97, 17.6], [13.69, 2.18, 5.86, 4.2, 10.56, 7.48, 3.95, 13.97, 10.3, 0.74, 4.86, 10.04, 0.68, 1.73, 10.79, 5.23, 0.0, 2.15, 2.38, 4.7, 11.18, 1.71, 10.66, 8.08, 1.54, 11.38, 1.61, 17.43, 0.99, 3.64, 5.3, 1.01, 1.6, 3.72, 1.91, 0.82, 2.22, 7.65, 2.34, 7.72, 7.76, 4.53, 11.04, 0.33, 1.36, 5.4, 10.58, 1.3, 10.78, 15.04, 4.83, 6.39, 8.65, 1.93, 3.43, 1.99, 7.53, 3.87, 3.02, 2.69, 3.13, 3.65, 6.46, 1.16, 2.71, 1.46, 9.12, 3.32, 1.61, 6.11, 11.37, 15.99, 11.7, 3.32, 9.1], [9.64, 2.65, 6.22, 5.15, 8.49, 3.44, 7.94, 6.93, 2.08, 3.95, 10.21, 1.54, 4.25, 6.85, 0.74, 13.34, 5.41, 0.0, 1.6, 1.54, 3.13, 1.51, 0.9, 2.04, 0.81, 10.8, 0.61, 11.07, 1.9, 4.19, 3.38, 5.8, 0.4, 1.07, 6.74, 3.7, 2.9, 9.84, 4.73, 4.54, 8.95, 4.25, 3.65, 4.87, 11.3, 1.0, 2.9, 2.39, 7.47, 6.97, 3.62, 6.27, 2.61, 9.9, 4.15, 10.15, 3.03, 5.15, 6.78, 4.7, 1.75, 3.33, 3.22, 2.45, 6.53, 4.52, 4.08, 2.52, 1.07, 1.47, 1.75, 1.86, 2.59, 4.92, 4.97], [14.5, 6.69, 8.88, 3.26, 7.49, 10.06, 4.56, 15.24, 10.03, 2.88, 3.18, 3.28, 1.2, 8.05, 5.3, 5.37, 1.37, 4.42, 0.0, 8.47, 2.47, 2.05, 2.02, 3.7, 9.73, 5.54, 0.98, 10.27, 0.78, 11.74, 2.67, 1.3, 10.59, 0.91, 2.48, 0.31, 4.57, 9.25, 8.44, 2.06, 11.06, 3.96, 11.52, 1.09, 3.41, 2.66, 12.59, 1.9, 4.19, 8.37, 2.01, 3.49, 10.01, 7.46, 14.43, 11.75, 1.84, 3.54, 4.14, 3.59, 5.75, 1.4, 3.11, 3.65, 8.51, 2.12, 12.77, 3.93, 5.41, 4.44, 6.72, 14.38, 6.73, 4.47, 13.77], [5.68, 1.91, 4.22, 10.78, 4.61, 3.37, 3.66, 5.18, 7.4, 1.32, 7.07, 7.06, 4.41, 5.83, 6.25, 8.89, 4.92, 1.01, 1.44, 0.0, 7.9, 2.39, 3.88, 2.11, 4.67, 3.58, 2.44, 5.21, 1.91, 1.8, 9.59, 6.38, 2.05, 4.11, 7.88, 2.78, 6.31, 5.34, 1.77, 5.34, 4.04, 8.7, 3.07, 1.17, 11.58, 1.12, 7.81, 1.31, 3.83, 5.13, 2.34, 4.14, 2.38, 6.35, 4.32, 5.75, 8.53, 7.97, 6.37, 10.19, 0.97, 4.88, 6.48, 0.63, 3.22, 1.58, 3.45, 4.22, 1.08, 2.12, 2.78, 11.67, 3.46, 9.08, 9.02], [8.01, 6.65, 3.5, 8.33, 11.66, 1.21, 2.81, 1.7, 12.45, 3.3, 11.63, 0.64, 11.71, 11.51, 1.05, 16.87, 7.87, 1.43, 8.44, 1.36, 0.0, 1.09, 2.53, 5.24, 3.6, 7.28, 3.77, 1.91, 3.81, 1.48, 6.15, 2.87, 4.99, 3.86, 15.11, 6.17, 7.84, 3.26, 3.43, 2.81, 14.45, 13.36, 9.61, 11.2, 7.45, 1.02, 2.73, 5.36, 5.67, 2.95, 2.53, 10.83, 4.63, 5.63, 8.86, 1.81, 5.96, 10.99, 5.98, 5.65, 1.29, 3.59, 4.19, 3.29, 6.59, 7.29, 13.34, 7.25, 8.68, 4.84, 1.45, 7.98, 15.46, 6.39, 5.25], [13.19, 0.85, 7.08, 4.23, 3.25, 12.05, 7.8, 6.4, 4.36, 0.42, 12.36, 3.52, 6.7, 7.58, 9.08, 4.89, 4.58, 1.98, 2.27, 2.65, 1.49, 0.0, 2.63, 6.09, 1.76, 9.64, 0.49, 1.71, 2.96, 8.08, 4.92, 3.08, 2.26, 1.0, 5.79, 1.44, 3.43, 3.2, 7.12, 2.01, 4.52, 4.6, 8.22, 1.8, 2.75, 3.1, 13.66, 3.41, 12.35, 8.56, 1.04, 3.38, 1.98, 5.17, 8.62, 4.59, 2.56, 12.31, 12.93, 6.39, 1.15, 4.95, 3.46, 0.25, 4.05, 3.07, 4.45, 0.67, 2.88, 4.43, 9.7, 13.47, 6.89, 8.06, 7.38], [10.86, 1.72, 12.78, 3.34, 7.85, 1.03, 1.15, 0.93, 14.71, 2.95, 12.51, 0.61, 4.57, 6.86, 1.38, 11.55, 9.15, 4.27, 4.87, 1.03, 4.41, 5.5, 0.0, 4.95, 6.36, 14.16, 3.83, 11.17, 2.14, 9.95, 4.44, 0.96, 4.15, 6.51, 8.01, 5.77, 3.8, 1.14, 5.7, 0.49, 11.49, 6.51, 3.13, 9.03, 11.39, 2.93, 13.04, 1.08, 15.75, 3.36, 6.83, 2.27, 11.18, 11.02, 14.0, 10.68, 5.09, 6.4, 2.06, 10.07, 3.23, 7.95, 0.39, 1.89, 2.83, 8.84, 9.8, 6.36, 2.22, 0.48, 5.84, 17.66, 5.85, 2.32, 2.5], [2.68, 6.26, 8.31, 3.6, 1.76, 3.83, 8.99, 0.87, 7.92, 5.89, 8.74, 3.91, 1.06, 4.28, 0.84, 12.55, 4.78, 2.49, 4.17, 2.72, 0.8, 5.23, 4.23, 0.0, 1.48, 6.28, 4.81, 10.85, 1.36, 1.6, 7.12, 2.36, 0.39, 2.49, 7.75, 7.2, 8.51, 7.02, 4.16, 8.04, 3.51, 4.08, 3.24, 2.95, 5.91, 1.61, 1.95, 1.15, 1.74, 1.72, 9.83, 9.97, 13.86, 4.82, 6.35, 3.42, 12.0, 5.41, 1.42, 11.66, 0.68, 3.72, 5.77, 3.29, 1.53, 6.29, 2.72, 3.89, 5.16, 5.15, 2.86, 5.36, 3.61, 8.24, 4.77], [5.4, 10.48, 8.82, 14.73, 2.03, 2.14, 11.97, 3.84, 10.87, 3.81, 2.29, 1.75, 5.04, 7.09, 6.5, 2.31, 8.7, 5.84, 5.46, 0.77, 3.02, 3.41, 9.48, 1.12, 0.0, 2.34, 2.56, 6.14, 3.44, 0.94, 9.63, 13.26, 1.25, 1.87, 8.5, 6.57, 6.91, 1.52, 8.04, 2.59, 1.26, 2.21, 0.94, 15.17, 3.43, 5.49, 2.35, 2.52, 6.96, 1.38, 6.88, 9.11, 5.81, 11.86, 2.22, 2.45, 9.6, 0.62, 2.55, 8.97, 0.26, 6.01, 7.38, 7.01, 8.99, 2.48, 5.68, 7.77, 7.4, 4.64, 0.95, 1.7, 3.11, 12.53, 2.35], [6.34, 14.94, 4.93, 16.06, 6.36, 19.77, 5.4, 19.43, 1.23, 2.0, 0.69, 6.0, 6.67, 1.56, 4.75, 2.67, 8.98, 7.6, 9.48, 11.31, 8.29, 2.18, 12.68, 3.86, 13.39, 0.0, 11.43, 5.63, 11.97, 10.83, 17.03, 5.52, 4.25, 2.9, 6.2, 2.41, 18.19, 22.14, 5.22, 18.51, 2.63, 6.89, 8.08, 11.57, 14.69, 2.68, 1.74, 5.36, 6.16, 5.01, 16.0, 12.73, 1.96, 5.5, 8.56, 6.26, 1.0, 12.34, 4.46, 13.81, 7.26, 11.88, 3.45, 13.97, 1.5, 5.15, 2.56, 7.08, 7.64, 13.57, 6.89, 15.94, 1.16, 7.24, 8.06], [9.03, 4.86, 4.76, 6.73, 1.02, 4.46, 11.27, 2.94, 4.15, 0.61, 4.26, 8.25, 1.83, 5.93, 7.52, 7.79, 1.52, 0.52, 1.26, 0.95, 3.19, 2.92, 0.99, 1.31, 1.5, 3.84, 0.0, 3.79, 0.35, 5.87, 5.89, 6.05, 2.95, 2.79, 0.57, 4.85, 2.72, 6.57, 5.74, 1.78, 2.12, 6.79, 7.41, 2.43, 4.46, 1.26, 9.69, 7.4, 5.34, 1.26, 5.73, 7.15, 8.35, 4.98, 5.66, 1.94, 2.92, 8.78, 6.76, 1.73, 5.17, 3.78, 4.37, 0.72, 1.98, 0.84, 4.38, 0.67, 0.75, 1.17, 1.77, 10.99, 4.73, 7.06, 9.98], [5.2, 17.47, 10.36, 14.46, 6.68, 2.76, 19.52, 5.17, 10.02, 1.85, 6.4, 4.78, 8.2, 10.72, 10.87, 11.79, 14.32, 12.22, 3.98, 7.43, 1.68, 14.28, 13.16, 1.63, 3.77, 3.91, 12.2, 0.0, 1.73, 4.85, 19.3, 16.6, 5.0, 2.6, 16.2, 15.17, 12.53, 14.9, 3.61, 15.84, 7.1, 7.75, 5.09, 13.37, 7.52, 14.69, 4.26, 19.12, 0.38, 6.7, 10.69, 8.09, 3.87, 6.52, 2.99, 1.35, 3.4, 2.3, 4.81, 17.44, 8.13, 22.81, 7.27, 16.87, 6.48, 14.95, 3.19, 12.9, 5.97, 11.45, 14.29, 1.75, 6.55, 3.75, 1.06], [3.36, 6.67, 3.38, 1.42, 2.16, 5.22, 3.93, 1.54, 5.77, 1.78, 11.77, 2.99, 1.48, 4.12, 6.05, 1.24, 1.54, 1.33, 1.34, 0.79, 2.23, 1.46, 2.73, 2.21, 0.87, 5.72, 1.41, 10.55, 0.0, 6.88, 5.26, 1.15, 1.0, 1.9, 6.63, 1.8, 3.25, 5.38, 4.91, 2.67, 8.08, 4.24, 8.19, 7.13, 8.17, 2.82, 3.56, 2.23, 10.97, 2.96, 1.59, 4.51, 9.9, 8.32, 7.38, 10.17, 6.68, 7.34, 5.48, 9.84, 4.65, 6.95, 0.72, 3.95, 2.0, 1.02, 1.59, 2.17, 1.41, 3.58, 9.08, 5.82, 3.95, 4.74, 11.71], [8.02, 4.87, 3.91, 11.13, 3.17, 2.45, 8.38, 7.54, 6.48, 2.18, 4.68, 4.96, 5.66, 12.11, 7.62, 6.71, 13.08, 2.04, 11.54, 5.86, 2.06, 9.69, 9.21, 1.4, 0.57, 6.86, 3.63, 5.74, 7.9, 0.0, 12.07, 11.61, 2.38, 6.24, 12.07, 10.37, 2.69, 11.38, 11.89, 10.07, 8.64, 10.54, 0.89, 4.92, 14.46, 4.27, 1.01, 13.89, 6.29, 2.01, 13.51, 5.43, 11.51, 9.57, 3.71, 6.18, 4.85, 5.06, 1.41, 15.03, 2.87, 4.54, 3.46, 1.06, 8.17, 8.77, 1.67, 3.84, 4.24, 4.64, 2.09, 7.53, 14.8, 14.18, 1.04], [13.38, 2.3, 5.53, 0.38, 16.15, 13.54, 8.12, 4.24, 6.37, 4.3, 4.24, 10.32, 6.83, 1.15, 4.53, 7.23, 4.5, 7.7, 0.93, 8.88, 9.54, 3.55, 10.76, 4.36, 11.8, 11.92, 8.6, 11.73, 4.12, 17.12, 0.0, 4.1, 5.0, 1.62, 5.39, 1.19, 5.18, 2.7, 8.5, 8.45, 12.64, 2.61, 12.57, 1.53, 1.34, 3.3, 5.0, 4.06, 14.75, 15.36, 3.61, 4.65, 5.51, 5.83, 5.31, 16.03, 7.45, 18.38, 11.87, 1.24, 9.5, 0.85, 8.02, 6.11, 2.9, 1.92, 17.47, 2.9, 6.1, 7.22, 13.39, 9.53, 15.08, 9.17, 3.78], [7.01, 3.02, 7.99, 0.73, 2.37, 1.66, 6.65, 15.02, 6.21, 1.34, 11.9, 1.83, 3.81, 6.52, 5.71, 10.55, 1.6, 1.42, 0.69, 4.99, 4.21, 1.63, 8.04, 1.02, 3.13, 13.59, 4.66, 4.62, 1.0, 4.04, 2.36, 0.0, 9.84, 0.77, 3.34, 0.97, 3.45, 8.29, 3.96, 4.17, 3.0, 3.5, 5.68, 1.48, 0.98, 3.1, 9.51, 2.03, 3.72, 3.78, 0.42, 1.03, 6.91, 6.09, 3.97, 5.75, 13.19, 12.21, 17.41, 3.59, 8.24, 0.56, 5.7, 1.81, 9.43, 0.58, 6.83, 1.38, 4.74, 6.56, 8.11, 19.88, 9.61, 4.58, 9.64], [4.87, 1.61, 7.79, 11.32, 4.2, 2.98, 8.85, 4.23, 2.03, 4.07, 3.14, 2.96, 5.25, 8.02, 2.63, 5.71, 8.59, 3.48, 8.37, 2.37, 2.23, 3.12, 5.97, 0.46, 1.47, 1.76, 4.11, 8.72, 2.93, 2.82, 14.25, 7.23, 0.0, 4.92, 4.34, 9.41, 6.39, 1.92, 3.79, 1.03, 7.37, 6.24, 5.77, 11.26, 10.94, 1.92, 5.62, 2.8, 4.63, 1.25, 6.9, 4.27, 3.96, 9.47, 6.12, 6.19, 8.87, 2.42, 5.53, 10.98, 1.09, 6.25, 6.11, 1.58, 3.63, 2.92, 8.54, 1.27, 5.01, 6.42, 2.94, 7.48, 1.61, 11.87, 6.85], [12.63, 0.68, 6.95, 4.48, 6.92, 9.58, 5.98, 3.55, 3.17, 0.57, 7.41, 2.01, 3.94, 6.73, 8.89, 2.07, 3.44, 2.56, 1.65, 4.84, 9.98, 0.43, 6.24, 3.95, 4.32, 9.97, 0.52, 7.45, 1.59, 6.38, 5.84, 3.57, 3.16, 0.0, 1.46, 2.19, 4.07, 10.34, 3.42, 4.34, 4.65, 1.49, 4.35, 1.9, 3.27, 1.65, 11.79, 4.62, 2.87, 9.75, 5.83, 3.54, 3.8, 3.18, 6.15, 12.91, 2.61, 7.28, 7.16, 7.7, 6.79, 0.76, 4.83, 2.7, 2.17, 1.99, 10.2, 0.29, 1.65, 5.91, 10.87, 3.18, 9.07, 9.64, 12.86], [6.61, 3.82, 1.13, 7.47, 10.23, 17.19, 12.53, 3.25, 4.47, 3.18, 1.2, 2.65, 2.48, 2.86, 6.04, 4.83, 1.21, 3.51, 2.13, 0.99, 3.8, 5.04, 2.89, 1.65, 5.26, 9.52, 0.59, 3.12, 1.25, 14.21, 0.85, 2.87, 11.99, 2.3, 0.0, 3.1, 6.93, 17.63, 2.02, 1.59, 5.39, 5.04, 9.07, 4.93, 6.05, 6.86, 7.86, 7.1, 7.5, 4.31, 3.75, 2.95, 3.62, 1.67, 2.66, 5.95, 4.45, 13.73, 4.7, 6.21, 9.45, 3.19, 3.64, 3.68, 1.79, 2.16, 7.96, 3.69, 1.43, 12.31, 4.07, 16.85, 1.11, 3.75, 5.73], [13.96, 6.8, 8.69, 1.81, 4.02, 2.46, 11.0, 6.06, 11.58, 2.91, 7.85, 7.61, 3.94, 4.16, 5.85, 3.57, 1.0, 5.38, 0.37, 5.92, 9.53, 3.81, 3.88, 5.32, 3.79, 9.05, 4.19, 3.49, 1.41, 1.62, 2.43, 1.45, 4.14, 1.12, 4.02, 0.0, 4.24, 9.86, 7.89, 5.66, 1.97, 4.38, 5.84, 1.91, 2.67, 2.44, 10.56, 1.98, 11.51, 13.47, 3.14, 2.74, 2.95, 1.79, 5.25, 2.6, 10.31, 14.19, 17.23, 3.11, 7.17, 3.68, 6.0, 4.83, 1.56, 1.39, 9.34, 2.79, 2.35, 5.53, 2.02, 10.76, 13.32, 2.06, 7.23], [16.12, 1.01, 2.66, 1.53, 7.08, 1.4, 3.71, 3.63, 3.25, 2.7, 9.8, 6.28, 5.5, 8.16, 8.96, 15.18, 2.03, 5.09, 4.52, 5.01, 9.26, 2.03, 4.26, 2.96, 12.77, 6.92, 6.57, 3.23, 4.27, 1.71, 2.99, 3.11, 1.27, 2.78, 2.67, 5.09, 0.0, 5.21, 12.35, 0.57, 14.32, 0.71, 4.42, 6.32, 7.96, 1.66, 12.48, 1.09, 6.99, 7.63, 2.73, 0.5, 5.73, 3.56, 5.53, 2.29, 14.12, 5.45, 13.87, 7.48, 2.89, 0.55, 0.53, 2.37, 9.91, 3.69, 13.57, 4.35, 7.11, 0.4, 7.56, 3.73, 15.2, 9.65, 13.28], [18.14, 2.05, 3.96, 3.92, 12.25, 3.68, 2.94, 2.89, 15.18, 2.29, 5.68, 5.73, 18.41, 19.98, 2.95, 18.63, 12.59, 9.68, 3.09, 9.87, 4.61, 10.71, 4.33, 6.21, 9.36, 8.9, 4.87, 11.3, 8.25, 10.14, 18.47, 7.89, 2.54, 6.63, 16.4, 15.07, 7.68, 0.0, 14.56, 7.74, 16.16, 4.5, 14.77, 14.45, 5.21, 7.27, 3.16, 2.83, 2.4, 3.15, 14.83, 8.71, 12.69, 4.04, 13.72, 6.49, 9.54, 17.24, 3.54, 4.42, 7.57, 13.24, 8.54, 10.23, 3.83, 9.87, 7.84, 12.67, 12.46, 4.36, 4.14, 11.89, 8.37, 21.89, 14.76], [3.55, 3.71, 0.5, 2.03, 2.25, 3.87, 11.95, 16.37, 3.8, 8.83, 2.6, 5.34, 2.07, 0.62, 15.94, 1.76, 1.88, 4.96, 5.84, 5.82, 5.82, 7.96, 9.14, 10.94, 1.38, 4.45, 3.07, 6.34, 2.46, 7.22, 9.73, 4.38, 5.09, 4.05, 1.16, 2.41, 9.59, 10.95, 0.0, 13.62, 3.64, 4.56, 2.73, 6.45, 4.28, 2.81, 3.62, 13.31, 5.38, 10.1, 12.48, 6.87, 1.08, 1.9, 5.41, 8.9, 3.23, 3.3, 9.34, 12.12, 2.82, 10.54, 12.81, 8.36, 2.83, 4.39, 3.57, 5.72, 3.13, 11.93, 7.88, 5.65, 3.55, 1.66, 7.16], [2.56, 1.71, 11.48, 8.15, 14.32, 2.03, 2.76, 4.71, 8.01, 3.51, 17.89, 4.45, 6.17, 7.82, 2.87, 13.44, 3.75, 0.7, 8.12, 8.96, 4.32, 3.35, 0.5, 3.04, 4.43, 11.2, 4.23, 8.39, 2.14, 3.12, 2.05, 1.55, 5.82, 3.54, 8.38, 1.04, 1.8, 2.6, 4.24, 0.0, 12.52, 2.76, 7.56, 3.06, 12.14, 0.88, 6.54, 1.65, 7.49, 4.69, 2.16, 0.99, 4.55, 13.02, 10.22, 8.6, 17.76, 7.78, 2.09, 9.56, 1.5, 2.27, 0.74, 3.21, 7.1, 4.18, 6.37, 5.94, 10.04, 0.27, 0.83, 10.58, 6.07, 15.84, 3.18], [3.86, 12.26, 0.72, 15.97, 3.82, 10.23, 12.44, 15.9, 0.97, 8.08, 2.22, 11.1, 1.41, 4.91, 7.36, 1.06, 3.34, 9.48, 9.88, 5.17, 15.38, 9.56, 9.02, 2.94, 8.54, 1.91, 3.57, 5.66, 7.86, 9.66, 3.49, 6.21, 8.44, 8.17, 7.92, 1.44, 13.52, 11.45, 4.35, 12.69, 0.0, 14.84, 7.77, 11.67, 8.54, 5.63, 9.48, 14.02, 3.08, 10.9, 14.13, 16.94, 3.93, 4.87, 6.14, 0.86, 1.31, 6.05, 5.16, 9.28, 8.34, 2.45, 12.12, 10.11, 2.2, 4.03, 2.64, 10.03, 4.41, 14.54, 12.92, 7.55, 1.6, 2.71, 7.27], [16.67, 5.45, 7.36, 1.1, 6.69, 6.63, 1.29, 17.32, 5.92, 1.98, 9.13, 2.39, 9.63, 11.85, 6.05, 13.5, 5.73, 3.35, 2.97, 6.12, 2.71, 3.41, 8.23, 1.86, 13.4, 2.2, 1.93, 13.48, 6.59, 13.49, 1.64, 3.29, 5.69, 4.38, 7.92, 3.61, 4.15, 11.83, 4.54, 2.2, 9.04, 0.0, 6.28, 0.65, 2.18, 8.3, 14.36, 0.84, 17.33, 2.09, 1.52, 3.13, 5.56, 7.8, 5.52, 17.39, 8.17, 20.48, 6.54, 0.35, 10.15, 0.73, 6.02, 7.2, 3.79, 7.74, 7.27, 3.88, 6.8, 3.99, 8.24, 7.92, 4.71, 2.87, 14.02], [2.38, 7.05, 5.32, 14.97, 3.15, 3.41, 14.96, 5.97, 9.07, 3.73, 4.23, 6.55, 9.32, 4.22, 8.66, 5.14, 9.65, 5.79, 2.19, 5.96, 1.14, 8.67, 3.01, 2.94, 2.44, 6.88, 6.38, 1.0, 4.04, 1.09, 14.34, 5.85, 1.86, 4.29, 2.99, 4.79, 13.99, 5.93, 1.59, 12.17, 0.95, 5.41, 0.0, 8.12, 17.14, 2.87, 3.83, 14.46, 0.92, 7.01, 10.53, 8.66, 11.02, 9.84, 0.93, 0.66, 5.64, 1.68, 6.19, 3.16, 3.7, 10.55, 6.82, 2.0, 6.28, 9.82, 1.39, 4.31, 3.77, 7.02, 10.14, 4.86, 11.38, 10.99, 3.02], [2.3, 6.07, 6.67, 0.97, 6.44, 14.12, 10.89, 10.17, 9.65, 4.81, 6.68, 12.2, 7.5, 7.97, 6.0, 9.21, 2.92, 7.83, 1.7, 5.66, 9.32, 4.8, 3.18, 9.88, 4.56, 10.43, 3.7, 17.65, 5.79, 11.1, 0.82, 0.58, 2.74, 2.06, 3.16, 0.84, 5.01, 11.35, 4.33, 1.69, 12.02, 0.76, 12.26, 0.0, 0.78, 5.67, 2.1, 0.98, 5.55, 7.32, 3.09, 5.4, 6.14, 5.0, 14.28, 7.79, 4.34, 13.94, 19.51, 2.01, 2.93, 1.02, 6.57, 4.74, 5.22, 2.69, 2.42, 2.12, 3.51, 5.55, 4.12, 6.95, 5.69, 6.98, 13.43], [16.82, 8.47, 7.1, 2.69, 7.6, 16.08, 9.96, 8.09, 7.32, 4.87, 15.79, 3.69, 8.73, 7.46, 2.77, 11.64, 0.61, 9.65, 2.82, 11.05, 6.54, 3.04, 11.56, 11.29, 2.27, 14.36, 6.12, 3.07, 4.28, 8.51, 1.15, 0.72, 14.72, 7.27, 5.58, 4.13, 8.24, 9.98, 9.83, 5.07, 7.68, 1.76, 1.88, 0.69, 0.0, 9.82, 17.94, 4.53, 5.18, 12.03, 0.79, 6.95, 7.52, 2.32, 8.08, 16.71, 3.66, 14.85, 19.04, 1.46, 5.36, 5.53, 10.41, 2.45, 9.31, 4.21, 7.18, 1.09, 9.04, 1.3, 12.89, 23.87, 5.2, 6.33, 5.24], [9.14, 3.63, 8.28, 7.41, 2.3, 7.47, 6.98, 2.08, 4.92, 3.81, 3.65, 1.93, 7.38, 7.43, 4.17, 11.73, 4.8, 0.92, 3.7, 3.75, 3.08, 0.92, 3.01, 1.51, 1.27, 6.13, 4.07, 12.51, 0.47, 1.1, 5.14, 1.22, 2.79, 1.39, 9.13, 4.78, 2.23, 8.54, 6.26, 1.97, 3.15, 5.4, 6.62, 9.19, 9.0, 0.0, 9.17, 4.36, 2.59, 2.21, 2.04, 0.9, 7.61, 10.76, 5.58, 9.14, 5.48, 4.34, 1.58, 2.4, 3.46, 2.04, 1.02, 1.21, 2.57, 5.23, 1.61, 2.17, 4.39, 3.03, 4.27, 3.37, 4.04, 8.29, 11.36], [4.12, 14.37, 5.74, 19.55, 7.1, 1.41, 7.38, 7.06, 4.35, 4.43, 9.25, 9.05, 13.95, 6.79, 5.43, 18.15, 12.04, 5.69, 3.01, 9.79, 1.83, 3.14, 2.04, 4.11, 1.55, 12.16, 2.68, 3.29, 4.11, 1.4, 2.73, 11.87, 3.13, 13.27, 8.09, 7.09, 4.42, 12.87, 10.74, 1.71, 11.38, 18.66, 2.97, 9.46, 18.63, 9.15, 0.0, 13.5, 4.26, 2.15, 19.65, 3.06, 17.82, 14.03, 4.41, 3.58, 8.83, 3.55, 1.02, 2.93, 4.98, 13.88, 9.73, 6.17, 10.26, 13.37, 2.67, 8.31, 7.32, 3.36, 5.99, 4.07, 10.8, 16.99, 1.43], [4.68, 0.65, 10.86, 1.09, 12.47, 13.3, 3.73, 7.99, 4.08, 3.65, 5.16, 2.08, 7.18, 7.89, 5.13, 15.15, 4.97, 3.52, 1.08, 2.91, 11.27, 1.08, 5.8, 5.08, 11.81, 15.56, 2.15, 4.25, 4.99, 9.94, 4.49, 0.45, 1.19, 2.63, 6.89, 1.18, 0.85, 3.8, 6.87, 0.87, 11.75, 3.05, 11.0, 2.7, 4.7, 2.62, 12.6, 0.0, 3.99, 1.81, 0.5, 0.91, 17.53, 9.87, 2.19, 4.44, 2.41, 6.41, 3.68, 2.44, 1.98, 0.5, 2.67, 2.83, 11.28, 6.72, 8.33, 4.89, 6.4, 2.17, 13.06, 13.63, 16.36, 3.22, 16.09], [0.58, 12.73, 7.86, 13.07, 0.5, 6.45, 3.44, 8.11, 3.77, 5.21, 7.22, 11.85, 5.48, 12.55, 5.82, 8.38, 8.92, 2.59, 7.42, 7.74, 10.82, 6.97, 5.29, 3.14, 2.35, 1.19, 1.97, 2.57, 10.74, 7.91, 6.74, 18.21, 2.34, 14.58, 11.04, 5.13, 17.42, 10.76, 5.33, 7.54, 4.9, 21.51, 3.47, 2.47, 10.22, 4.89, 5.45, 16.09, 0.0, 1.26, 14.36, 14.43, 8.6, 1.85, 3.97, 2.24, 5.72, 1.86, 10.35, 19.52, 3.17, 11.57, 8.72, 14.51, 7.91, 10.25, 1.96, 6.8, 7.27, 12.61, 14.08, 2.26, 3.03, 4.41, 1.7], [1.3, 9.02, 13.06, 13.9, 10.22, 1.5, 6.5, 1.95, 15.06, 5.9, 16.89, 2.92, 12.78, 2.67, 1.44, 15.89, 10.1, 2.08, 9.78, 6.78, 4.1, 8.17, 6.19, 4.95, 3.22, 12.57, 9.03, 1.29, 3.0, 1.52, 6.24, 9.99, 3.57, 6.12, 10.02, 13.9, 6.54, 0.93, 4.02, 8.32, 7.43, 5.22, 2.15, 4.72, 5.45, 3.41, 4.03, 11.87, 6.86, 0.0, 10.36, 8.99, 5.03, 3.59, 2.92, 7.53, 5.55, 6.55, 2.24, 15.09, 3.58, 2.74, 2.28, 3.33, 10.58, 3.87, 1.46, 5.85, 3.55, 1.47, 2.79, 3.95, 5.52, 6.66, 4.73], [12.22, 1.55, 13.39, 1.11, 3.88, 9.08, 8.38, 5.43, 13.19, 4.4, 15.2, 10.03, 4.15, 3.97, 9.29, 10.98, 4.59, 7.24, 3.27, 5.46, 12.08, 2.88, 1.76, 5.11, 6.93, 4.84, 1.71, 3.77, 1.91, 8.12, 2.03, 0.62, 4.44, 5.29, 1.56, 4.45, 1.77, 12.56, 4.29, 4.77, 2.71, 1.76, 7.02, 0.98, 3.3, 4.14, 9.77, 1.32, 12.9, 15.42, 0.0, 0.94, 14.61, 3.97, 9.43, 18.02, 7.36, 2.11, 8.11, 5.0, 4.18, 0.0, 0.95, 5.05, 5.37, 7.46, 11.78, 3.98, 3.08, 5.9, 12.39, 8.74, 15.76, 10.71, 11.73], [12.2, 1.53, 7.65, 1.57, 5.3, 8.56, 3.15, 11.12, 6.93, 4.43, 10.38, 4.69, 5.76, 3.6, 1.95, 7.35, 2.43, 0.82, 3.62, 7.11, 1.41, 3.89, 0.67, 7.89, 9.34, 11.59, 7.53, 11.64, 6.33, 14.08, 5.27, 0.49, 1.74, 3.57, 8.71, 3.9, 1.17, 12.46, 10.16, 4.88, 8.86, 2.0, 12.03, 6.0, 3.93, 1.74, 14.94, 1.23, 18.94, 7.24, 0.66, 0.0, 13.38, 7.65, 9.51, 16.56, 3.13, 16.45, 7.76, 3.22, 8.98, 0.23, 1.82, 3.21, 3.99, 7.91, 14.08, 5.72, 9.21, 2.79, 6.25, 16.53, 17.69, 5.41, 16.56], [8.47, 8.92, 3.89, 3.64, 2.04, 19.4, 13.82, 17.65, 2.19, 5.82, 0.24, 4.79, 5.55, 6.01, 9.08, 0.6, 2.57, 6.55, 13.92, 9.62, 9.96, 3.04, 14.03, 2.0, 4.21, 0.88, 3.64, 1.88, 8.29, 6.27, 15.48, 15.75, 1.81, 5.47, 5.99, 13.21, 15.69, 13.67, 1.2, 6.75, 3.92, 5.97, 9.13, 10.59, 2.16, 13.09, 5.4, 15.53, 8.82, 8.55, 12.55, 6.52, 0.0, 7.62, 9.04, 2.09, 0.36, 1.52, 8.95, 6.95, 12.36, 7.83, 4.73, 9.8, 0.85, 6.63, 7.95, 13.36, 1.4, 8.31, 8.62, 9.71, 0.19, 3.54, 4.1], [7.73, 11.54, 4.89, 3.61, 6.47, 15.33, 14.22, 17.05, 2.28, 3.6, 0.83, 14.49, 2.77, 2.2, 15.44, 1.67, 2.43, 3.53, 4.1, 5.62, 2.82, 2.2, 1.68, 10.85, 5.64, 6.19, 2.31, 2.05, 2.17, 4.97, 7.53, 1.07, 10.05, 1.44, 0.63, 1.12, 4.98, 14.5, 0.41, 2.22, 7.08, 9.48, 1.45, 4.39, 2.47, 1.12, 6.7, 3.52, 7.17, 10.94, 10.78, 7.19, 5.73, 0.0, 6.52, 12.86, 3.31, 7.72, 8.33, 4.89, 4.98, 6.9, 2.18, 7.87, 3.62, 2.37, 4.31, 6.08, 2.29, 6.76, 2.3, 13.51, 4.65, 1.35, 4.41], [3.45, 9.67, 7.1, 16.15, 1.85, 5.28, 12.31, 4.89, 1.22, 2.78, 3.15, 2.35, 5.25, 7.27, 4.47, 3.49, 7.41, 8.86, 2.07, 0.86, 8.16, 6.11, 13.35, 4.94, 3.88, 9.19, 9.04, 2.08, 1.84, 1.57, 8.25, 13.21, 4.66, 9.84, 2.06, 2.66, 9.07, 15.33, 5.56, 3.87, 5.24, 9.88, 0.86, 11.6, 8.66, 8.77, 3.75, 2.49, 2.47, 7.74, 10.4, 8.46, 1.94, 5.14, 0.0, 0.58, 3.59, 0.85, 5.29, 19.83, 1.07, 3.35, 8.5, 11.02, 1.57, 7.18, 3.67, 11.07, 1.04, 5.37, 8.65, 3.87, 3.1, 12.08, 0.96], [0.25, 13.4, 1.49, 10.76, 1.33, 12.77, 4.22, 12.89, 5.77, 13.29, 6.48, 7.42, 2.53, 8.2, 14.1, 3.93, 11.69, 5.44, 7.15, 8.14, 5.17, 9.98, 5.72, 6.29, 4.68, 4.93, 5.49, 0.92, 1.55, 6.23, 11.44, 9.28, 7.93, 4.5, 13.25, 11.61, 13.13, 8.02, 2.21, 4.5, 5.17, 15.78, 1.01, 10.96, 8.31, 3.91, 3.89, 3.74, 1.33, 9.02, 18.56, 16.09, 3.33, 7.37, 1.33, 0.0, 3.05, 3.08, 7.91, 19.49, 1.37, 8.31, 4.71, 12.87, 0.79, 10.45, 1.45, 3.44, 2.25, 13.77, 3.83, 3.33, 8.41, 3.87, 0.82], [1.87, 11.51, 2.59, 3.36, 0.65, 17.8, 9.06, 8.08, 0.55, 6.37, 1.05, 14.1, 1.04, 0.66, 7.7, 2.16, 3.07, 4.38, 9.21, 8.2, 10.61, 8.51, 16.16, 9.58, 2.2, 2.47, 4.87, 12.18, 4.86, 7.28, 12.0, 12.31, 7.2, 11.23, 4.9, 4.99, 11.06, 23.11, 1.29, 17.69, 0.25, 6.95, 2.47, 3.4, 2.99, 1.62, 12.81, 3.41, 2.22, 9.56, 9.66, 4.84, 2.97, 1.65, 1.4, 4.36, 0.0, 2.81, 5.71, 6.86, 3.92, 7.09, 12.23, 2.92, 0.94, 2.89, 3.01, 9.51, 7.04, 3.96, 8.94, 10.58, 1.35, 3.63, 6.91], [2.88, 5.86, 9.6, 9.5, 3.44, 5.62, 15.98, 7.77, 5.05, 13.77, 1.66, 8.53, 5.84, 12.59, 8.26, 1.57, 2.07, 8.77, 10.49, 3.04, 7.19, 2.59, 4.08, 7.14, 2.9, 6.77, 5.83, 2.87, 9.91, 4.84, 13.2, 9.51, 1.18, 3.82, 13.87, 9.82, 9.78, 3.51, 12.25, 11.44, 3.59, 6.81, 1.6, 4.28, 11.84, 9.71, 0.52, 7.67, 3.21, 4.34, 6.15, 9.27, 6.73, 2.95, 0.41, 2.71, 9.31, 0.0, 2.84, 18.87, 2.92, 10.21, 2.26, 8.22, 7.59, 2.13, 2.34, 3.44, 8.7, 3.68, 4.01, 3.6, 2.18, 10.22, 1.8], [6.56, 6.28, 7.61, 18.37, 3.44, 1.44, 5.06, 3.28, 5.02, 11.96, 9.3, 2.37, 13.74, 7.52, 1.81, 17.05, 5.0, 9.0, 12.08, 1.79, 4.74, 13.7, 6.2, 5.38, 1.28, 18.28, 12.54, 7.32, 1.81, 3.61, 13.32, 15.11, 3.21, 4.32, 17.29, 11.34, 15.24, 6.68, 7.94, 10.41, 5.86, 15.23, 4.36, 15.68, 18.3, 5.89, 1.74, 10.74, 8.67, 1.75, 7.08, 13.41, 16.3, 2.82, 5.87, 9.64, 16.09, 2.72, 0.0, 14.01, 6.74, 10.46, 12.5, 5.0, 5.29, 2.45, 5.16, 3.61, 8.6, 4.63, 3.15, 1.59, 9.74, 7.72, 4.47], [12.16, 9.58, 6.13, 1.16, 14.93, 4.85, 14.92, 3.04, 3.23, 1.48, 4.25, 2.43, 9.66, 7.39, 3.61, 9.29, 6.56, 5.63, 3.81, 12.28, 10.52, 2.6, 7.67, 5.58, 8.91, 13.9, 7.36, 3.09, 3.79, 15.65, 0.71, 3.91, 6.46, 3.89, 2.19, 2.04, 6.62, 8.31, 6.19, 5.15, 4.11, 0.37, 2.21, 3.24, 0.38, 1.85, 16.24, 4.29, 2.84, 11.16, 4.18, 4.44, 11.5, 5.2, 10.42, 9.4, 5.07, 3.33, 11.7, 0.0, 11.52, 4.02, 7.07, 7.82, 8.47, 3.09, 13.75, 1.06, 10.59, 8.92, 14.64, 13.07, 3.7, 4.47, 12.58], [7.44, 3.42, 2.19, 11.85, 3.35, 1.77, 5.18, 2.08, 10.81, 4.76, 9.81, 6.12, 2.46, 4.23, 3.47, 13.01, 7.81, 1.01, 9.53, 1.25, 1.87, 6.81, 7.36, 1.01, 0.25, 5.97, 4.77, 6.82, 4.25, 2.22, 4.38, 4.14, 1.58, 3.33, 8.96, 1.91, 7.99, 5.57, 6.79, 3.74, 1.28, 2.14, 1.9, 6.43, 7.86, 2.52, 0.84, 10.51, 4.56, 3.67, 5.71, 9.08, 12.85, 6.59, 4.92, 4.76, 8.88, 6.31, 4.22, 11.3, 0.0, 1.66, 5.0, 3.43, 5.27, 4.39, 2.86, 1.92, 3.03, 9.34, 6.56, 8.3, 6.95, 6.33, 5.59], [6.54, 3.06, 7.03, 1.36, 1.94, 4.67, 8.16, 15.12, 3.82, 3.27, 13.49, 9.43, 1.96, 10.63, 1.65, 12.62, 1.56, 8.58, 2.53, 1.56, 9.33, 5.59, 4.29, 6.5, 11.83, 15.83, 1.87, 5.15, 2.68, 10.73, 4.46, 1.83, 2.41, 1.59, 2.04, 2.92, 1.08, 2.05, 7.46, 2.3, 16.67, 0.56, 13.86, 4.9, 3.4, 5.47, 6.76, 0.45, 10.18, 13.87, 0.0, 0.69, 10.97, 7.69, 15.14, 11.52, 10.11, 10.98, 11.75, 1.78, 4.34, 0.0, 4.92, 4.33, 2.13, 1.17, 9.8, 6.48, 6.01, 5.83, 14.1, 15.06, 4.13, 6.37, 5.69], [5.21, 0.8, 6.28, 8.57, 11.64, 2.8, 2.05, 4.98, 6.76, 4.89, 15.52, 1.89, 7.67, 9.04, 0.93, 3.34, 3.46, 3.26, 2.26, 1.67, 5.62, 2.15, 0.66, 5.17, 4.58, 10.79, 6.8, 14.48, 3.91, 7.05, 9.43, 4.99, 3.87, 2.92, 10.93, 6.96, 2.65, 8.76, 6.97, 1.18, 15.34, 4.0, 9.79, 9.16, 10.81, 0.84, 3.17, 1.71, 5.94, 5.18, 3.22, 0.6, 15.96, 2.97, 14.08, 15.64, 14.88, 15.29, 7.37, 3.49, 1.01, 5.67, 0.0, 1.53, 7.11, 1.5, 4.42, 1.88, 5.5, 1.33, 4.71, 9.94, 8.38, 3.27, 1.72], [9.48, 0.94, 5.17, 6.89, 10.96, 2.29, 1.01, 6.88, 9.58, 2.89, 12.02, 1.02, 2.48, 7.4, 2.38, 6.06, 2.45, 1.89, 1.45, 3.15, 0.74, 1.88, 0.84, 5.11, 8.47, 4.5, 1.6, 16.36, 2.66, 1.4, 7.46, 3.65, 5.4, 1.66, 8.46, 2.15, 0.4, 2.18, 4.0, 0.96, 13.01, 4.7, 5.27, 1.16, 3.33, 1.16, 12.24, 4.48, 13.57, 6.47, 4.6, 0.89, 3.23, 7.49, 8.85, 8.43, 2.51, 8.3, 5.45, 8.74, 1.12, 4.7, 1.29, 0.0, 9.1, 1.66, 10.2, 0.94, 2.12, 1.4, 4.05, 10.41, 9.44, 1.55, 5.47], [6.81, 11.46, 0.61, 9.74, 3.63, 14.0, 14.8, 12.49, 2.6, 5.36, 1.21, 10.99, 1.23, 2.35, 7.16, 5.4, 5.53, 1.94, 4.68, 1.99, 11.6, 6.35, 11.89, 5.15, 3.86, 3.03, 3.87, 4.93, 3.8, 4.06, 8.41, 4.45, 6.56, 4.8, 5.33, 7.98, 4.71, 15.15, 1.01, 7.83, 1.62, 8.84, 1.51, 5.46, 8.21, 5.43, 11.17, 3.68, 4.32, 4.51, 10.2, 12.82, 5.88, 1.41, 6.07, 0.83, 1.27, 7.33, 3.63, 5.5, 3.92, 10.49, 8.56, 7.46, 0.0, 3.06, 4.52, 0.86, 2.78, 2.26, 11.78, 2.3, 5.56, 1.38, 6.22], [2.07, 1.22, 0.64, 5.5, 6.59, 7.84, 3.18, 10.6, 5.61, 1.99, 6.43, 5.28, 2.46, 1.25, 2.47, 4.81, 2.83, 4.55, 2.63, 3.45, 2.26, 2.05, 3.41, 7.01, 6.47, 10.36, 1.04, 1.93, 2.95, 1.38, 2.65, 3.55, 3.17, 1.95, 2.52, 3.23, 2.68, 3.85, 6.46, 2.72, 5.09, 4.91, 10.52, 5.63, 2.49, 4.63, 13.25, 1.23, 5.4, 6.01, 5.01, 4.6, 5.83, 4.63, 3.23, 5.7, 7.14, 3.88, 3.57, 5.58, 1.31, 8.01, 3.45, 2.06, 4.57, 0.0, 5.8, 0.85, 1.0, 5.72, 3.37, 13.64, 6.74, 2.3, 9.14], [1.07, 14.76, 2.08, 13.6, 0.25, 13.06, 4.64, 1.7, 4.97, 3.48, 6.32, 6.88, 3.58, 7.54, 4.24, 6.36, 7.9, 5.98, 8.34, 2.34, 10.02, 10.17, 14.36, 2.49, 3.73, 5.69, 7.72, 3.44, 2.16, 7.26, 15.45, 12.91, 3.65, 8.33, 3.93, 1.79, 15.36, 15.99, 5.99, 2.92, 1.59, 16.12, 3.71, 13.84, 13.93, 1.87, 9.02, 2.39, 0.54, 10.51, 11.95, 3.86, 8.48, 9.92, 1.18, 1.91, 4.64, 1.8, 3.85, 3.4, 4.97, 10.38, 1.76, 5.32, 4.21, 3.3, 0.0, 9.99, 6.76, 1.78, 8.95, 2.58, 7.12, 4.31, 5.05], [2.52, 4.88, 6.34, 5.87, 1.04, 3.99, 7.04, 2.28, 5.94, 0.96, 13.55, 1.88, 0.73, 5.5, 1.99, 7.81, 1.82, 1.32, 4.02, 2.33, 3.35, 0.25, 1.77, 5.8, 5.29, 12.23, 1.15, 13.28, 1.7, 5.94, 3.33, 1.29, 5.44, 0.46, 0.9, 2.82, 2.55, 10.77, 7.46, 6.39, 3.68, 6.51, 1.13, 1.97, 4.71, 2.43, 10.79, 3.65, 7.48, 5.68, 5.43, 1.05, 14.72, 2.94, 1.76, 12.03, 8.55, 1.96, 11.23, 3.28, 6.89, 1.11, 3.16, 0.34, 6.12, 0.32, 9.8, 0.0, 2.16, 6.34, 4.63, 5.31, 5.65, 10.25, 11.92], [2.67, 3.66, 1.68, 4.05, 1.52, 4.36, 4.16, 7.85, 2.65, 1.01, 1.32, 2.3, 1.03, 4.96, 13.01, 2.28, 2.69, 2.17, 4.82, 1.63, 5.91, 1.94, 4.91, 3.16, 1.23, 9.33, 0.15, 3.32, 2.55, 7.74, 3.57, 6.86, 7.72, 4.03, 1.16, 1.37, 6.45, 14.83, 4.25, 9.67, 1.03, 1.52, 7.39, 6.57, 5.27, 5.71, 9.61, 5.21, 6.01, 5.17, 2.91, 5.18, 9.37, 4.44, 3.79, 9.6, 5.15, 9.57, 13.61, 10.45, 4.74, 3.01, 8.3, 3.53, 1.74, 1.26, 2.06, 3.77, 0.0, 7.76, 5.04, 13.61, 4.18, 6.44, 6.5], [9.01, 1.33, 1.69, 6.56, 10.16, 11.26, 3.42, 3.57, 5.58, 1.45, 11.71, 0.89, 7.51, 11.73, 6.52, 6.67, 7.87, 2.44, 4.16, 4.13, 1.16, 4.42, 0.83, 2.48, 5.62, 19.82, 3.85, 18.95, 2.89, 2.69, 7.65, 4.22, 4.82, 5.06, 8.5, 5.27, 1.2, 1.0, 6.26, 0.73, 16.29, 3.97, 1.65, 9.45, 9.33, 4.36, 8.67, 3.73, 12.74, 5.64, 5.47, 2.16, 18.13, 12.79, 16.27, 9.63, 16.66, 3.07, 4.22, 9.46, 5.92, 3.31, 1.24, 3.95, 10.84, 7.33, 13.26, 5.5, 7.06, 0.0, 7.45, 4.67, 2.97, 3.15, 16.34], [14.8, 1.16, 13.87, 15.5, 12.65, 0.39, 2.79, 0.51, 7.22, 1.52, 16.97, 2.58, 3.23, 6.13, 2.59, 21.47, 2.06, 5.99, 3.5, 9.23, 1.11, 1.26, 5.26, 3.18, 1.65, 16.74, 9.21, 2.47, 2.14, 6.35, 6.81, 6.23, 2.35, 2.23, 13.98, 4.19, 10.08, 2.56, 7.08, 1.07, 4.71, 12.27, 2.67, 14.68, 11.62, 6.56, 4.97, 8.83, 2.67, 0.73, 5.47, 6.27, 20.64, 12.85, 2.15, 9.14, 12.53, 4.05, 2.67, 13.2, 3.33, 5.65, 4.99, 4.86, 8.99, 12.51, 7.59, 3.8, 6.03, 1.63, 0.0, 13.11, 12.02, 13.05, 1.28], [3.23, 6.17, 3.56, 3.57, 7.33, 9.34, 11.6, 11.73, 8.12, 8.0, 10.1, 2.29, 10.44, 5.09, 10.75, 15.41, 8.42, 11.46, 16.66, 4.4, 1.96, 14.73, 11.64, 7.96, 3.46, 10.51, 10.0, 0.63, 9.55, 6.83, 20.34, 15.63, 4.74, 15.89, 4.26, 13.03, 13.03, 5.58, 8.77, 13.22, 8.86, 24.7, 3.56, 20.51, 10.38, 3.37, 1.91, 16.37, 1.75, 7.56, 22.08, 6.26, 15.54, 12.12, 1.79, 2.29, 1.97, 1.64, 5.84, 17.39, 1.9, 12.14, 5.64, 4.27, 2.3, 6.81, 5.42, 4.0, 11.27, 15.28, 13.08, 0.0, 9.16, 17.92, 2.67], [4.99, 8.38, 0.97, 2.95, 6.97, 11.81, 13.86, 14.19, 1.44, 8.1, 0.74, 18.08, 7.01, 3.24, 12.4, 0.93, 1.78, 4.49, 14.16, 3.93, 3.92, 2.07, 16.51, 7.46, 8.73, 1.18, 4.47, 13.02, 1.94, 11.42, 11.02, 4.64, 13.89, 12.62, 2.8, 9.61, 9.16, 2.92, 4.5, 13.69, 4.38, 13.8, 1.78, 2.69, 9.53, 11.48, 12.55, 6.06, 1.61, 10.54, 18.83, 11.51, 0.47, 8.02, 11.6, 1.55, 0.86, 2.44, 11.95, 7.89, 4.53, 9.81, 5.48, 6.83, 4.77, 4.12, 7.32, 8.44, 1.69, 15.32, 17.19, 10.94, 0.0, 5.24, 2.03], [7.29, 13.94, 1.73, 6.95, 7.44, 2.31, 12.96, 7.01, 4.2, 7.95, 4.77, 13.26, 1.24, 1.54, 2.82, 1.58, 5.81, 2.83, 8.22, 10.03, 3.41, 8.32, 6.59, 12.76, 10.58, 3.49, 1.35, 7.33, 1.57, 13.31, 9.39, 10.64, 13.13, 1.48, 2.83, 3.75, 13.49, 20.94, 2.01, 7.58, 4.76, 1.86, 2.21, 5.45, 9.6, 4.16, 13.69, 7.53, 2.29, 15.93, 8.9, 8.17, 4.69, 1.57, 2.94, 11.73, 5.37, 13.69, 14.36, 7.28, 2.78, 8.78, 5.53, 2.53, 4.78, 3.51, 4.66, 6.69, 2.56, 2.84, 10.96, 8.37, 1.59, 0.0, 9.81], [7.27, 12.01, 12.19, 8.48, 5.99, 1.15, 11.45, 5.36, 3.38, 1.88, 7.1, 8.23, 10.58, 2.26, 9.36, 7.51, 11.09, 8.78, 2.99, 2.7, 9.19, 3.82, 5.94, 1.59, 3.54, 6.53, 8.92, 2.19, 9.63, 2.96, 19.67, 10.35, 7.0, 7.03, 13.34, 14.9, 6.24, 10.72, 13.11, 9.69, 11.3, 21.77, 3.97, 8.28, 9.76, 11.47, 0.58, 13.14, 2.7, 4.56, 5.02, 17.64, 13.86, 6.05, 2.19, 2.45, 9.97, 2.71, 4.39, 12.79, 5.55, 3.96, 3.54, 12.67, 1.28, 2.73, 4.73, 10.2, 7.63, 13.77, 3.07, 0.71, 9.09, 7.18, 0.0]]
vans = [6, 7, 7, 7]

