J = [0, 1, 2, 3]
K = [4, 5, 6]
L = [7, 8, 9]
I = [0, 1, 2, 3, 4, 5, 6, 7, 8, 9]
N = [0, 1, 2, 3, 4, 5, 6, 7, 8, 9, 10, 11, 12, 13, 14, 15, 16, 17, 18, 19, 20, 21, 22, 23, 24, 25, 26, 27, 28, 29, 30, 31, 32, 33, 34, 35, 36, 37, 38, 39, 40, 41, 42, 43, 44, 45, 46, 47, 48, 49, 50, 51, 52, 53, 54, 55, 56, 57, 58, 59, 60, 61, 62, 63, 64, 65, 66, 67, 68, 69, 70, 71, 72, 73, 74, 75, 76, 77, 78, 79, 80, 81, 82, 83, 84, 85, 86, 87, 88, 89, 90, 91, 92, 93, 94, 95, 96, 97, 98, 99]
demand = [650, 548, 518, 1187, 1005, 961, 558, 809, 513, 961, 871, 1178, 974, 951, 661, 784, 916, 610, 1037, 1136, 462, 971, 1081, 802, 797, 1032, 1057, 1160, 657, 699, 911, 422, 1074, 1197, 954, 995, 789, 972, 1095, 1150, 1018, 1014, 633, 557, 1063, 1074, 1075, 560, 937, 1178, 860, 616, 432, 792, 786, 574, 776, 1046, 1025, 1178, 1006, 765, 1174, 1068, 1119, 804, 523, 1138, 813, 484, 949, 933, 1128, 858, 843, 956, 1094, 909, 984, 1159, 1148, 984, 1125, 844, 810, 889, 725, 657, 1151, 922, 525, 1118, 592, 511, 845, 569, 899, 576, 854, 572]
hub = [2, 2, 2, 0, 3, 0, 0, 0, 1, 3, 3, 2, 1, 1, 3, 3, 0, 3, 2, 1, 3, 2, 2, 0, 2, 0, 0, 1, 0, 2, 1, 0, 0, 3, 2, 2, 1, 1, 2, 1, 2, 2, 0, 3, 3, 3, 0, 3, 1, 0, 3, 2, 2, 1, 3, 0, 2, 1, 1, 1, 0, 1, 1, 0, 0, 3, 0, 1, 0, 2, 2, 1, 2, 3, 0, 2, 2, 2, 2, 2, 3, 2, 2, 3, 1, 0, 3, 2, 2, 1, 2, 2, 3, 0, 0, 0, 0, 1, 1, 3]
release = [19, 38, 8, 31, 26, 20, 9, 43, 40, 33, 24, 15, 23, 30, 46, 22, 6, 23, 21, 25, 18, 39, 39, 37, 44, 25, 7, 3, 6, 20, 30, 37, 30, 44, 18, 42, 5, 6, 2, 1, 26, 3, 37, 8, 10, 26, 26, 20, 0, 43, 19, 38, 7, 17, 43, 48, 29, 31, 20, 46, 35, 39, 13, 4, 32, 19, 45, 46, 31, 12, 13, 32, 4, 18, 17, 37, 13, 11, 10, 1, 13, 3, 27, 29, 11, 40, 23, 4, 48, 31, 48, 8, 46, 1, 3, 29, 10, 40, 28, 5]
Nj = [[3, 5, 6, 7, 16, 23, 25, 26, 28, 31, 32, 42, 46, 49, 55, 60, 63, 64, 66, 68, 74, 85, 93, 94, 95, 96], [8, 12, 13, 19, 27, 30, 36, 37, 39, 48, 53, 57, 58, 59, 61, 62, 67, 71, 84, 89, 97, 98], [0, 1, 2, 11, 18, 21, 22, 24, 29, 34, 35, 38, 40, 41, 51, 52, 56, 69, 70, 72, 75, 76, 77, 78, 79, 81, 82, 87, 88, 90, 91], [4, 9, 10, 14, 15, 17, 20, 33, 43, 44, 45, 47, 50, 54, 65, 73, 80, 83, 86, 92, 99]]
Gj = [[0, 1, 2, 3, 4, 5, 6, 7, 8, 9, 10, 11, 12, 13, 14, 15, 16, 17, 18, 19, 20, 21, 22, 23, 24, 25], [26, 27, 28, 29, 30, 31, 32, 33, 34, 35, 36, 37, 38, 39, 40, 41, 42, 43, 44, 45, 46, 47], [48, 49, 50, 51, 52, 53, 54, 55, 56, 57, 58, 59, 60, 61, 62, 63, 64, 65, 66, 67, 68, 69, 70, 71, 72, 73, 74, 75, 76, 77, 78], [79, 80, 81, 82, 83, 84, 85, 86, 87, 88, 89, 90, 91, 92, 93, 94, 95, 96, 97, 98, 99]]
G = [0, 1, 2, 3, 4, 5, 6, 7, 8, 9, 10, 11, 12, 13, 14, 15, 16, 17, 18, 19, 20, 21, 22, 23, 24, 25, 26, 27, 28, 29, 30, 31, 32, 33, 34, 35, 36, 37, 38, 39, 40, 41, 42, 43, 44, 45, 46, 47, 48, 49, 50, 51, 52, 53, 54, 55, 56, 57, 58, 59, 60, 61, 62, 63, 64, 65, 66, 67, 68, 69, 70, 71, 72, 73, 74, 75, 76, 77, 78, 79, 80, 81, 82, 83, 84, 85, 86, 87, 88, 89, 90, 91, 92, 93, 94, 95, 96, 97, 98, 99]
deadline = [216, 240, 168, 216, 216, 192, 192, 168, 240, 216, 240, 240, 168, 168, 168, 240, 192, 168, 192, 168, 240, 168, 168, 216, 240, 168, 192, 240, 168, 240, 240, 240, 240, 216, 168, 192, 168, 168, 216, 192, 192, 168, 168, 240, 240, 192, 216, 240, 192, 216, 240, 240, 192, 240, 192, 240, 240, 216, 240, 240, 192, 240, 216, 168, 240, 168, 216, 240, 240, 168, 192, 192, 216, 216, 240, 192, 168, 192, 216, 192, 216, 168, 216, 240, 216, 240, 192, 168, 240, 192, 240, 192, 192, 216, 168, 216, 192, 168, 168, 240]
weight = [50, 50, 50, 80, 30, 20, 50, 80, 80, 20, 100, 100, 90, 10, 60, 10, 40, 90, 30, 40, 10, 10, 70, 30, 100, 70, 80, 20, 80, 70, 10, 90, 90, 70, 90, 80, 10, 60, 90, 80, 80, 10, 20, 100, 50, 10, 100, 80, 60, 90, 30, 70, 90, 30, 90, 70, 10, 100, 60, 50, 30, 80, 60, 60, 50, 40, 30, 30, 30, 10, 70, 70, 40, 70, 30, 10, 70, 50, 60, 90, 10, 60, 20, 80, 80, 50, 80, 100, 40, 60, 30, 10, 50, 10, 90, 50, 40, 10, 40, 50]
q = 2000
M = [0, 1, 2]
M_description = ['Road', 'Rail', 'Ship']
accessibility = [[1, 0, 0], [1, 1, 0], [1, 0, 0], [1, 1, 0], [1, 1, 1], [1, 1, 1], [1, 1, 1], [1, 1, 1], [1, 0, 0], [1, 1, 0]]
S = [0, 1, 2, 3, 4, 5, 6, 7, 8, 9, 10, 11, 12, 13, 14, 15, 16, 17, 18, 19, 20, 21, 22, 23, 24, 25, 26, 27, 28, 29, 30, 31, 32, 33, 34, 35, 36, 37, 38, 39, 40, 41, 42, 43, 44, 45, 46, 47, 48, 49, 50, 51, 52, 53, 54, 55, 56, 57, 58, 59, 60, 61, 62, 63, 64, 65, 66, 67, 68, 69, 70, 71, 72, 73, 74, 75, 76, 77, 78, 79, 80, 81, 82, 83, 84, 85, 86, 87, 88, 89, 90, 91, 92, 93, 94, 95, 96, 97, 98, 99, 100, 101, 102, 103, 104, 105, 106, 107, 108, 109, 110, 111, 112, 113, 114, 115, 116, 117, 118, 119, 120, 121, 122, 123, 124, 125, 126, 127, 128, 129, 130, 131, 132, 133, 134, 135, 136, 137, 138, 139, 140, 141, 142, 143, 144, 145, 146, 147, 148, 149, 150, 151, 152, 153, 154, 155, 156, 157, 158, 159, 160, 161, 162, 163, 164, 165, 166, 167, 168, 169, 170, 171, 172, 173, 174, 175, 176, 177, 178, 179, 180, 181, 182, 183, 184, 185, 186, 187, 188, 189, 190, 191, 192, 193, 194, 195, 196, 197, 198, 199, 200, 201, 202, 203, 204, 205, 206, 207, 208, 209, 210, 211, 212, 213, 214, 215, 216, 217, 218, 219, 220, 221, 222, 223, 224, 225, 226, 227, 228, 229, 230, 231, 232, 233, 234, 235, 236, 237, 238, 239, 240, 241, 242, 243, 244, 245, 246, 247, 248, 249, 250, 251, 252, 253, 254, 255, 256, 257, 258, 259, 260, 261, 262, 263, 264, 265, 266, 267, 268, 269, 270, 271, 272, 273, 274, 275, 276, 277, 278, 279, 280, 281, 282, 283, 284, 285, 286, 287, 288, 289, 290, 291, 292, 293, 294, 295, 296, 297, 298, 299, 300, 301, 302, 303, 304, 305, 306, 307, 308, 309, 310, 311, 312, 313, 314, 315, 316, 317, 318, 319, 320, 321, 322, 323, 324, 325, 326, 327, 328, 329, 330, 331, 332, 333, 334, 335, 336, 337, 338, 339, 340, 341, 342, 343, 344, 345, 346, 347, 348, 349, 350, 351, 352, 353, 354, 355, 356, 357, 358, 359, 360, 361, 362, 363, 364, 365, 366, 367, 368]
origin = [0, 0, 0, 0, 0, 0, 0, 0, 0, 0, 0, 0, 0, 0, 0, 0, 0, 0, 0, 0, 0, 0, 0, 0, 0, 0, 0, 0, 0, 0, 0, 0, 0, 0, 0, 0, 1, 1, 1, 1, 1, 1, 1, 1, 1, 1, 1, 1, 1, 1, 1, 1, 1, 1, 1, 1, 1, 1, 1, 1, 1, 1, 1, 1, 1, 1, 1, 1, 1, 1, 1, 1, 2, 2, 2, 2, 2, 2, 2, 2, 2, 2, 2, 2, 2, 2, 2, 2, 2, 2, 2, 2, 2, 2, 2, 2, 2, 2, 2, 2, 2, 2, 2, 2, 2, 2, 2, 2, 3, 3, 3, 3, 3, 3, 3, 3, 3, 3, 3, 3, 3, 3, 3, 3, 3, 3, 3, 3, 3, 3, 3, 3, 3, 3, 3, 3, 3, 3, 3, 3, 3, 3, 3, 3, 4, 4, 4, 4, 4, 4, 4, 4, 4, 4, 4, 4, 4, 4, 4, 4, 4, 4, 4, 4, 4, 4, 4, 4, 4, 4, 4, 4, 4, 4, 4, 4, 4, 4, 4, 4, 5, 5, 5, 5, 5, 5, 5, 5, 5, 5, 5, 5, 5, 5, 5, 5, 5, 5, 5, 5, 5, 5, 5, 5, 5, 5, 5, 5, 5, 5, 5, 5, 5, 5, 5, 5, 6, 6, 6, 6, 6, 6, 6, 6, 6, 6, 6, 6, 6, 6, 6, 6, 6, 6, 6, 6, 6, 6, 6, 6, 6, 6, 6, 6, 6, 6, 6, 6, 6, 6, 6, 6, 1, 1, 1, 1, 1, 1, 1, 1, 1, 1, 1, 1, 1, 1, 1, 1, 1, 1, 3, 3, 3, 3, 3, 3, 3, 3, 3, 3, 3, 3, 3, 3, 3, 3, 3, 3, 4, 4, 4, 4, 4, 4, 4, 4, 4, 4, 4, 4, 4, 4, 4, 4, 4, 4, 5, 5, 5, 5, 5, 5, 5, 5, 5, 5, 5, 5, 5, 5, 5, 5, 5, 5, 6, 6, 6, 6, 6, 6, 6, 6, 6, 6, 6, 6, 6, 6, 6, 6, 6, 6, 4, 4, 4, 4, 4, 4, 4, 4, 4, 5, 5, 5, 5, 5, 5, 5, 5, 5, 6, 6, 6, 6, 6, 6, 6, 6, 6]
destination = [1, 1, 1, 1, 2, 2, 2, 2, 3, 3, 3, 3, 4, 4, 4, 4, 5, 5, 5, 5, 6, 6, 6, 6, 7, 7, 7, 7, 8, 8, 8, 8, 9, 9, 9, 9, 0, 0, 0, 0, 2, 2, 2, 2, 3, 3, 3, 3, 4, 4, 4, 4, 5, 5, 5, 5, 6, 6, 6, 6, 7, 7, 7, 7, 8, 8, 8, 8, 9, 9, 9, 9, 0, 0, 0, 0, 1, 1, 1, 1, 3, 3, 3, 3, 4, 4, 4, 4, 5, 5, 5, 5, 6, 6, 6, 6, 7, 7, 7, 7, 8, 8, 8, 8, 9, 9, 9, 9, 0, 0, 0, 0, 1, 1, 1, 1, 2, 2, 2, 2, 4, 4, 4, 4, 5, 5, 5, 5, 6, 6, 6, 6, 7, 7, 7, 7, 8, 8, 8, 8, 9, 9, 9, 9, 0, 0, 0, 0, 1, 1, 1, 1, 2, 2, 2, 2, 3, 3, 3, 3, 5, 5, 5, 5, 6, 6, 6, 6, 7, 7, 7, 7, 8, 8, 8, 8, 9, 9, 9, 9, 0, 0, 0, 0, 1, 1, 1, 1, 2, 2, 2, 2, 3, 3, 3, 3, 4, 4, 4, 4, 6, 6, 6, 6, 7, 7, 7, 7, 8, 8, 8, 8, 9, 9, 9, 9, 0, 0, 0, 0, 1, 1, 1, 1, 2, 2, 2, 2, 3, 3, 3, 3, 4, 4, 4, 4, 5, 5, 5, 5, 7, 7, 7, 7, 8, 8, 8, 8, 9, 9, 9, 9, 3, 3, 3, 4, 4, 4, 5, 5, 5, 6, 6, 6, 7, 7, 7, 9, 9, 9, 1, 1, 1, 4, 4, 4, 5, 5, 5, 6, 6, 6, 7, 7, 7, 9, 9, 9, 1, 1, 1, 3, 3, 3, 5, 5, 5, 6, 6, 6, 7, 7, 7, 9, 9, 9, 1, 1, 1, 3, 3, 3, 4, 4, 4, 6, 6, 6, 7, 7, 7, 9, 9, 9, 1, 1, 1, 3, 3, 3, 4, 4, 4, 5, 5, 5, 7, 7, 7, 9, 9, 9, 5, 5, 5, 6, 6, 6, 7, 7, 7, 4, 4, 4, 6, 6, 6, 7, 7, 7, 4, 4, 4, 5, 5, 5, 7, 7, 7]
departure = [8, 56, 104, 152, 8, 56, 104, 152, 8, 56, 104, 152, 8, 56, 104, 152, 8, 56, 104, 152, 8, 56, 104, 152, 8, 56, 104, 152, 8, 56, 104, 152, 8, 56, 104, 152, 8, 56, 104, 152, 8, 56, 104, 152, 8, 56, 104, 152, 8, 56, 104, 152, 8, 56, 104, 152, 8, 56, 104, 152, 8, 56, 104, 152, 8, 56, 104, 152, 8, 56, 104, 152, 8, 56, 104, 152, 8, 56, 104, 152, 8, 56, 104, 152, 8, 56, 104, 152, 8, 56, 104, 152, 8, 56, 104, 152, 8, 56, 104, 152, 8, 56, 104, 152, 8, 56, 104, 152, 8, 56, 104, 152, 8, 56, 104, 152, 8, 56, 104, 152, 8, 56, 104, 152, 8, 56, 104, 152, 8, 56, 104, 152, 8, 56, 104, 152, 8, 56, 104, 152, 8, 56, 104, 152, 12, 60, 108, 156, 12, 60, 108, 156, 12, 60, 108, 156, 12, 60, 108, 156, 12, 60, 108, 156, 12, 60, 108, 156, 12, 60, 108, 156, 12, 60, 108, 156, 12, 60, 108, 156, 12, 60, 108, 156, 12, 60, 108, 156, 12, 60, 108, 156, 12, 60, 108, 156, 12, 60, 108, 156, 12, 60, 108, 156, 12, 60, 108, 156, 12, 60, 108, 156, 12, 60, 108, 156, 12, 60, 108, 156, 12, 60, 108, 156, 12, 60, 108, 156, 12, 60, 108, 156, 12, 60, 108, 156, 12, 60, 108, 156, 12, 60, 108, 156, 12, 60, 108, 156, 12, 60, 108, 156, 33, 81, 129, 33, 81, 129, 33, 81, 129, 33, 81, 129, 33, 81, 129, 33, 81, 129, 33, 81, 129, 33, 81, 129, 33, 81, 129, 33, 81, 129, 33, 81, 129, 33, 81, 129, 37, 85, 133, 37, 85, 133, 37, 85, 133, 37, 85, 133, 37, 85, 133, 37, 85, 133, 37, 85, 133, 37, 85, 133, 37, 85, 133, 37, 85, 133, 37, 85, 133, 37, 85, 133, 37, 85, 133, 37, 85, 133, 37, 85, 133, 37, 85, 133, 37, 85, 133, 37, 85, 133, 13, 61, 109, 13, 61, 109, 13, 61, 109, 13, 61, 109, 13, 61, 109, 13, 61, 109, 13, 61, 109, 13, 61, 109, 13, 61, 109]
arrival = [52, 100, 148, 196, 100, 148, 196, 196, 76, 76, 196, 220, 84, 132, 204, 228, 60, 132, 156, 252, 60, 156, 180, 252, 160, 184, 208, 304, 136, 160, 208, 280, 136, 136, 232, 232, 28, 100, 124, 220, 52, 124, 172, 196, 76, 148, 148, 244, 84, 132, 180, 252, 84, 156, 156, 228, 108, 132, 180, 204, 136, 160, 256, 232, 160, 184, 256, 304, 88, 184, 208, 280, 52, 124, 124, 172, 100, 124, 124, 244, 52, 148, 124, 220, 108, 132, 204, 228, 84, 108, 204, 252, 108, 156, 180, 228, 136, 136, 184, 280, 88, 208, 256, 304, 112, 184, 184, 304, 52, 148, 148, 220, 28, 76, 124, 196, 100, 148, 196, 220, 84, 156, 204, 204, 108, 132, 180, 252, 84, 132, 156, 228, 136, 136, 256, 232, 160, 136, 208, 280, 88, 136, 184, 256, 80, 80, 200, 224, 104, 104, 200, 224, 104, 128, 200, 200, 32, 80, 128, 176, 64, 136, 208, 208, 88, 112, 208, 208, 92, 164, 188, 260, 92, 140, 188, 236, 116, 212, 212, 308, 104, 128, 176, 248, 104, 152, 176, 200, 80, 104, 128, 248, 104, 104, 200, 200, 88, 136, 208, 232, 112, 112, 184, 256, 92, 212, 188, 236, 140, 212, 188, 260, 116, 164, 236, 284, 104, 80, 128, 248, 32, 104, 176, 176, 32, 80, 152, 224, 104, 80, 152, 200, 112, 112, 160, 232, 88, 112, 160, 208, 164, 188, 188, 260, 116, 212, 188, 308, 164, 140, 212, 236, 102, 102, 222, 110, 134, 230, 110, 158, 206, 86, 134, 206, 114, 234, 234, 186, 162, 210, 78, 102, 150, 110, 182, 206, 134, 158, 206, 110, 182, 206, 114, 162, 258, 138, 234, 282, 130, 130, 226, 106, 106, 202, 114, 162, 210, 138, 162, 186, 118, 190, 214, 118, 238, 286, 130, 154, 202, 58, 106, 202, 114, 162, 186, 138, 186, 234, 118, 238, 262, 142, 214, 238, 106, 106, 226, 58, 178, 202, 90, 186, 234, 114, 186, 234, 142, 238, 214, 118, 166, 214, 90, 162, 162, 66, 162, 186, 166, 190, 190, 114, 162, 210, 114, 114, 162, 118, 190, 238, 90, 114, 186, 90, 162, 210, 142, 142, 262]
Q = [4, 2, 2, 2, 4, 4, 2, 4, 2, 4, 4, 4, 2, 4, 2, 4, 2, 4, 4, 2, 2, 4, 2, 4, 4, 2, 2, 4, 4, 4, 4, 4, 4, 2, 4, 4, 2, 4, 4, 2, 2, 4, 2, 4, 4, 2, 2, 4, 4, 4, 2, 2, 4, 4, 2, 2, 2, 2, 4, 4, 2, 4, 4, 2, 4, 2, 2, 2, 4, 4, 2, 2, 4, 2, 2, 4, 4, 2, 2, 2, 2, 4, 4, 2, 4, 4, 2, 2, 2, 4, 4, 4, 2, 4, 2, 4, 4, 2, 2, 4, 4, 4, 4, 2, 4, 2, 2, 2, 4, 4, 4, 4, 2, 2, 4, 2, 2, 4, 4, 4, 4, 2, 4, 2, 2, 2, 4, 2, 2, 2, 4, 2, 2, 2, 2, 4, 4, 2, 4, 2, 2, 2, 2, 4, 2, 2, 2, 2, 4, 4, 4, 4, 2, 4, 4, 4, 2, 2, 2, 2, 4, 2, 2, 2, 4, 4, 2, 4, 2, 2, 4, 2, 4, 4, 4, 4, 4, 4, 2, 4, 4, 4, 4, 4, 2, 2, 4, 4, 4, 2, 2, 2, 2, 4, 2, 4, 2, 2, 4, 4, 4, 2, 4, 2, 4, 2, 2, 2, 2, 4, 2, 4, 4, 2, 4, 2, 2, 2, 2, 2, 2, 4, 2, 2, 2, 2, 2, 2, 4, 2, 4, 2, 2, 2, 4, 4, 4, 2, 2, 4, 4, 4, 2, 2, 2, 4, 4, 4, 2, 2, 4, 4, 3, 6, 3, 3, 6, 6, 3, 6, 3, 6, 6, 6, 6, 3, 6, 3, 3, 3, 3, 3, 3, 3, 3, 6, 3, 6, 3, 6, 6, 3, 3, 6, 6, 6, 3, 3, 6, 6, 6, 3, 3, 6, 6, 3, 6, 3, 6, 6, 3, 6, 6, 3, 3, 3, 3, 6, 6, 6, 6, 6, 6, 3, 6, 3, 6, 6, 6, 6, 6, 3, 6, 6, 6, 6, 6, 6, 3, 3, 3, 6, 6, 3, 6, 3, 3, 6, 6, 6, 6, 3, 10, 10, 5, 10, 5, 10, 5, 10, 5, 10, 5, 10, 10, 10, 10, 5, 10, 10, 10, 5, 5, 10, 5, 10, 5, 10, 10]
cfixed = [239, 275, 215, 223, 272, 281, 203, 268, 274, 266, 223, 236, 236, 214, 261, 277, 232, 263, 296, 227, 276, 225, 207, 264, 240, 298, 205, 245, 208, 280, 202, 232, 285, 224, 204, 212, 266, 256, 228, 235, 219, 279, 300, 200, 208, 244, 274, 279, 243, 297, 210, 244, 206, 203, 207, 269, 203, 203, 295, 276, 205, 298, 255, 207, 298, 285, 216, 274, 221, 268, 249, 215, 259, 274, 222, 207, 220, 280, 249, 238, 227, 222, 211, 267, 254, 295, 225, 250, 298, 209, 286, 241, 210, 271, 281, 253, 294, 223, 283, 260, 236, 266, 284, 285, 203, 234, 282, 202, 231, 289, 272, 250, 249, 299, 222, 250, 233, 253, 277, 237, 208, 259, 207, 291, 236, 238, 280, 255, 272, 207, 276, 252, 224, 234, 288, 262, 266, 241, 227, 220, 288, 232, 226, 248, 248, 273, 300, 201, 299, 247, 238, 248, 203, 254, 221, 266, 288, 289, 236, 206, 246, 240, 234, 208, 225, 253, 226, 296, 234, 273, 299, 218, 296, 280, 239, 201, 282, 273, 228, 267, 297, 203, 223, 299, 282, 261, 202, 233, 293, 294, 248, 287, 292, 212, 268, 243, 299, 213, 288, 235, 291, 237, 295, 273, 269, 223, 289, 260, 254, 297, 221, 300, 285, 288, 213, 211, 215, 270, 210, 282, 300, 277, 207, 291, 230, 203, 206, 288, 300, 219, 272, 243, 269, 207, 253, 244, 236, 279, 265, 214, 230, 214, 243, 228, 237, 296, 241, 257, 208, 208, 252, 223, 341, 455, 418, 344, 359, 429, 346, 312, 352, 380, 483, 342, 469, 317, 481, 417, 379, 304, 333, 425, 385, 472, 360, 481, 389, 395, 417, 373, 386, 485, 446, 371, 412, 455, 348, 335, 428, 305, 469, 486, 381, 457, 378, 461, 416, 423, 325, 328, 451, 306, 333, 373, 412, 414, 376, 367, 393, 406, 348, 407, 312, 356, 393, 471, 436, 405, 477, 458, 481, 404, 324, 358, 300, 332, 431, 481, 490, 300, 304, 391, 379, 482, 332, 337, 431, 408, 353, 410, 324, 458, 662, 684, 685, 606, 536, 601, 618, 573, 508, 635, 508, 653, 582, 504, 510, 503, 599, 618, 676, 515, 676, 644, 557, 642, 546, 644, 627]
ctravel = [44, 44, 44, 44, 92, 92, 92, 44, 68, 20, 92, 68, 76, 76, 100, 76, 52, 76, 52, 100, 52, 100, 76, 100, 152, 128, 104, 152, 128, 104, 104, 128, 128, 80, 128, 80, 20, 44, 20, 68, 44, 68, 68, 44, 68, 92, 44, 92, 76, 76, 76, 100, 76, 100, 52, 76, 100, 76, 76, 52, 128, 104, 152, 80, 152, 128, 152, 152, 80, 128, 104, 128, 44, 68, 20, 20, 92, 68, 20, 92, 44, 92, 20, 68, 100, 76, 100, 76, 76, 52, 100, 100, 100, 100, 76, 76, 128, 80, 80, 128, 80, 152, 152, 152, 104, 128, 80, 152, 44, 92, 44, 68, 20, 20, 20, 44, 92, 92, 92, 68, 76, 100, 100, 52, 100, 76, 76, 100, 76, 76, 52, 76, 128, 80, 152, 80, 152, 80, 104, 128, 80, 80, 80, 104, 68, 20, 92, 68, 92, 44, 92, 68, 92, 68, 92, 44, 20, 20, 20, 20, 52, 76, 100, 52, 76, 52, 100, 52, 80, 104, 80, 104, 80, 80, 80, 80, 104, 152, 104, 152, 92, 68, 68, 92, 92, 92, 68, 44, 68, 44, 20, 92, 92, 44, 92, 44, 76, 76, 100, 76, 100, 52, 76, 100, 80, 152, 80, 80, 128, 152, 80, 104, 104, 104, 128, 128, 92, 20, 20, 92, 20, 44, 68, 20, 20, 20, 44, 68, 92, 20, 44, 44, 100, 52, 52, 76, 76, 52, 52, 52, 152, 128, 80, 104, 104, 152, 80, 152, 152, 80, 104, 80, 55.2, 16.8, 74.4, 61.6, 42.400000000000006, 80.80000000000001, 61.6, 61.6, 61.6, 42.400000000000006, 42.400000000000006, 61.6, 64.8, 122.4, 84.0, 122.4, 64.8, 64.8, 36.0, 16.8, 16.8, 61.6, 80.80000000000001, 61.6, 80.80000000000001, 61.6, 61.6, 61.6, 80.80000000000001, 61.6, 64.8, 64.8, 103.2, 84.0, 122.4, 122.4, 74.4, 36.0, 74.4, 55.2, 16.8, 55.2, 61.6, 61.6, 61.6, 80.80000000000001, 61.6, 42.400000000000006, 64.8, 84.0, 64.8, 64.8, 122.4, 122.4, 74.4, 55.2, 55.2, 16.8, 16.8, 55.2, 61.6, 61.6, 42.400000000000006, 80.80000000000001, 80.80000000000001, 80.80000000000001, 64.8, 122.4, 103.2, 84.0, 103.2, 84.0, 55.2, 16.8, 74.4, 16.8, 74.4, 55.2, 42.400000000000006, 80.80000000000001, 80.80000000000001, 61.6, 80.80000000000001, 80.80000000000001, 84.0, 122.4, 64.8, 64.8, 64.8, 64.8, 46.199999999999996, 60.599999999999994, 31.799999999999997, 31.799999999999997, 60.599999999999994, 46.199999999999996, 91.8, 77.39999999999999, 48.6, 60.599999999999994, 60.599999999999994, 60.599999999999994, 60.599999999999994, 31.799999999999997, 31.799999999999997, 63.0, 77.39999999999999, 77.39999999999999, 46.199999999999996, 31.799999999999997, 46.199999999999996, 46.199999999999996, 60.599999999999994, 60.599999999999994, 77.39999999999999, 48.6, 91.8]
mode = [0, 0, 0, 0, 0, 0, 0, 0, 0, 0, 0, 0, 0, 0, 0, 0, 0, 0, 0, 0, 0, 0, 0, 0, 0, 0, 0, 0, 0, 0, 0, 0, 0, 0, 0, 0, 0, 0, 0, 0, 0, 0, 0, 0, 0, 0, 0, 0, 0, 0, 0, 0, 0, 0, 0, 0, 0, 0, 0, 0, 0, 0, 0, 0, 0, 0, 0, 0, 0, 0, 0, 0, 0, 0, 0, 0, 0, 0, 0, 0, 0, 0, 0, 0, 0, 0, 0, 0, 0, 0, 0, 0, 0, 0, 0, 0, 0, 0, 0, 0, 0, 0, 0, 0, 0, 0, 0, 0, 0, 0, 0, 0, 0, 0, 0, 0, 0, 0, 0, 0, 0, 0, 0, 0, 0, 0, 0, 0, 0, 0, 0, 0, 0, 0, 0, 0, 0, 0, 0, 0, 0, 0, 0, 0, 0, 0, 0, 0, 0, 0, 0, 0, 0, 0, 0, 0, 0, 0, 0, 0, 0, 0, 0, 0, 0, 0, 0, 0, 0, 0, 0, 0, 0, 0, 0, 0, 0, 0, 0, 0, 0, 0, 0, 0, 0, 0, 0, 0, 0, 0, 0, 0, 0, 0, 0, 0, 0, 0, 0, 0, 0, 0, 0, 0, 0, 0, 0, 0, 0, 0, 0, 0, 0, 0, 0, 0, 0, 0, 0, 0, 0, 0, 0, 0, 0, 0, 0, 0, 0, 0, 0, 0, 0, 0, 0, 0, 0, 0, 0, 0, 0, 0, 0, 0, 0, 0, 0, 0, 0, 0, 0, 0, 1, 1, 1, 1, 1, 1, 1, 1, 1, 1, 1, 1, 1, 1, 1, 1, 1, 1, 1, 1, 1, 1, 1, 1, 1, 1, 1, 1, 1, 1, 1, 1, 1, 1, 1, 1, 1, 1, 1, 1, 1, 1, 1, 1, 1, 1, 1, 1, 1, 1, 1, 1, 1, 1, 1, 1, 1, 1, 1, 1, 1, 1, 1, 1, 1, 1, 1, 1, 1, 1, 1, 1, 1, 1, 1, 1, 1, 1, 1, 1, 1, 1, 1, 1, 1, 1, 1, 1, 1, 1, 2, 2, 2, 2, 2, 2, 2, 2, 2, 2, 2, 2, 2, 2, 2, 2, 2, 2, 2, 2, 2, 2, 2, 2, 2, 2, 2]
delivery_process = ['Direct-Shipment', 'Cross-Docking', 'Direct-Shipment']
distance_ln = [[4.66, 2.58, 9.6, 0.73, 8.66, 5.0, 0.8, 3.13, 7.63, 6.98, 6.52, 3.18, 10.53, 1.65, 6.75, 10.56, 2.49, 12.21, 11.13, 2.39, 9.33, 1.89, 0.82, 1.46, 4.86, 6.73, 10.11, 7.79, 1.25, 5.9, 13.44, 4.99, 3.75, 6.58, 4.84, 2.55, 2.31, 4.26, 5.31, 6.64, 1.5, 5.68, 5.11, 6.21, 5.69, 1.28, 5.12, 1.28, 7.35, 4.2, 9.35, 1.19, 4.34, 5.13, 2.8, 2.7, 8.48, 1.55, 6.82, 5.09, 3.8, 7.12, 4.79, 3.51, 2.66, 11.28, 14.13, 14.86, 0.92, 15.64, 0.83, 3.85, 4.84, 1.49, 6.15, 10.53, 1.73, 7.52, 10.17, 4.39, 11.11, 1.12, 0.0, 1.93, 6.18, 6.23, 8.8, 6.0, 5.91, 3.0, 12.0, 2.02, 1.72, 4.59, 6.25, 11.59, 7.72, 2.29, 1.51, 4.44], [9.96, 12.82, 1.49, 16.05, 1.77, 2.72, 7.92, 1.76, 5.14, 2.47, 1.21, 4.85, 9.11, 10.45, 20.08, 3.69, 11.54, 1.05, 6.32, 9.49, 2.28, 15.35, 6.31, 6.77, 7.9, 1.14, 4.04, 3.21, 8.26, 4.72, 15.0, 7.75, 10.1, 4.89, 11.62, 5.65, 20.2, 9.69, 7.88, 5.15, 3.78, 3.66, 0.22, 7.3, 2.93, 5.38, 6.55, 9.09, 10.35, 17.16, 1.66, 2.22, 0.45, 15.85, 6.95, 4.52, 3.77, 4.93, 5.63, 11.51, 4.31, 8.89, 9.32, 12.73, 2.87, 6.43, 2.05, 1.88, 9.32, 2.64, 4.54, 0.65, 12.37, 5.63, 3.59, 2.73, 2.18, 0.13, 2.18, 4.32, 4.76, 12.81, 7.63, 5.17, 9.97, 8.33, 8.53, 7.33, 3.05, 8.92, 9.06, 3.69, 8.8, 3.64, 12.3, 4.58, 3.94, 5.42, 6.99, 9.52], [0.98, 9.47, 3.26, 7.54, 13.75, 1.31, 5.1, 1.97, 2.56, 4.0, 2.29, 6.94, 0.77, 3.97, 9.39, 10.03, 3.06, 12.47, 0.92, 3.82, 0.95, 5.51, 4.91, 16.51, 10.16, 9.34, 8.63, 9.4, 7.38, 7.08, 0.88, 1.07, 2.66, 2.05, 0.67, 3.07, 4.79, 4.92, 7.31, 2.24, 2.07, 3.6, 12.32, 7.08, 0.62, 7.81, 7.71, 10.01, 2.97, 15.45, 3.72, 2.9, 17.44, 1.79, 11.64, 6.74, 1.78, 6.4, 7.12, 13.28, 5.86, 0.78, 8.94, 5.9, 12.15, 8.86, 10.88, 7.54, 3.39, 7.0, 14.06, 4.3, 2.59, 3.54, 7.12, 0.66, 6.65, 10.67, 6.97, 2.66, 14.15, 7.63, 8.98, 4.52, 4.88, 1.0, 2.23, 5.71, 2.85, 4.38, 19.09, 9.02, 1.88, 5.69, 2.17, 18.25, 8.91, 3.46, 4.44, 5.95]]
distance_nn = [[0.0, 0.46, 11.43, 4.53, 1.99, 5.49, 3.63, 9.79, 5.76, 9.53, 8.91, 5.65, 7.8, 0.68, 4.51, 4.81, 0.37, 13.82, 7.69, 7.56, 2.2, 2.88, 3.08, 1.59, 7.35, 12.85, 17.8, 12.32, 0.67, 1.86, 11.55, 5.54, 2.23, 3.1, 0.32, 1.76, 6.45, 7.85, 2.61, 2.07, 8.08, 10.66, 15.12, 5.8, 3.14, 0.89, 9.83, 3.32, 4.16, 6.19, 8.85, 6.94, 4.38, 9.66, 1.69, 8.02, 4.84, 6.45, 6.43, 15.05, 4.15, 1.55, 7.47, 6.94, 2.3, 11.98, 18.11, 15.55, 0.97, 9.06, 8.06, 14.6, 1.67, 3.77, 1.88, 0.93, 1.07, 14.19, 10.22, 10.04, 11.79, 2.97, 3.89, 0.46, 14.42, 7.08, 1.87, 6.67, 7.92, 9.82, 1.78, 1.21, 5.96, 8.44, 3.88, 7.2, 3.76, 6.11, 1.66, 0.51], [1.16, 0.0, 9.78, 1.38, 6.34, 2.55, 7.38, 8.96, 2.65, 9.29, 3.51, 8.6, 2.5, 3.65, 3.78, 11.39, 0.51, 11.0, 8.27, 1.74, 2.35, 1.2, 3.62, 1.22, 7.18, 7.93, 10.5, 10.28, 1.81, 5.14, 11.57, 4.06, 1.43, 5.32, 2.54, 3.66, 2.48, 8.85, 1.53, 9.08, 3.18, 6.64, 3.85, 8.2, 1.6, 0.45, 2.26, 5.75, 6.96, 4.43, 1.41, 7.91, 10.51, 10.15, 3.44, 3.92, 5.4, 15.49, 1.61, 7.84, 1.31, 2.9, 6.41, 11.28, 6.95, 4.35, 12.65, 6.27, 4.4, 16.24, 2.02, 16.23, 6.99, 2.01, 2.34, 2.63, 3.8, 7.65, 5.88, 5.83, 3.21, 8.05, 3.37, 0.67, 11.46, 1.72, 3.45, 1.71, 9.55, 3.09, 14.1, 5.18, 4.8, 16.78, 7.84, 4.67, 9.59, 3.41, 1.79, 0.42], [11.36, 10.42, 0.0, 6.69, 2.44, 7.86, 11.8, 5.92, 10.13, 6.27, 2.96, 11.21, 4.3, 21.45, 8.31, 2.06, 5.76, 1.79, 6.49, 7.31, 8.98, 1.65, 7.77, 5.66, 8.44, 3.7, 0.49, 1.28, 7.28, 2.47, 7.5, 1.78, 6.37, 14.01, 12.01, 4.26, 21.42, 1.7, 2.08, 2.22, 9.0, 3.67, 3.86, 1.2, 2.52, 14.71, 3.15, 8.41, 1.83, 5.44, 10.97, 11.68, 5.14, 14.1, 3.55, 7.83, 18.64, 2.03, 2.25, 1.01, 2.45, 16.1, 16.53, 8.49, 1.27, 3.82, 6.7, 8.98, 10.95, 8.19, 5.41, 0.0, 2.69, 11.19, 8.58, 5.0, 3.33, 3.21, 6.25, 6.02, 2.07, 9.59, 2.99, 12.73, 9.66, 3.88, 15.45, 0.75, 2.93, 1.94, 5.97, 1.81, 2.59, 2.71, 11.47, 5.53, 1.17, 7.13, 11.09, 6.68], [4.17, 7.07, 13.34, 0.0, 5.11, 8.51, 0.5, 4.88, 14.36, 17.77, 4.71, 0.0, 13.91, 4.46, 7.14, 9.47, 5.07, 11.31, 3.41, 7.15, 3.5, 3.84, 2.06, 2.59, 2.19, 4.95, 5.75, 1.45, 7.6, 4.51, 2.17, 4.31, 13.31, 10.79, 9.65, 5.89, 8.9, 4.18, 6.83, 1.41, 2.3, 16.58, 6.77, 1.74, 15.19, 3.18, 8.65, 1.06, 8.36, 1.03, 19.21, 0.86, 7.54, 11.54, 1.81, 11.16, 2.99, 4.1, 7.14, 6.44, 2.57, 13.44, 0.41, 4.39, 6.02, 14.3, 17.72, 7.13, 6.43, 16.48, 3.48, 11.11, 5.06, 1.2, 5.55, 12.32, 3.24, 11.83, 14.02, 3.61, 5.84, 2.21, 4.83, 2.35, 4.95, 15.89, 11.72, 3.36, 3.72, 4.47, 8.01, 1.98, 4.85, 9.19, 9.06, 6.11, 6.32, 9.1, 1.04, 6.95], [1.87, 12.17, 1.21, 6.4, 0.0, 4.76, 8.58, 4.8, 5.19, 2.28, 6.3, 2.43, 5.13, 9.34, 8.61, 0.67, 3.91, 4.7, 1.42, 9.05, 8.8, 2.93, 2.59, 5.0, 1.75, 8.76, 5.16, 1.72, 2.23, 0.31, 1.94, 6.88, 12.78, 9.09, 6.78, 4.23, 17.56, 1.19, 0.6, 0.96, 2.25, 7.91, 2.23, 1.5, 12.51, 2.63, 5.37, 2.03, 11.36, 8.39, 16.0, 6.75, 1.46, 13.55, 0.48, 1.93, 9.89, 0.57, 2.91, 1.66, 2.91, 14.65, 4.06, 6.01, 2.36, 5.39, 9.04, 1.15, 1.69, 6.8, 0.8, 0.49, 1.47, 6.04, 6.8, 4.62, 1.83, 5.67, 4.36, 2.07, 1.41, 2.89, 6.16, 1.98, 8.99, 11.79, 11.06, 1.95, 2.38, 4.03, 1.78, 1.36, 4.47, 1.93, 11.16, 1.09, 4.7, 4.59, 7.51, 4.55], [6.39, 3.28, 6.16, 5.47, 3.04, 0.0, 3.58, 2.86, 4.54, 5.49, 0.75, 4.68, 7.3, 10.74, 4.26, 1.19, 0.91, 1.96, 4.57, 3.2, 7.69, 5.01, 2.29, 3.44, 1.71, 3.64, 9.44, 1.97, 0.78, 5.22, 6.93, 0.88, 6.05, 2.75, 0.8, 1.07, 11.8, 2.21, 1.64, 8.56, 0.73, 6.18, 1.83, 6.59, 4.02, 2.77, 2.33, 3.01, 1.52, 9.77, 7.03, 7.8, 7.9, 3.46, 9.14, 1.01, 7.57, 8.16, 6.39, 10.25, 1.96, 2.51, 4.18, 9.93, 1.54, 10.1, 12.49, 4.75, 1.81, 1.84, 3.01, 5.54, 7.39, 0.86, 2.07, 3.44, 1.54, 5.12, 2.75, 6.68, 2.43, 4.67, 1.61, 6.22, 11.42, 2.93, 4.9, 4.99, 3.5, 3.07, 5.26, 0.87, 1.16, 1.63, 7.14, 5.4, 2.52, 0.56, 1.88, 2.14], [6.94, 2.31, 6.17, 1.35, 8.62, 3.55, 0.0, 4.69, 6.12, 5.63, 3.53, 1.15, 12.22, 6.63, 1.41, 1.61, 2.45, 10.3, 12.6, 12.26, 5.15, 1.34, 2.56, 4.06, 3.02, 14.92, 4.56, 4.79, 6.22, 7.65, 4.05, 5.52, 12.28, 10.39, 8.74, 6.89, 9.46, 2.23, 5.2, 8.95, 9.22, 3.66, 12.57, 4.08, 3.01, 3.87, 6.15, 2.12, 2.11, 2.78, 4.63, 1.36, 10.67, 9.97, 2.35, 5.97, 10.41, 7.42, 10.63, 1.64, 4.82, 2.01, 3.38, 3.05, 3.39, 13.55, 17.95, 15.07, 3.73, 3.63, 3.52, 1.38, 11.76, 4.43, 8.75, 6.78, 0.62, 4.11, 11.19, 13.46, 10.09, 1.13, 3.1, 2.39, 5.75, 3.31, 9.43, 2.26, 15.97, 6.1, 1.63, 1.71, 2.14, 6.17, 7.03, 5.08, 6.22, 1.36, 1.28, 6.68], [9.14, 10.85, 1.54, 2.55, 1.25, 5.61, 0.97, 0.0, 11.64, 8.49, 2.95, 1.5, 17.81, 4.77, 7.52, 5.0, 4.02, 3.08, 15.24, 10.61, 8.71, 8.56, 7.25, 0.17, 3.53, 6.22, 3.15, 1.22, 4.46, 2.37, 4.83, 0.96, 19.54, 9.51, 2.73, 9.05, 11.63, 1.17, 0.93, 5.48, 8.39, 9.4, 5.57, 3.22, 9.19, 3.57, 2.71, 4.56, 7.93, 3.91, 18.47, 1.18, 10.95, 5.9, 2.73, 10.3, 19.22, 2.09, 14.73, 3.0, 0.97, 2.75, 6.82, 3.11, 0.58, 16.55, 1.75, 11.72, 3.93, 11.37, 0.57, 8.88, 8.01, 6.32, 9.61, 6.58, 7.94, 12.48, 6.06, 5.34, 1.95, 1.19, 6.53, 7.03, 3.68, 13.7, 3.29, 0.48, 9.0, 7.38, 3.51, 1.24, 11.66, 3.22, 15.97, 1.36, 2.25, 5.08, 5.89, 2.85], [4.38, 6.02, 5.42, 9.93, 2.91, 1.78, 6.44, 11.96, 0.0, 3.4, 0.18, 11.95, 2.72, 11.02, 13.22, 6.02, 4.75, 2.73, 0.91, 0.29, 2.09, 9.9, 4.55, 14.01, 4.69, 8.36, 7.82, 10.31, 6.87, 8.03, 4.65, 5.05, 3.78, 1.99, 2.82, 4.36, 9.69, 10.43, 9.9, 8.95, 1.62, 0.61, 11.97, 11.83, 4.23, 1.08, 4.28, 3.03, 4.47, 3.45, 1.94, 1.63, 9.35, 2.6, 3.53, 1.85, 4.29, 9.9, 1.08, 4.16, 5.1, 7.04, 12.61, 2.09, 1.54, 3.39, 7.22, 1.81, 6.29, 2.39, 3.84, 2.85, 0.25, 2.41, 1.01, 1.14, 6.73, 7.84, 5.2, 0.39, 9.05, 15.95, 2.72, 5.68, 17.98, 1.6, 6.57, 11.83, 0.71, 6.9, 10.4, 6.21, 2.2, 4.8, 0.93, 5.06, 3.08, 3.67, 3.81, 5.26], [3.77, 10.89, 10.54, 15.48, 3.0, 3.12, 1.64, 13.81, 3.43, 0.0, 2.46, 9.94, 5.37, 6.37, 17.83, 1.9, 12.08, 8.34, 4.18, 3.24, 0.76, 8.66, 9.64, 4.27, 7.94, 6.36, 5.72, 11.64, 3.44, 2.65, 7.49, 1.57, 4.63, 5.3, 1.46, 1.2, 9.43, 10.17, 6.13, 2.82, 1.86, 2.79, 8.65, 4.18, 2.74, 12.55, 1.57, 2.35, 6.74, 5.4, 1.21, 12.1, 3.21, 1.13, 2.44, 0.48, 4.12, 9.29, 0.48, 2.0, 1.0, 5.58, 11.97, 13.5, 1.5, 0.5, 1.4, 1.52, 5.58, 1.49, 6.35, 3.93, 0.95, 12.35, 3.86, 3.23, 6.76, 4.93, 0.7, 0.98, 13.41, 7.44, 1.48, 3.39, 5.43, 1.89, 7.43, 2.97, 2.71, 4.44, 14.25, 9.94, 5.89, 4.02, 5.51, 9.49, 2.57, 6.14, 13.74, 12.59], [8.17, 7.89, 2.57, 11.69, 9.98, 1.14, 12.88, 7.08, 0.79, 2.49, 0.0, 4.42, 4.08, 8.97, 12.19, 1.85, 3.29, 12.22, 2.39, 0.0, 2.49, 6.48, 5.35, 11.69, 2.56, 5.96, 6.87, 6.22, 1.45, 11.4, 1.97, 1.32, 1.55, 2.91, 3.69, 1.43, 11.45, 12.47, 6.5, 9.2, 1.12, 0.91, 3.71, 9.66, 4.13, 6.36, 2.63, 5.1, 2.33, 7.26, 4.21, 7.61, 3.69, 2.91, 9.99, 1.92, 0.9, 9.99, 1.99, 10.15, 1.98, 4.69, 3.14, 8.71, 5.99, 4.95, 1.92, 2.86, 4.49, 6.62, 2.43, 9.4, 2.14, 3.17, 2.37, 6.07, 2.39, 5.56, 4.73, 1.56, 11.7, 14.7, 4.73, 7.99, 16.45, 3.39, 7.93, 12.26, 3.4, 6.32, 17.4, 8.27, 2.15, 13.67, 3.82, 3.17, 2.51, 4.82, 11.24, 2.42], [3.54, 2.6, 3.46, 0.0, 2.57, 5.31, 1.03, 4.2, 14.52, 16.28, 10.86, 0.0, 8.5, 8.89, 7.13, 3.58, 5.94, 6.0, 4.03, 12.4, 3.05, 3.07, 3.88, 2.86, 3.75, 18.31, 15.37, 4.31, 8.06, 2.67, 15.84, 8.69, 6.98, 6.76, 10.36, 9.94, 1.96, 2.8, 3.11, 10.75, 12.27, 11.31, 8.33, 5.14, 4.55, 4.85, 1.4, 4.36, 3.75, 0.38, 7.91, 0.82, 12.52, 7.7, 8.25, 2.62, 10.18, 6.82, 9.7, 5.74, 2.64, 9.42, 3.32, 3.0, 5.61, 14.29, 16.18, 8.01, 3.46, 4.39, 2.78, 7.5, 11.0, 3.04, 10.81, 10.17, 1.97, 9.2, 9.88, 10.91, 5.64, 1.58, 3.18, 1.68, 5.72, 17.73, 7.0, 1.21, 1.9, 3.1, 5.37, 1.23, 3.19, 1.82, 10.5, 7.62, 7.13, 3.5, 2.84, 10.24], [4.76, 5.58, 2.91, 17.08, 12.67, 5.76, 4.4, 12.17, 2.32, 6.97, 4.32, 6.97, 0.0, 10.48, 15.22, 7.3, 10.96, 2.54, 2.83, 3.13, 1.29, 2.3, 2.85, 2.82, 11.81, 14.31, 8.74, 4.51, 5.64, 4.13, 1.62, 6.43, 0.68, 0.71, 6.24, 6.21, 10.24, 1.95, 3.87, 11.53, 1.37, 1.29, 3.23, 12.86, 4.95, 9.09, 4.83, 1.57, 0.63, 10.97, 1.96, 11.71, 12.07, 1.38, 18.14, 3.98, 0.0, 10.88, 6.5, 5.82, 6.48, 4.98, 17.99, 16.02, 13.49, 4.65, 2.94, 8.88, 4.81, 7.96, 3.15, 11.45, 0.72, 4.63, 3.23, 3.0, 1.3, 3.57, 1.37, 0.53, 16.71, 9.17, 5.45, 1.53, 21.13, 0.32, 3.63, 11.64, 2.23, 5.27, 22.31, 1.6, 0.45, 11.8, 0.46, 10.06, 5.29, 1.93, 16.67, 3.86], [1.93, 3.63, 21.12, 2.67, 14.12, 1.7, 8.85, 7.94, 4.32, 16.17, 8.29, 3.87, 3.18, 0.0, 1.01, 9.22, 5.91, 11.37, 13.1, 10.46, 12.39, 4.6, 2.58, 4.27, 11.89, 4.69, 9.68, 8.25, 0.96, 10.88, 7.34, 9.64, 12.95, 10.41, 3.06, 1.88, 0.3, 2.38, 8.54, 19.76, 13.63, 12.16, 20.6, 15.27, 9.35, 0.89, 13.37, 9.3, 6.76, 2.36, 7.14, 5.22, 12.0, 15.11, 13.12, 10.83, 10.0, 9.8, 9.55, 8.14, 14.56, 7.17, 1.75, 17.35, 11.8, 17.32, 23.65, 16.42, 4.67, 21.4, 13.84, 8.93, 13.02, 0.88, 11.7, 13.04, 5.62, 19.54, 14.95, 17.1, 7.73, 10.74, 5.83, 3.87, 9.09, 15.66, 5.52, 8.75, 15.16, 10.95, 6.96, 7.94, 3.99, 15.02, 2.56, 11.09, 7.2, 8.06, 4.95, 4.42], [2.64, 4.8, 20.62, 6.04, 8.71, 8.44, 6.68, 10.99, 2.79, 6.02, 9.36, 5.79, 15.64, 1.91, 0.0, 6.46, 5.84, 19.06, 5.48, 2.64, 12.9, 2.46, 3.01, 3.66, 1.76, 9.71, 8.57, 7.26, 3.11, 2.32, 5.16, 11.93, 11.77, 5.26, 4.48, 10.04, 0.99, 2.44, 14.3, 4.29, 14.07, 17.27, 6.58, 9.58, 9.5, 4.05, 13.59, 8.06, 11.93, 3.4, 11.53, 8.39, 6.27, 3.36, 10.58, 8.02, 12.25, 16.26, 2.48, 3.56, 6.33, 6.66, 4.32, 14.16, 1.54, 14.52, 9.06, 18.0, 3.81, 11.2, 5.36, 9.18, 16.03, 2.89, 9.1, 9.79, 8.84, 2.57, 12.27, 5.54, 10.0, 3.08, 2.12, 1.26, 12.76, 15.14, 9.76, 13.97, 2.6, 8.25, 5.96, 5.22, 9.34, 6.41, 13.58, 12.81, 3.79, 3.87, 5.11, 2.1], [12.99, 8.74, 1.09, 7.88, 0.2, 1.85, 1.14, 3.39, 2.44, 9.17, 7.25, 5.78, 6.43, 11.59, 2.11, 0.0, 2.64, 3.42, 13.68, 11.11, 10.78, 4.8, 6.19, 2.33, 4.06, 1.96, 3.16, 1.16, 8.86, 1.65, 5.11, 5.91, 12.15, 7.18, 6.04, 4.12, 16.65, 2.78, 2.37, 1.15, 5.86, 7.52, 2.88, 1.92, 10.3, 4.64, 3.68, 6.65, 6.93, 4.2, 8.82, 10.76, 4.51, 13.66, 1.18, 4.68, 10.27, 1.65, 4.48, 2.78, 2.73, 13.8, 14.36, 7.67, 3.75, 6.79, 3.12, 5.97, 7.93, 2.64, 5.41, 0.87, 10.68, 11.13, 5.92, 12.02, 1.6, 2.68, 4.43, 9.02, 1.61, 6.87, 11.65, 12.39, 9.92, 10.31, 11.43, 4.22, 4.29, 4.21, 6.61, 6.16, 1.92, 0.73, 2.83, 3.5, 3.35, 7.27, 8.59, 8.88], [2.35, 1.41, 12.02, 2.37, 4.22, 1.81, 3.57, 9.58, 3.48, 1.73, 5.36, 1.55, 2.06, 4.99, 2.33, 12.0, 0.0, 6.2, 8.48, 8.35, 3.65, 1.96, 4.28, 8.0, 3.17, 11.16, 16.21, 1.11, 0.49, 4.21, 4.42, 0.68, 7.26, 4.46, 3.13, 2.79, 1.17, 1.64, 6.69, 9.02, 4.03, 1.74, 2.42, 2.89, 5.59, 1.37, 6.38, 2.42, 2.39, 4.02, 4.72, 5.64, 4.19, 7.96, 7.3, 3.62, 4.7, 8.58, 3.72, 11.47, 2.02, 2.27, 6.01, 1.47, 3.24, 4.23, 2.12, 12.89, 2.45, 8.3, 8.18, 4.07, 8.84, 2.58, 7.43, 4.02, 0.64, 2.73, 10.61, 3.53, 5.74, 2.62, 0.67, 1.63, 9.26, 2.59, 3.15, 7.95, 7.85, 5.1, 10.12, 3.58, 1.18, 2.52, 1.23, 8.0, 7.77, 1.28, 4.57, 1.92], [13.75, 5.75, 1.44, 10.57, 4.84, 4.2, 5.87, 4.1, 13.96, 6.77, 11.34, 2.51, 5.09, 11.57, 8.29, 1.95, 9.1, 0.0, 12.24, 11.52, 17.83, 15.86, 7.98, 2.69, 10.38, 3.76, 0.72, 2.9, 1.81, 4.51, 12.6, 6.26, 7.05, 6.33, 14.55, 10.92, 8.63, 2.31, 6.93, 3.01, 3.52, 3.99, 0.8, 1.18, 7.67, 11.45, 7.54, 3.17, 13.11, 14.89, 4.22, 1.78, 3.5, 3.49, 1.28, 6.79, 5.43, 2.59, 8.28, 5.78, 7.7, 13.47, 13.53, 2.03, 6.37, 5.27, 4.2, 4.5, 6.17, 5.9, 9.6, 1.73, 4.95, 8.71, 5.5, 6.26, 10.14, 1.82, 2.41, 9.41, 2.37, 10.09, 7.06, 5.79, 2.39, 13.66, 6.45, 5.88, 14.69, 3.46, 8.27, 12.07, 3.96, 3.37, 2.34, 7.41, 0.88, 6.47, 11.85, 13.22], [5.61, 10.42, 7.31, 16.39, 2.82, 3.31, 13.14, 9.74, 0.8, 3.56, 2.72, 9.6, 1.03, 4.8, 2.18, 1.58, 9.31, 6.93, 0.0, 2.51, 1.21, 10.94, 1.28, 8.28, 8.19, 5.38, 15.3, 5.18, 1.99, 12.17, 4.18, 2.41, 2.28, 2.59, 3.45, 2.35, 13.45, 7.1, 8.51, 1.74, 4.8, 1.53, 11.0, 7.3, 2.87, 9.98, 7.88, 4.95, 2.41, 13.82, 1.77, 11.82, 12.47, 1.55, 2.4, 2.23, 2.15, 6.64, 0.85, 10.48, 8.91, 5.55, 17.09, 11.94, 8.53, 4.02, 3.31, 7.67, 5.48, 6.63, 6.93, 12.93, 0.0, 7.02, 3.87, 2.85, 1.38, 3.87, 6.13, 0.58, 14.76, 6.12, 2.47, 9.34, 9.71, 0.89, 3.06, 5.22, 0.75, 5.51, 4.64, 2.7, 3.13, 7.51, 0.9, 6.27, 14.05, 1.66, 8.75, 9.16], [3.71, 3.48, 3.4, 12.12, 6.71, 2.05, 10.97, 10.07, 0.92, 1.65, 0.0, 9.43, 3.79, 13.61, 6.01, 7.93, 7.55, 2.26, 1.39, 0.0, 3.06, 8.32, 2.28, 13.28, 2.29, 8.08, 6.11, 9.04, 7.22, 8.28, 4.48, 3.54, 1.8, 3.53, 4.04, 2.04, 12.65, 8.06, 10.62, 3.17, 0.7, 0.94, 1.19, 1.77, 0.79, 6.83, 3.26, 5.24, 6.67, 11.37, 3.69, 3.65, 11.27, 0.96, 10.31, 1.26, 2.53, 4.47, 3.17, 14.47, 1.29, 7.04, 13.47, 16.29, 7.16, 1.21, 3.75, 4.38, 4.57, 1.35, 4.58, 10.14, 1.41, 12.92, 0.51, 5.34, 3.34, 5.82, 1.5, 0.96, 10.97, 15.37, 10.42, 2.37, 2.81, 4.19, 5.51, 11.06, 1.79, 0.76, 6.45, 5.06, 3.18, 14.64, 3.28, 10.13, 7.88, 1.2, 2.04, 2.39], [6.35, 9.73, 6.27, 15.4, 15.39, 7.07, 11.53, 2.1, 3.28, 4.03, 2.23, 16.62, 1.28, 2.6, 14.96, 11.27, 6.64, 8.17, 0.58, 2.23, 0.0, 5.85, 4.67, 10.26, 5.08, 5.41, 2.14, 13.3, 9.54, 12.7, 2.32, 7.74, 0.77, 2.68, 6.6, 5.66, 12.56, 16.22, 9.63, 4.57, 3.53, 1.78, 10.7, 16.34, 2.03, 4.02, 1.6, 8.08, 2.14, 15.19, 2.41, 4.82, 3.18, 0.92, 8.43, 5.92, 1.16, 9.12, 4.22, 3.22, 2.95, 6.75, 2.35, 4.72, 2.94, 7.79, 6.78, 6.02, 10.78, 12.07, 7.01, 6.41, 0.44, 9.62, 7.54, 2.16, 9.02, 12.12, 9.43, 2.91, 14.08, 7.44, 4.23, 3.61, 2.32, 0.18, 5.52, 6.54, 1.31, 3.35, 6.43, 4.43, 1.45, 8.53, 2.03, 11.03, 13.0, 5.56, 5.07, 2.04], [2.75, 1.1, 4.97, 5.49, 2.61, 1.72, 0.72, 8.98, 7.6, 7.45, 2.31, 6.5, 7.58, 2.44, 3.05, 9.3, 1.74, 12.35, 4.62, 5.7, 5.31, 0.0, 1.66, 2.76, 4.63, 4.36, 17.48, 1.32, 1.02, 10.5, 11.25, 3.32, 8.25, 4.39, 2.92, 3.28, 4.28, 1.21, 2.56, 9.15, 7.04, 10.62, 11.93, 5.55, 3.47, 2.63, 6.42, 0.55, 8.63, 4.77, 5.76, 3.65, 6.6, 5.22, 12.21, 11.06, 6.49, 7.61, 12.18, 8.35, 1.3, 6.37, 2.9, 8.75, 3.46, 9.88, 6.56, 10.63, 2.41, 5.62, 8.21, 2.14, 9.49, 2.95, 2.0, 7.3, 2.72, 5.51, 3.11, 12.76, 8.61, 1.66, 0.33, 0.13, 4.0, 9.25, 4.85, 7.91, 3.38, 5.69, 2.8, 4.26, 1.97, 6.72, 7.13, 14.85, 12.09, 5.1, 1.8, 0.59], [1.0, 3.48, 9.31, 11.68, 9.68, 3.63, 6.46, 12.54, 2.25, 3.96, 1.94, 9.96, 7.07, 2.75, 2.88, 3.68, 1.11, 13.05, 4.06, 1.72, 4.49, 2.03, 0.0, 5.57, 4.12, 7.66, 16.29, 3.08, 1.86, 3.29, 8.35, 1.86, 7.79, 0.67, 0.31, 3.23, 8.16, 2.15, 4.91, 6.48, 2.54, 4.53, 12.53, 13.4, 1.15, 0.8, 2.14, 3.16, 1.85, 1.76, 3.61, 8.64, 17.31, 1.15, 1.52, 0.95, 4.89, 10.79, 7.41, 15.2, 5.13, 1.33, 6.64, 5.83, 7.94, 8.74, 2.76, 11.74, 4.39, 2.12, 1.4, 12.55, 1.07, 8.53, 2.27, 3.27, 3.04, 2.82, 6.77, 6.05, 8.48, 2.04, 5.01, 5.17, 11.18, 4.04, 2.31, 6.78, 1.88, 1.31, 3.87, 0.85, 2.49, 16.59, 2.77, 5.92, 11.64, 2.14, 1.68, 1.81], [6.04, 2.38, 4.0, 2.62, 2.31, 4.01, 3.67, 0.76, 5.46, 15.41, 5.03, 3.07, 5.53, 7.77, 8.9, 3.95, 1.39, 3.51, 2.11, 1.51, 5.3, 3.53, 11.02, 0.0, 7.19, 7.48, 7.4, 3.2, 6.62, 0.56, 15.83, 6.06, 6.1, 13.43, 4.99, 7.84, 6.54, 0.14, 4.35, 5.76, 11.7, 7.97, 3.05, 3.77, 11.19, 8.31, 3.91, 4.76, 2.03, 5.51, 7.42, 0.61, 5.05, 8.83, 2.43, 7.67, 7.19, 4.73, 15.16, 3.86, 4.56, 1.62, 1.89, 0.85, 2.39, 6.72, 7.07, 8.49, 1.29, 12.87, 1.26, 6.82, 4.55, 6.09, 2.54, 15.09, 3.78, 5.41, 3.15, 11.0, 2.44, 0.69, 3.96, 6.89, 4.72, 7.88, 15.57, 0.37, 7.99, 5.95, 3.82, 3.85, 7.51, 5.54, 14.47, 0.69, 10.44, 4.05, 4.33, 6.91], [7.41, 3.94, 2.61, 7.44, 0.72, 0.75, 3.48, 6.17, 6.85, 8.56, 1.59, 2.0, 9.68, 3.53, 7.5, 4.05, 1.15, 3.83, 2.23, 2.48, 7.17, 4.49, 2.08, 5.83, 0.0, 5.74, 7.96, 3.71, 0.97, 4.67, 8.14, 0.39, 5.31, 4.4, 6.14, 1.86, 10.9, 4.44, 3.49, 7.74, 1.56, 6.77, 3.61, 0.91, 3.14, 3.49, 1.47, 1.29, 6.22, 5.68, 1.44, 0.98, 8.22, 5.09, 5.52, 1.17, 7.25, 1.94, 7.55, 8.61, 0.47, 7.7, 5.57, 7.45, 1.32, 5.03, 2.51, 7.26, 2.46, 7.58, 4.04, 5.94, 2.69, 5.86, 3.96, 9.38, 2.75, 3.79, 5.12, 2.38, 3.87, 6.24, 4.92, 2.67, 3.37, 6.49, 8.36, 1.35, 3.8, 0.77, 8.35, 2.09, 3.27, 6.17, 5.28, 5.0, 4.07, 2.68, 6.7, 2.45], [11.58, 9.82, 6.7, 12.7, 3.51, 9.26, 13.23, 8.55, 9.52, 6.66, 8.84, 12.1, 8.43, 22.97, 7.47, 6.83, 9.14, 4.44, 3.27, 6.97, 13.91, 5.19, 7.12, 8.04, 5.26, 0.0, 3.47, 7.38, 11.0, 6.94, 2.97, 9.97, 12.28, 12.43, 14.44, 7.13, 19.89, 12.9, 4.73, 1.57, 4.32, 6.9, 0.43, 11.97, 11.69, 13.71, 8.59, 13.43, 5.12, 11.11, 2.56, 17.62, 2.16, 12.43, 4.84, 6.83, 2.76, 2.5, 0.72, 11.71, 2.98, 14.53, 17.07, 4.84, 4.86, 1.12, 0.9, 2.06, 12.99, 0.89, 5.54, 4.78, 9.53, 9.3, 6.41, 4.74, 4.24, 2.15, 0.66, 6.19, 10.6, 11.57, 14.82, 5.59, 12.96, 9.14, 12.8, 2.75, 8.32, 6.32, 9.62, 9.94, 9.33, 5.68, 4.99, 7.63, 7.06, 4.63, 8.43, 18.0], [17.18, 15.01, 2.89, 1.9, 5.48, 3.21, 9.03, 3.99, 9.09, 11.49, 4.28, 15.77, 13.51, 10.06, 20.9, 1.76, 2.67, 0.52, 8.61, 6.74, 16.58, 15.47, 7.98, 6.29, 3.0, 0.76, 0.0, 3.49, 10.19, 6.31, 13.77, 6.71, 4.57, 3.43, 8.34, 4.22, 22.1, 2.18, 5.24, 6.04, 7.94, 10.99, 2.58, 8.15, 16.32, 8.46, 3.34, 2.67, 14.29, 13.44, 8.03, 8.65, 2.41, 3.56, 7.33, 3.57, 10.3, 2.24, 4.13, 2.42, 2.52, 14.05, 7.47, 12.19, 10.8, 1.33, 1.28, 6.07, 13.01, 2.9, 2.87, 2.56, 11.39, 16.19, 8.6, 2.8, 10.65, 3.47, 2.35, 13.83, 6.88, 11.1, 3.08, 5.28, 10.56, 5.33, 5.77, 1.14, 10.14, 1.06, 12.81, 10.78, 10.18, 5.28, 5.11, 5.09, 0.93, 3.24, 8.74, 6.98], [6.54, 10.7, 0.64, 5.48, 1.01, 4.27, 5.9, 2.8, 2.37, 6.52, 4.63, 2.35, 9.7, 7.43, 12.64, 0.73, 4.02, 4.58, 5.75, 4.74, 7.36, 5.2, 9.44, 3.57, 3.57, 8.78, 4.46, 0.0, 2.89, 1.31, 2.12, 1.91, 8.61, 9.08, 2.95, 2.9, 4.83, 0.39, 0.12, 3.97, 2.55, 2.97, 4.56, 1.61, 13.24, 4.38, 2.5, 3.6, 2.8, 7.17, 6.33, 1.0, 4.07, 13.18, 1.57, 3.09, 1.99, 1.65, 4.72, 0.94, 1.16, 3.48, 9.91, 4.07, 2.89, 12.4, 9.63, 6.7, 1.93, 2.43, 1.72, 2.64, 5.0, 5.25, 3.57, 1.73, 5.0, 2.06, 1.8, 3.53, 0.83, 1.14, 3.04, 3.92, 2.86, 6.76, 14.73, 0.21, 12.37, 2.61, 4.35, 1.03, 6.43, 2.7, 11.35, 4.65, 2.4, 1.33, 7.24, 3.62], [1.82, 0.97, 3.46, 8.56, 2.68, 1.23, 1.06, 2.89, 4.96, 10.91, 6.09, 5.72, 2.55, 8.55, 6.39, 7.66, 0.48, 9.37, 8.91, 6.24, 8.81, 1.06, 1.45, 4.35, 3.4, 2.97, 2.88, 8.77, 0.0, 4.7, 8.35, 3.14, 6.97, 5.01, 1.12, 3.6, 5.62, 6.01, 5.27, 2.88, 7.35, 0.95, 5.34, 1.79, 2.08, 1.9, 4.91, 1.09, 5.0, 1.12, 11.98, 7.47, 15.65, 5.08, 3.75, 6.53, 6.21, 8.29, 9.62, 4.23, 0.97, 4.18, 1.97, 10.52, 1.76, 2.46, 4.77, 8.38, 0.22, 3.63, 4.65, 2.52, 5.28, 3.63, 5.15, 8.65, 1.8, 2.35, 5.94, 9.32, 4.23, 6.37, 0.83, 2.8, 9.24, 5.91, 1.37, 1.25, 6.1, 2.71, 3.08, 2.07, 4.48, 2.74, 2.56, 9.21, 6.93, 1.08, 5.79, 4.21], [2.96, 12.45, 3.65, 7.19, 0.74, 5.95, 7.87, 4.19, 11.24, 10.13, 5.02, 1.01, 6.58, 6.97, 2.95, 1.62, 6.59, 4.27, 3.48, 10.08, 15.33, 9.42, 9.22, 1.87, 3.25, 8.75, 5.23, 0.88, 8.12, 0.0, 10.5, 7.04, 2.38, 7.98, 6.31, 3.99, 6.2, 3.6, 0.43, 1.07, 5.55, 9.79, 5.65, 1.9, 5.46, 6.98, 4.69, 1.05, 4.73, 3.41, 4.71, 8.01, 6.56, 8.09, 0.22, 9.73, 3.43, 0.57, 8.51, 2.72, 0.56, 12.63, 10.91, 7.03, 4.63, 12.44, 6.22, 9.61, 6.57, 4.59, 2.76, 2.56, 10.63, 10.16, 1.93, 3.18, 4.61, 3.82, 1.64, 7.3, 1.62, 4.36, 8.26, 8.06, 4.86, 12.54, 9.32, 0.89, 3.16, 3.27, 4.69, 6.38, 2.64, 1.18, 14.2, 5.06, 4.54, 4.62, 8.66, 7.17], [11.85, 13.0, 13.3, 2.57, 3.74, 7.75, 14.7, 5.47, 3.04, 1.27, 5.29, 15.9, 1.54, 16.63, 15.08, 14.97, 8.99, 13.71, 2.9, 4.37, 2.1, 4.46, 4.57, 15.46, 10.59, 2.29, 18.85, 8.18, 8.66, 4.76, 0.0, 11.11, 0.87, 4.67, 4.53, 5.56, 8.41, 18.35, 11.69, 13.91, 8.82, 3.66, 12.96, 12.33, 3.32, 7.79, 1.77, 6.36, 5.21, 18.37, 0.25, 6.33, 18.59, 1.23, 9.79, 2.0, 0.91, 7.18, 2.39, 18.72, 4.74, 4.27, 9.33, 14.54, 10.32, 7.76, 7.99, 7.1, 12.45, 10.35, 9.49, 2.77, 2.79, 9.83, 8.66, 3.12, 1.87, 11.55, 6.96, 3.47, 16.11, 6.84, 9.06, 14.75, 5.39, 1.96, 3.78, 3.16, 3.06, 12.38, 3.86, 13.44, 4.15, 3.28, 0.76, 20.94, 9.9, 4.08, 13.02, 8.1], [2.84, 1.7, 6.01, 1.81, 4.28, 0.44, 1.4, 1.65, 1.06, 5.45, 3.58, 3.76, 8.69, 6.73, 4.83, 7.81, 5.14, 2.01, 4.51, 2.46, 6.75, 5.33, 0.85, 6.44, 0.73, 7.03, 3.86, 3.62, 3.08, 5.15, 8.82, 0.0, 3.36, 4.96, 5.54, 0.28, 9.24, 3.27, 3.63, 10.01, 1.2, 2.58, 8.77, 3.74, 0.84, 2.22, 0.43, 1.04, 3.01, 10.64, 2.14, 2.67, 8.13, 4.73, 1.52, 4.49, 3.8, 8.16, 7.13, 1.83, 0.77, 4.81, 9.58, 11.78, 1.41, 2.58, 1.34, 8.67, 1.07, 2.96, 5.84, 1.28, 3.93, 1.29, 2.2, 7.35, 0.83, 2.87, 1.87, 3.4, 10.34, 9.19, 3.23, 7.08, 6.41, 8.44, 2.33, 2.93, 1.02, 0.59, 2.54, 2.94, 5.03, 8.01, 7.36, 2.94, 10.96, 0.74, 4.31, 3.56], [2.57, 3.51, 10.74, 9.51, 2.27, 3.56, 3.36, 2.58, 0.95, 6.75, 5.38, 19.35, 1.19, 8.97, 11.02, 8.62, 1.84, 13.41, 1.73, 1.18, 1.68, 12.51, 8.05, 3.62, 1.55, 11.6, 9.72, 2.61, 8.25, 8.79, 0.35, 6.01, 0.0, 2.48, 3.53, 4.09, 4.05, 11.17, 13.93, 11.14, 1.48, 2.41, 6.53, 6.91, 3.52, 7.73, 9.65, 1.4, 3.4, 8.1, 1.11, 13.64, 11.96, 0.83, 8.32, 7.58, 0.85, 6.38, 1.68, 6.45, 10.64, 5.18, 9.46, 14.02, 13.27, 4.08, 3.27, 8.73, 5.81, 7.24, 13.91, 3.18, 2.22, 12.57, 2.85, 1.14, 8.96, 8.56, 4.34, 3.74, 18.89, 12.96, 8.92, 2.6, 6.94, 1.09, 3.73, 18.11, 1.22, 9.42, 20.06, 3.12, 1.9, 7.65, 2.06, 7.51, 2.07, 8.4, 16.53, 11.75], [5.89, 0.9, 13.11, 6.08, 12.9, 4.12, 1.9, 12.6, 0.73, 5.32, 2.39, 12.28, 5.13, 6.71, 11.3, 3.27, 0.86, 14.0, 2.48, 1.38, 2.77, 5.59, 0.79, 5.97, 5.04, 12.66, 6.87, 4.44, 5.26, 3.0, 5.26, 5.01, 1.92, 0.0, 2.43, 4.1, 5.95, 8.45, 6.15, 8.22, 5.16, 4.97, 5.4, 4.77, 0.49, 5.15, 1.87, 5.76, 0.88, 14.54, 2.09, 4.76, 4.39, 4.61, 6.02, 3.2, 4.0, 10.32, 7.42, 10.5, 8.38, 0.74, 9.79, 11.19, 7.21, 2.56, 3.39, 7.38, 3.99, 9.63, 9.91, 7.67, 2.74, 8.44, 5.66, 3.46, 5.02, 5.48, 4.27, 1.3, 1.86, 4.9, 7.13, 5.49, 8.22, 1.61, 2.25, 7.51, 0.66, 3.56, 17.29, 6.1, 0.2, 8.15, 0.9, 15.4, 9.48, 4.37, 11.12, 4.96], [2.6, 3.47, 13.52, 11.04, 5.35, 3.53, 8.96, 10.3, 1.04, 6.76, 3.33, 1.21, 6.63, 7.61, 3.77, 10.1, 1.05, 16.59, 0.76, 5.82, 4.67, 3.18, 0.73, 11.01, 2.11, 14.64, 2.84, 8.86, 2.82, 4.84, 5.76, 2.59, 7.48, 1.43, 0.0, 2.91, 5.42, 2.5, 1.85, 13.63, 2.03, 0.8, 15.47, 14.26, 0.85, 0.9, 4.67, 0.71, 3.28, 6.63, 5.95, 7.2, 3.13, 8.05, 10.31, 7.05, 1.2, 10.06, 8.18, 14.89, 2.6, 0.45, 2.6, 2.4, 4.5, 10.56, 5.39, 4.14, 3.39, 8.99, 4.01, 3.44, 5.77, 7.55, 4.05, 2.33, 4.33, 14.25, 9.37, 7.78, 4.33, 9.56, 4.96, 0.83, 2.64, 6.98, 1.51, 4.07, 1.91, 1.33, 15.27, 4.45, 3.63, 1.99, 0.54, 10.55, 7.41, 0.61, 8.91, 1.69], [7.17, 3.8, 10.75, 3.41, 7.59, 0.24, 4.65, 4.59, 3.8, 1.41, 1.73, 4.69, 8.63, 1.41, 3.35, 5.27, 5.45, 10.75, 3.85, 3.41, 3.74, 6.13, 3.13, 4.97, 1.65, 5.53, 3.64, 1.65, 1.3, 8.51, 9.59, 0.95, 7.29, 3.21, 0.88, 0.0, 3.1, 5.34, 4.2, 8.43, 0.35, 1.57, 8.63, 7.94, 6.09, 2.54, 1.3, 2.71, 4.15, 7.17, 2.13, 3.49, 2.7, 8.14, 6.35, 1.76, 2.66, 6.95, 1.0, 5.86, 3.73, 6.57, 1.51, 1.6, 4.17, 7.48, 9.1, 7.22, 3.88, 7.28, 5.89, 6.48, 1.32, 6.89, 1.94, 5.15, 2.85, 1.05, 4.68, 2.51, 4.09, 10.56, 6.73, 6.58, 1.95, 1.77, 6.66, 2.73, 5.34, 0.51, 10.52, 0.59, 5.11, 5.64, 2.9, 2.37, 5.31, 0.99, 3.53, 5.99], [1.29, 2.97, 21.63, 6.79, 13.83, 3.21, 6.18, 9.57, 7.23, 15.49, 8.04, 3.0, 8.7, 0.94, 1.28, 13.77, 4.1, 9.29, 4.2, 10.37, 6.82, 6.46, 10.07, 10.45, 3.35, 8.3, 12.33, 7.67, 7.64, 4.87, 8.31, 13.43, 4.05, 3.4, 8.55, 13.13, 0.0, 7.37, 15.16, 2.75, 12.84, 4.79, 10.43, 7.41, 11.07, 7.59, 5.66, 7.52, 2.16, 7.0, 4.63, 10.61, 7.98, 12.28, 6.46, 8.3, 13.54, 10.35, 13.03, 3.88, 8.77, 3.35, 5.81, 2.68, 2.81, 4.49, 19.23, 8.43, 7.42, 10.03, 9.53, 20.74, 15.51, 4.36, 13.22, 4.01, 2.01, 20.96, 17.93, 3.79, 4.83, 8.0, 5.25, 4.12, 10.66, 4.44, 9.97, 4.88, 14.42, 3.46, 9.89, 9.06, 13.69, 9.2, 8.86, 10.76, 20.46, 11.26, 1.14, 1.7], [3.36, 9.21, 6.18, 3.68, 2.66, 2.21, 1.47, 0.27, 10.5, 14.06, 8.67, 1.83, 9.6, 8.57, 7.97, 0.76, 7.74, 6.63, 12.12, 5.65, 10.71, 4.59, 5.85, 1.15, 5.26, 9.31, 7.15, 2.67, 4.89, 1.56, 9.5, 4.73, 15.19, 12.38, 4.24, 6.6, 7.44, 0.0, 2.61, 1.13, 4.91, 3.4, 2.93, 1.07, 4.2, 3.77, 5.07, 3.85, 14.14, 1.35, 2.35, 1.73, 10.54, 14.08, 0.77, 3.18, 6.4, 6.92, 4.32, 2.66, 0.53, 2.86, 5.6, 2.49, 2.23, 3.21, 15.02, 1.41, 2.15, 6.93, 0.42, 7.97, 13.81, 6.7, 3.7, 9.21, 0.61, 11.84, 10.94, 13.96, 2.64, 3.0, 3.78, 5.78, 0.91, 4.47, 13.55, 0.39, 12.11, 3.78, 4.87, 2.29, 11.53, 5.89, 9.62, 5.98, 4.53, 7.09, 3.58, 3.87], [10.67, 2.59, 3.95, 2.27, 0.79, 0.83, 5.47, 0.68, 6.11, 8.05, 6.43, 5.89, 7.49, 7.32, 5.99, 0.49, 2.26, 4.04, 3.58, 3.6, 14.47, 4.62, 6.96, 1.42, 1.23, 9.6, 4.87, 0.32, 8.5, 0.48, 15.75, 3.0, 8.92, 9.15, 3.23, 6.85, 1.75, 3.07, 0.0, 2.67, 6.42, 4.67, 4.98, 0.54, 8.79, 2.98, 1.89, 6.06, 14.27, 3.51, 10.66, 4.82, 1.49, 12.12, 1.36, 8.23, 15.86, 1.06, 7.08, 1.09, 2.23, 11.99, 12.02, 6.15, 1.64, 7.8, 4.41, 6.6, 4.71, 1.33, 0.64, 4.31, 4.33, 7.08, 6.53, 13.31, 2.0, 0.85, 3.51, 5.79, 2.61, 5.69, 3.3, 1.42, 4.46, 14.62, 8.03, 1.52, 8.84, 2.21, 2.09, 4.89, 9.76, 0.76, 1.88, 6.1, 1.3, 4.3, 6.59, 7.98], [13.06, 9.34, 1.44, 11.26, 1.95, 6.34, 9.75, 6.2, 3.77, 13.3, 10.95, 3.22, 14.76, 18.43, 15.93, 2.57, 10.4, 3.24, 15.55, 12.69, 11.92, 11.15, 12.97, 4.46, 5.31, 2.71, 1.89, 0.83, 4.13, 1.33, 11.79, 9.18, 17.59, 15.84, 4.47, 6.68, 20.04, 2.4, 1.42, 0.0, 3.77, 13.66, 8.72, 0.58, 14.25, 3.4, 2.54, 5.65, 3.7, 1.51, 9.9, 3.58, 3.91, 16.21, 0.62, 9.03, 17.27, 3.66, 7.33, 1.0, 4.61, 15.33, 4.58, 5.85, 4.01, 9.28, 3.23, 5.79, 3.9, 7.42, 3.76, 1.9, 1.96, 4.05, 6.46, 12.75, 5.52, 2.73, 7.76, 10.96, 0.19, 6.76, 10.69, 8.5, 1.65, 14.15, 9.71, 2.87, 11.46, 2.32, 3.49, 1.31, 5.6, 0.95, 5.62, 3.41, 2.41, 4.73, 7.45, 6.63], [8.88, 6.32, 7.38, 12.78, 7.55, 2.16, 2.25, 9.09, 0.51, 2.02, 0.55, 8.61, 7.17, 1.88, 12.16, 7.82, 8.69, 7.35, 4.02, 0.69, 6.12, 3.96, 6.33, 8.53, 3.92, 6.74, 8.61, 6.39, 2.46, 1.59, 4.38, 1.05, 4.77, 5.76, 5.52, 2.99, 13.69, 9.94, 2.49, 2.67, 0.0, 1.43, 3.06, 5.22, 4.02, 6.14, 1.38, 2.73, 6.83, 10.65, 0.96, 6.02, 6.8, 1.6, 9.18, 0.77, 1.72, 1.98, 1.88, 12.5, 1.01, 1.15, 6.28, 6.6, 7.19, 1.88, 7.66, 1.52, 2.2, 5.62, 8.11, 2.69, 1.57, 2.74, 0.7, 7.45, 3.77, 5.77, 3.43, 0.63, 8.99, 6.68, 2.53, 6.76, 15.95, 0.99, 7.61, 8.43, 3.09, 0.87, 14.52, 6.15, 3.56, 6.71, 6.92, 12.85, 8.36, 3.15, 1.55, 2.05], [6.43, 10.71, 2.86, 16.34, 2.58, 6.62, 5.51, 13.58, 0.71, 1.58, 0.34, 5.47, 4.95, 12.42, 5.65, 3.03, 5.45, 11.69, 0.64, 0.4, 2.07, 5.43, 6.22, 8.8, 4.04, 1.49, 1.58, 3.9, 1.35, 3.26, 2.34, 1.74, 2.37, 3.58, 6.5, 3.49, 5.83, 12.43, 9.89, 5.61, 2.06, 0.0, 10.32, 7.8, 1.67, 8.38, 6.19, 7.85, 4.24, 10.75, 4.01, 12.55, 14.01, 1.63, 8.61, 2.24, 0.8, 6.03, 1.91, 2.2, 5.32, 2.62, 9.23, 13.04, 7.55, 2.29, 2.93, 1.01, 5.0, 2.66, 7.64, 10.28, 1.45, 10.27, 4.06, 5.24, 3.33, 5.56, 6.52, 0.68, 1.59, 7.76, 8.79, 3.05, 7.72, 2.41, 7.62, 7.49, 1.57, 3.14, 2.01, 9.29, 3.42, 1.89, 0.69, 9.93, 14.17, 4.09, 3.39, 6.78], [5.67, 4.12, 1.02, 5.39, 3.68, 8.45, 16.25, 9.75, 8.06, 8.1, 4.62, 15.75, 7.61, 8.16, 11.14, 5.19, 14.56, 1.89, 13.07, 4.31, 13.4, 17.11, 6.09, 12.39, 3.01, 1.41, 1.1, 2.0, 13.57, 1.0, 12.28, 9.42, 6.17, 5.64, 10.01, 4.31, 14.14, 8.66, 7.32, 1.59, 8.17, 2.4, 0.0, 6.38, 12.93, 17.86, 4.55, 5.56, 8.91, 4.52, 6.79, 7.78, 1.21, 8.85, 8.74, 8.95, 14.86, 4.03, 4.65, 9.11, 4.34, 15.64, 2.26, 11.3, 3.06, 4.22, 1.82, 1.2, 8.41, 1.34, 1.9, 2.46, 10.54, 9.86, 7.35, 13.7, 5.69, 0.61, 1.17, 3.52, 5.86, 6.94, 5.8, 11.55, 7.54, 9.22, 17.72, 11.49, 13.57, 8.15, 3.95, 2.56, 3.49, 7.88, 11.77, 7.34, 2.01, 5.01, 6.51, 16.06], [2.38, 3.15, 1.37, 2.84, 0.47, 5.98, 5.88, 2.81, 12.72, 10.94, 8.54, 6.26, 13.45, 8.85, 10.92, 3.27, 4.48, 1.4, 7.17, 6.87, 14.17, 11.21, 5.08, 3.91, 6.96, 11.06, 1.28, 0.78, 4.33, 1.21, 17.6, 2.91, 3.48, 2.43, 12.11, 7.57, 17.2, 2.29, 1.56, 2.28, 11.06, 4.98, 3.05, 0.0, 4.78, 13.75, 6.98, 1.83, 1.94, 8.47, 6.91, 5.06, 9.3, 9.1, 0.8, 5.76, 14.3, 4.58, 8.74, 1.32, 3.36, 9.78, 5.49, 2.49, 5.57, 13.01, 3.31, 2.89, 8.57, 10.97, 1.69, 1.35, 2.16, 2.7, 4.79, 4.75, 3.73, 1.29, 4.37, 3.14, 1.54, 1.93, 4.32, 12.85, 6.34, 13.63, 6.08, 1.58, 5.07, 6.86, 0.99, 6.14, 14.14, 0.83, 3.08, 3.43, 4.58, 5.42, 10.75, 7.21], [4.74, 1.12, 12.05, 11.2, 2.18, 2.79, 5.21, 9.6, 0.64, 2.41, 4.0, 10.28, 4.78, 3.08, 4.2, 10.87, 3.19, 15.12, 1.54, 2.15, 0.59, 7.51, 2.25, 9.0, 6.79, 4.12, 15.0, 7.6, 2.07, 8.09, 2.48, 8.03, 2.27, 1.42, 0.52, 4.64, 5.93, 5.77, 7.85, 3.85, 6.05, 2.48, 14.19, 14.06, 0.0, 3.36, 9.21, 5.9, 0.0, 13.22, 1.19, 12.02, 5.4, 3.36, 15.52, 6.52, 4.39, 8.42, 8.47, 10.43, 8.77, 2.38, 9.63, 7.66, 4.02, 2.67, 14.39, 8.89, 7.78, 5.47, 6.92, 6.17, 0.92, 10.69, 2.48, 1.42, 5.13, 9.16, 10.87, 1.83, 8.34, 16.5, 8.47, 5.87, 11.74, 1.82, 0.95, 14.34, 5.45, 1.37, 7.69, 2.43, 0.96, 2.69, 0.17, 16.57, 15.69, 2.18, 5.68, 1.64], [0.51, 0.58, 11.96, 4.03, 3.26, 3.08, 2.12, 6.61, 8.37, 4.66, 4.76, 7.99, 9.16, 6.0, 3.35, 11.9, 1.56, 12.14, 8.26, 3.39, 7.99, 0.88, 3.56, 5.97, 1.57, 2.32, 16.74, 10.77, 2.21, 10.24, 2.78, 3.41, 9.39, 2.06, 2.31, 4.39, 4.04, 5.69, 11.54, 15.61, 5.6, 9.91, 17.54, 10.22, 3.57, 0.0, 7.69, 3.8, 4.52, 4.68, 6.28, 8.02, 2.6, 1.83, 9.12, 7.32, 5.67, 1.95, 3.06, 7.17, 4.18, 0.53, 3.22, 2.37, 7.6, 10.36, 3.63, 7.29, 0.93, 9.63, 5.46, 9.6, 1.57, 3.1, 2.43, 5.61, 2.03, 14.09, 12.33, 2.07, 6.05, 5.24, 1.8, 2.15, 9.18, 9.59, 4.93, 2.03, 1.68, 5.75, 15.52, 2.04, 4.51, 7.64, 5.46, 16.15, 6.05, 3.61, 3.77, 0.52], [7.12, 9.81, 4.13, 10.93, 1.92, 2.11, 8.05, 6.78, 4.28, 7.12, 3.31, 6.05, 1.62, 3.79, 4.45, 5.62, 1.59, 3.52, 4.69, 3.29, 6.37, 8.95, 1.71, 5.48, 1.23, 7.57, 6.43, 2.4, 3.01, 2.76, 7.3, 1.82, 3.73, 7.39, 4.18, 2.85, 11.08, 3.22, 3.1, 2.97, 2.69, 6.26, 2.69, 4.42, 8.67, 1.22, 0.0, 2.21, 1.95, 9.08, 10.1, 6.1, 8.72, 8.14, 3.88, 3.64, 3.75, 1.87, 0.94, 6.73, 1.13, 8.16, 10.81, 6.76, 3.66, 5.87, 10.09, 2.38, 3.42, 1.61, 7.59, 4.29, 3.51, 1.23, 1.47, 11.34, 1.59, 6.19, 1.56, 0.84, 2.95, 6.39, 7.79, 6.82, 1.4, 5.82, 3.04, 0.86, 5.24, 0.49, 6.64, 1.8, 2.95, 8.76, 2.61, 7.08, 7.23, 3.48, 5.15, 10.25], [4.13, 5.1, 8.53, 5.22, 1.1, 2.14, 1.07, 5.59, 1.98, 2.96, 5.38, 5.31, 12.51, 3.7, 8.34, 2.8, 1.44, 4.94, 3.38, 3.34, 8.31, 2.83, 4.11, 5.3, 0.91, 5.45, 12.82, 5.48, 1.42, 4.1, 7.11, 0.88, 8.19, 3.14, 5.36, 2.0, 10.29, 3.64, 5.05, 9.03, 7.94, 5.64, 10.14, 2.98, 2.5, 1.91, 2.14, 0.0, 1.71, 2.86, 4.74, 0.61, 10.99, 14.42, 5.58, 8.59, 13.04, 3.34, 8.32, 8.21, 4.14, 7.3, 6.26, 8.64, 1.76, 1.85, 10.59, 10.05, 0.98, 8.68, 4.42, 10.78, 8.81, 6.34, 3.5, 6.65, 1.19, 5.34, 8.1, 8.91, 7.27, 6.88, 1.96, 1.94, 2.65, 8.83, 3.31, 4.67, 6.34, 4.23, 6.89, 0.0, 6.7, 10.78, 6.37, 6.46, 12.51, 1.47, 3.81, 7.0], [5.73, 0.79, 17.69, 2.6, 12.35, 4.87, 1.98, 7.68, 0.86, 6.71, 3.7, 1.78, 3.0, 5.0, 6.78, 1.95, 3.31, 9.76, 4.37, 4.01, 1.17, 6.7, 1.32, 5.1, 1.83, 6.1, 18.81, 7.6, 4.73, 14.76, 1.4, 4.13, 0.84, 1.34, 3.32, 5.73, 1.68, 12.29, 3.16, 17.78, 2.94, 2.22, 4.12, 8.75, 0.0, 0.87, 2.79, 8.91, 0.0, 11.43, 2.64, 2.14, 13.36, 3.78, 9.1, 2.65, 0.88, 1.74, 9.53, 6.33, 5.57, 0.7, 7.86, 11.4, 1.43, 2.74, 15.61, 7.98, 5.06, 13.23, 5.59, 4.62, 2.12, 3.72, 6.25, 0.42, 5.83, 9.94, 10.73, 0.94, 5.17, 14.39, 1.71, 6.84, 12.97, 4.44, 0.85, 5.87, 3.18, 1.93, 14.42, 3.79, 1.61, 7.74, 0.25, 2.73, 16.51, 4.75, 1.35, 4.1], [1.14, 8.39, 2.63, 1.17, 10.16, 7.07, 2.14, 3.07, 14.06, 5.69, 5.15, 1.06, 12.65, 5.98, 7.22, 8.67, 5.03, 12.5, 5.36, 8.38, 8.98, 2.05, 5.44, 1.85, 8.38, 13.9, 17.1, 8.89, 3.88, 5.05, 20.3, 6.56, 19.6, 5.41, 8.1, 4.52, 8.9, 5.44, 7.65, 11.33, 9.46, 17.32, 8.34, 9.43, 12.16, 1.32, 5.23, 1.89, 4.86, 0.0, 6.95, 0.36, 6.6, 9.54, 7.34, 13.0, 13.55, 7.26, 8.09, 1.22, 9.53, 6.77, 0.46, 2.25, 2.4, 7.15, 5.37, 8.28, 6.83, 16.9, 5.94, 5.76, 6.31, 1.44, 8.54, 14.07, 5.9, 17.97, 4.15, 4.68, 1.82, 1.86, 3.07, 6.71, 1.06, 11.47, 4.84, 1.98, 13.87, 9.32, 3.43, 5.11, 9.13, 12.51, 9.69, 6.31, 9.17, 5.22, 0.37, 1.59], [8.12, 1.55, 10.46, 17.17, 8.2, 7.0, 5.15, 8.09, 2.73, 0.96, 2.91, 9.56, 1.38, 14.23, 8.86, 4.35, 10.26, 12.86, 0.76, 1.21, 2.74, 4.52, 3.27, 16.44, 2.62, 3.85, 17.08, 15.38, 2.3, 5.3, 1.96, 5.95, 0.34, 6.68, 8.83, 8.19, 11.46, 4.46, 3.18, 15.31, 7.21, 3.88, 5.46, 8.53, 4.14, 12.66, 4.65, 2.42, 1.39, 2.47, 0.0, 8.28, 1.83, 2.6, 15.35, 3.55, 1.23, 1.69, 6.62, 15.6, 6.48, 1.82, 15.86, 9.13, 3.12, 2.2, 11.95, 7.15, 7.77, 6.68, 16.56, 9.06, 1.48, 10.62, 3.42, 1.9, 6.42, 3.27, 9.64, 2.58, 10.14, 20.54, 1.76, 7.93, 20.57, 1.42, 7.64, 6.83, 1.13, 4.34, 4.34, 10.03, 2.32, 18.15, 4.93, 13.13, 14.17, 7.74, 12.23, 2.85], [4.38, 8.59, 5.21, 0.84, 7.93, 6.48, 0.21, 0.59, 4.71, 10.21, 7.33, 0.7, 9.05, 2.42, 8.95, 10.05, 1.16, 6.99, 4.36, 2.12, 5.5, 4.87, 9.75, 3.05, 2.72, 6.54, 8.56, 1.86, 6.43, 2.46, 19.14, 5.38, 6.03, 10.61, 4.22, 9.2, 7.77, 1.2, 3.38, 7.55, 9.48, 12.38, 11.75, 2.08, 7.32, 3.97, 5.18, 0.74, 5.63, 1.45, 19.69, 0.0, 17.77, 13.73, 1.51, 9.06, 9.54, 10.92, 2.3, 7.75, 1.43, 3.4, 2.73, 1.27, 3.84, 11.0, 15.84, 13.96, 4.06, 16.93, 3.82, 7.4, 8.67, 5.55, 1.52, 14.49, 5.12, 5.51, 6.66, 15.94, 2.3, 1.47, 3.84, 6.7, 5.39, 9.83, 1.6, 5.62, 15.93, 6.05, 7.71, 2.54, 3.74, 6.23, 10.85, 6.77, 11.31, 1.75, 1.14, 4.57], [4.88, 3.86, 2.6, 4.96, 5.74, 2.93, 5.69, 15.43, 10.62, 10.21, 12.33, 13.72, 11.71, 23.15, 21.44, 2.19, 4.13, 2.91, 6.08, 8.58, 2.65, 10.35, 8.79, 6.71, 7.01, 3.25, 3.0, 8.49, 5.75, 7.1, 10.62, 10.82, 11.73, 14.39, 15.28, 4.87, 26.45, 5.69, 6.72, 5.8, 2.81, 9.78, 1.99, 5.91, 8.47, 19.3, 9.04, 14.96, 8.44, 9.79, 7.06, 12.67, 0.0, 14.75, 2.16, 1.23, 17.54, 1.42, 7.42, 4.24, 3.22, 11.8, 14.7, 9.36, 10.08, 6.46, 0.92, 1.01, 7.25, 2.8, 1.72, 1.22, 12.62, 4.43, 3.52, 7.6, 5.14, 3.36, 6.72, 12.85, 7.25, 6.14, 10.3, 7.82, 16.31, 15.93, 9.14, 3.32, 6.04, 9.43, 8.13, 12.63, 5.59, 4.27, 5.86, 5.32, 2.33, 4.45, 5.43, 4.62], [3.83, 9.74, 9.23, 17.15, 4.8, 5.67, 10.85, 10.47, 4.38, 4.66, 6.18, 8.19, 0.28, 15.16, 6.86, 18.62, 2.85, 9.26, 4.07, 7.45, 2.49, 8.7, 1.13, 19.77, 10.4, 8.47, 19.27, 8.47, 12.16, 8.58, 0.28, 4.78, 1.52, 6.13, 9.26, 2.63, 13.74, 14.81, 17.21, 4.9, 1.69, 2.46, 17.83, 13.24, 2.95, 8.28, 4.17, 4.45, 2.72, 5.26, 2.88, 14.41, 8.49, 0.0, 14.95, 2.52, 0.27, 9.82, 9.45, 20.78, 13.13, 8.35, 8.42, 15.1, 11.07, 7.62, 16.23, 4.46, 4.47, 10.32, 11.32, 8.8, 0.52, 15.5, 7.72, 2.33, 13.38, 9.98, 6.63, 4.33, 5.61, 9.27, 14.01, 2.22, 18.4, 2.01, 6.56, 16.53, 1.55, 6.4, 17.33, 13.4, 2.18, 11.66, 2.66, 6.37, 19.77, 3.19, 13.38, 3.93], [14.77, 6.21, 2.87, 3.44, 1.33, 6.55, 1.93, 2.05, 3.36, 4.89, 8.33, 8.5, 8.45, 6.59, 3.65, 2.12, 11.18, 2.44, 9.06, 7.6, 15.44, 5.55, 6.8, 4.83, 5.26, 10.41, 1.22, 0.9, 2.03, 1.02, 16.21, 0.92, 10.95, 7.3, 4.16, 1.6, 5.96, 3.7, 1.07, 2.12, 7.27, 11.14, 8.04, 0.42, 13.82, 4.93, 3.65, 3.65, 16.47, 3.49, 14.32, 4.6, 3.78, 3.76, 0.0, 8.06, 9.38, 3.43, 9.17, 0.56, 3.02, 15.86, 3.94, 6.37, 3.7, 6.4, 1.77, 6.12, 5.59, 8.9, 3.31, 1.96, 14.48, 6.22, 4.49, 15.04, 4.9, 2.25, 1.04, 13.2, 1.63, 6.65, 1.39, 11.4, 2.41, 9.58, 16.7, 2.67, 8.09, 2.39, 2.9, 7.57, 3.78, 1.95, 12.04, 0.47, 0.98, 8.75, 6.22, 10.97], [8.17, 8.74, 8.75, 2.85, 7.4, 5.12, 3.56, 7.19, 1.34, 0.41, 0.65, 7.21, 6.8, 8.43, 17.13, 3.9, 5.98, 4.77, 1.39, 0.98, 6.5, 2.19, 4.82, 5.68, 0.88, 7.08, 3.71, 5.64, 1.22, 1.03, 8.23, 3.45, 2.87, 3.64, 8.01, 3.8, 13.85, 7.31, 5.43, 10.72, 0.3, 1.8, 8.4, 3.61, 1.84, 7.55, 1.67, 5.01, 6.68, 4.47, 5.5, 7.79, 9.24, 5.44, 6.13, 0.0, 7.93, 5.58, 2.81, 4.19, 4.39, 1.09, 14.28, 16.92, 6.26, 3.07, 8.26, 3.21, 6.78, 3.96, 4.11, 5.97, 1.93, 7.83, 1.22, 6.76, 7.22, 7.2, 3.23, 2.44, 11.68, 14.73, 4.06, 10.45, 7.02, 3.68, 9.26, 5.86, 4.66, 2.07, 3.3, 1.07, 5.84, 6.36, 4.87, 3.25, 7.38, 5.04, 9.89, 7.92], [3.99, 5.13, 2.56, 5.38, 2.59, 4.46, 3.82, 18.16, 4.05, 2.69, 5.91, 14.18, 0.0, 6.7, 6.25, 9.17, 10.62, 14.07, 1.02, 3.52, 0.61, 13.34, 4.61, 16.87, 4.58, 12.9, 16.48, 11.07, 8.28, 11.35, 0.49, 8.3, 0.7, 2.15, 3.31, 4.9, 16.22, 2.14, 15.08, 8.02, 6.95, 4.08, 7.34, 2.64, 3.2, 7.82, 5.46, 5.67, 4.32, 5.67, 1.37, 3.05, 4.09, 1.23, 6.49, 4.24, 0.0, 9.95, 7.45, 2.87, 10.28, 7.17, 16.28, 19.97, 13.41, 1.79, 14.31, 11.7, 3.0, 9.45, 3.59, 6.03, 2.9, 16.35, 2.64, 1.8, 9.8, 2.11, 8.21, 4.64, 15.18, 19.22, 1.72, 2.23, 18.46, 0.6, 6.21, 15.23, 1.87, 7.4, 16.83, 8.92, 2.36, 19.84, 2.7, 9.51, 12.82, 4.44, 3.24, 9.68], [1.84, 13.04, 0.46, 5.77, 1.06, 3.5, 10.31, 4.79, 9.68, 9.74, 9.87, 9.48, 8.72, 5.09, 16.97, 1.38, 11.74, 1.33, 7.46, 1.26, 9.95, 9.76, 9.94, 1.8, 5.03, 1.36, 3.0, 5.23, 10.11, 2.28, 14.73, 5.12, 12.89, 9.54, 3.26, 2.62, 17.48, 7.7, 4.1, 4.15, 1.43, 6.81, 0.94, 4.07, 5.37, 2.38, 3.37, 8.93, 11.75, 5.02, 6.6, 1.61, 6.16, 9.27, 2.96, 6.21, 7.79, 0.0, 2.94, 6.3, 3.69, 11.44, 3.97, 11.65, 6.39, 2.94, 4.26, 1.33, 3.62, 2.44, 0.96, 0.43, 6.68, 11.97, 3.31, 16.5, 6.23, 1.24, 1.22, 4.36, 1.35, 8.52, 6.81, 13.07, 8.05, 4.72, 16.63, 3.52, 4.22, 4.9, 10.62, 6.37, 8.64, 0.8, 14.93, 5.75, 0.87, 1.79, 11.18, 8.95], [11.33, 13.93, 9.96, 15.37, 5.49, 7.11, 7.61, 14.24, 2.09, 0.78, 2.34, 8.35, 8.1, 13.14, 20.01, 8.25, 3.39, 9.29, 3.29, 3.12, 1.07, 9.7, 8.32, 6.08, 2.97, 1.32, 6.46, 1.68, 2.88, 5.86, 8.96, 6.93, 0.86, 5.96, 6.65, 7.13, 11.19, 8.49, 8.7, 7.66, 3.38, 3.07, 7.71, 10.45, 9.01, 10.0, 1.88, 5.17, 4.9, 6.4, 3.29, 10.23, 9.03, 8.15, 4.95, 3.04, 1.08, 4.93, 0.0, 11.4, 4.8, 10.84, 3.84, 13.54, 6.15, 0.22, 1.55, 1.02, 4.57, 1.1, 12.19, 5.02, 4.28, 9.29, 3.96, 1.68, 4.33, 1.42, 2.23, 2.73, 3.07, 12.98, 7.45, 9.78, 9.11, 3.04, 11.2, 12.52, 1.56, 2.25, 6.92, 1.6, 6.92, 2.85, 4.66, 14.01, 1.31, 7.11, 12.09, 7.32], [2.28, 2.59, 1.72, 5.14, 1.14, 1.89, 7.37, 2.72, 3.18, 12.94, 11.25, 4.15, 4.94, 12.42, 11.05, 1.48, 12.73, 3.68, 17.02, 4.81, 14.52, 7.18, 15.5, 0.63, 4.2, 8.21, 2.28, 2.49, 11.73, 0.94, 13.7, 2.84, 12.4, 11.87, 7.38, 1.49, 13.73, 2.98, 3.04, 2.44, 6.55, 10.41, 9.73, 1.41, 13.41, 12.49, 0.99, 1.82, 7.26, 3.41, 15.39, 4.13, 1.95, 16.68, 0.85, 2.15, 11.09, 1.89, 8.65, 0.0, 3.41, 14.88, 12.39, 4.11, 5.93, 2.87, 4.12, 7.85, 5.43, 9.97, 2.0, 1.61, 16.3, 4.12, 12.03, 5.47, 8.61, 4.33, 6.39, 16.68, 0.77, 3.97, 2.6, 9.93, 3.68, 17.93, 2.96, 1.47, 17.02, 8.57, 0.82, 5.06, 9.81, 0.38, 6.94, 1.33, 3.48, 3.21, 10.62, 10.54], [8.36, 6.24, 6.24, 4.79, 3.55, 2.06, 5.35, 1.05, 8.27, 5.96, 3.18, 2.18, 8.79, 13.29, 6.85, 3.86, 4.21, 3.9, 5.57, 5.53, 2.22, 4.39, 2.49, 0.7, 1.61, 8.5, 6.82, 3.39, 1.22, 1.46, 14.46, 0.48, 9.06, 8.81, 4.51, 1.56, 3.3, 1.53, 2.0, 5.61, 2.89, 5.73, 7.38, 1.63, 10.38, 2.42, 1.62, 3.49, 2.3, 2.76, 11.19, 2.11, 11.68, 1.72, 3.97, 2.86, 10.59, 4.0, 6.58, 0.77, 0.0, 1.23, 4.08, 7.79, 1.56, 3.83, 3.99, 1.6, 1.84, 2.71, 4.99, 5.38, 3.32, 8.54, 1.39, 7.87, 1.3, 6.8, 1.45, 3.22, 4.89, 4.89, 1.44, 5.15, 4.19, 9.47, 5.52, 2.15, 1.66, 1.05, 2.42, 1.55, 6.66, 1.24, 5.49, 4.7, 3.53, 3.51, 2.56, 3.31], [2.33, 2.92, 14.95, 11.34, 14.44, 2.32, 2.32, 14.98, 2.66, 6.52, 7.26, 4.28, 6.39, 4.3, 9.26, 1.88, 2.72, 8.76, 4.12, 2.62, 6.44, 3.79, 2.16, 3.73, 2.17, 12.92, 7.55, 7.02, 4.64, 13.03, 3.04, 0.97, 6.42, 1.35, 1.45, 7.0, 6.71, 8.56, 8.28, 5.19, 6.79, 5.86, 16.85, 14.83, 1.51, 0.76, 9.67, 5.52, 1.66, 1.98, 7.9, 6.13, 10.48, 6.51, 15.13, 8.9, 7.71, 14.5, 4.74, 4.74, 8.4, 0.0, 6.86, 2.32, 8.08, 7.79, 5.8, 12.28, 5.89, 14.72, 13.45, 4.76, 4.88, 3.36, 5.76, 4.99, 3.43, 11.16, 12.79, 8.53, 4.35, 8.41, 7.3, 1.77, 13.99, 4.36, 0.63, 3.08, 5.11, 9.0, 5.31, 1.37, 3.19, 3.32, 0.53, 17.79, 2.05, 4.96, 8.48, 3.99], [8.03, 1.04, 7.65, 1.35, 2.18, 3.09, 1.84, 5.78, 12.31, 13.65, 10.69, 2.5, 11.37, 1.26, 4.8, 8.52, 3.04, 12.91, 6.09, 12.19, 16.15, 4.96, 9.59, 2.8, 7.07, 19.23, 19.0, 8.47, 1.01, 9.51, 10.2, 1.72, 9.28, 10.82, 5.31, 11.92, 6.55, 5.47, 3.65, 14.98, 3.56, 10.35, 4.31, 2.55, 1.75, 3.7, 1.73, 2.95, 10.57, 2.17, 19.14, 1.43, 11.43, 7.88, 7.29, 9.6, 8.4, 16.01, 17.73, 7.73, 8.6, 3.31, 0.0, 7.22, 2.01, 13.28, 3.56, 17.38, 3.87, 19.76, 3.27, 15.8, 13.79, 2.59, 6.96, 10.5, 3.68, 12.88, 1.72, 8.77, 1.48, 1.6, 4.62, 1.28, 1.98, 9.92, 1.61, 7.02, 4.38, 6.43, 6.61, 7.27, 13.1, 7.88, 9.22, 5.51, 5.18, 3.28, 1.5, 5.65], [3.8, 9.07, 1.91, 6.11, 5.94, 4.86, 6.39, 2.03, 16.7, 8.22, 5.83, 6.57, 8.02, 15.83, 8.2, 8.57, 11.53, 7.42, 2.38, 14.64, 9.51, 11.25, 5.18, 1.15, 6.66, 2.71, 11.14, 6.67, 12.07, 2.11, 21.91, 10.83, 8.7, 6.39, 14.71, 12.58, 8.25, 2.87, 5.26, 5.54, 8.61, 12.05, 9.21, 3.89, 2.61, 2.91, 12.27, 5.07, 8.29, 4.42, 16.84, 4.25, 16.81, 15.92, 5.26, 11.8, 12.65, 2.57, 3.98, 2.28, 1.94, 7.31, 10.07, 0.0, 6.36, 19.03, 7.04, 3.7, 3.33, 4.48, 2.84, 5.17, 13.03, 9.68, 11.94, 4.37, 4.61, 6.51, 6.79, 3.96, 4.31, 1.77, 10.26, 13.44, 0.62, 19.36, 18.5, 5.11, 12.0, 4.83, 0.89, 3.29, 18.13, 3.61, 12.44, 2.87, 8.22, 6.45, 5.11, 11.2], [7.02, 3.37, 3.82, 4.52, 5.03, 0.5, 1.93, 4.31, 3.65, 2.84, 4.19, 4.89, 10.77, 12.26, 6.89, 1.59, 2.33, 2.38, 5.79, 0.95, 9.6, 4.05, 7.91, 1.67, 0.62, 6.44, 3.1, 0.67, 4.93, 4.4, 6.88, 0.38, 10.86, 6.84, 7.84, 4.33, 4.18, 1.27, 2.04, 6.85, 6.57, 9.69, 3.39, 4.19, 9.37, 5.81, 2.08, 1.05, 5.69, 3.27, 10.64, 3.17, 12.32, 2.47, 3.59, 4.19, 4.55, 4.31, 7.53, 6.54, 1.32, 5.59, 4.58, 3.66, 0.0, 7.88, 7.36, 5.12, 2.44, 8.42, 0.69, 2.95, 10.77, 3.99, 4.37, 5.88, 1.21, 3.17, 6.53, 1.68, 1.37, 3.69, 5.0, 7.08, 1.68, 6.54, 8.64, 2.68, 5.92, 0.34, 1.01, 1.13, 5.41, 2.0, 2.51, 6.16, 9.47, 4.05, 5.25, 5.97], [8.85, 10.31, 1.7, 12.49, 9.75, 9.99, 6.38, 13.33, 1.17, 1.17, 2.0, 13.52, 1.62, 3.65, 16.81, 3.97, 7.67, 1.54, 6.15, 1.11, 6.53, 8.07, 7.65, 5.75, 2.29, 3.13, 9.55, 6.68, 8.25, 2.97, 3.72, 3.96, 7.19, 2.95, 1.97, 8.12, 18.77, 9.34, 5.68, 12.15, 1.5, 4.91, 7.92, 4.69, 5.61, 12.65, 4.03, 10.28, 5.97, 10.69, 3.62, 15.75, 9.91, 5.83, 7.95, 3.87, 4.74, 2.85, 0.54, 14.29, 7.69, 4.29, 7.22, 14.27, 3.69, 0.0, 2.04, 2.16, 11.5, 3.5, 3.26, 5.75, 4.72, 7.99, 3.03, 11.06, 6.26, 1.4, 3.4, 4.02, 10.08, 2.09, 2.11, 9.12, 19.37, 6.77, 6.21, 8.62, 6.27, 6.55, 13.05, 11.47, 8.42, 9.37, 2.96, 11.32, 5.92, 3.48, 4.54, 14.41], [3.84, 3.57, 6.7, 13.91, 6.81, 2.44, 14.98, 12.18, 6.72, 2.67, 10.25, 19.68, 7.54, 8.1, 3.35, 4.06, 15.64, 2.78, 8.47, 7.8, 7.67, 16.14, 17.17, 6.35, 6.07, 1.01, 1.42, 5.56, 8.38, 5.98, 5.72, 12.49, 5.54, 15.06, 17.03, 4.92, 23.34, 3.22, 10.44, 9.56, 8.85, 4.22, 1.31, 8.82, 3.41, 8.95, 8.92, 7.46, 7.63, 10.66, 6.45, 9.53, 1.76, 8.06, 7.58, 8.64, 2.02, 1.07, 6.35, 4.22, 3.09, 17.74, 4.34, 16.06, 4.34, 1.11, 0.0, 1.16, 1.63, 3.09, 6.84, 7.49, 1.82, 4.8, 2.89, 15.92, 14.26, 1.2, 4.74, 2.51, 10.67, 13.98, 13.71, 11.76, 14.37, 6.35, 16.99, 9.91, 2.02, 2.05, 12.08, 10.02, 8.45, 4.69, 1.95, 7.61, 2.99, 11.24, 8.42, 4.27], [6.8, 8.48, 5.61, 2.89, 5.51, 5.58, 6.95, 3.84, 1.73, 1.63, 3.06, 4.07, 8.68, 21.26, 9.96, 7.52, 2.2, 0.96, 1.52, 5.66, 4.18, 11.63, 3.19, 13.23, 2.37, 0.62, 3.2, 6.07, 11.56, 8.39, 7.25, 5.86, 4.67, 2.39, 9.64, 1.31, 20.6, 3.79, 9.99, 10.25, 3.99, 6.96, 0.64, 10.11, 3.88, 3.67, 6.9, 2.81, 9.66, 7.79, 6.45, 7.24, 5.94, 11.87, 11.49, 1.18, 1.89, 6.17, 1.75, 11.15, 6.28, 13.78, 15.13, 7.42, 7.68, 2.89, 3.37, 0.0, 11.02, 0.43, 8.76, 7.03, 8.12, 6.21, 3.01, 2.79, 4.25, 1.99, 2.71, 6.62, 8.93, 7.28, 4.98, 12.01, 17.2, 3.93, 2.15, 2.47, 3.8, 7.04, 6.68, 11.55, 2.32, 5.15, 1.55, 7.41, 7.22, 9.05, 6.93, 4.15], [2.11, 5.32, 5.04, 2.84, 7.83, 0.96, 5.06, 4.04, 0.84, 8.28, 5.96, 6.25, 5.23, 7.83, 1.88, 3.91, 1.75, 6.64, 7.27, 1.86, 8.64, 1.3, 4.43, 3.06, 1.61, 13.33, 12.59, 3.64, 1.96, 5.08, 13.12, 0.45, 8.99, 5.43, 2.73, 1.04, 11.16, 5.15, 4.03, 1.5, 1.24, 4.29, 11.19, 8.25, 1.07, 3.95, 3.8, 0.88, 3.73, 1.43, 1.31, 3.8, 6.34, 12.44, 6.93, 7.07, 2.51, 3.35, 7.28, 4.01, 3.46, 1.87, 3.75, 2.8, 2.84, 6.87, 14.68, 10.89, 0.0, 6.98, 2.69, 1.71, 4.45, 1.51, 4.2, 3.47, 0.0, 3.62, 5.51, 4.68, 5.4, 2.21, 0.47, 2.92, 4.81, 6.38, 8.46, 0.9, 3.59, 1.84, 10.51, 1.37, 6.65, 11.95, 1.34, 3.86, 8.48, 2.84, 4.84, 5.39], [9.55, 3.78, 3.42, 12.99, 2.88, 10.47, 13.0, 2.5, 3.31, 4.48, 5.38, 11.89, 9.17, 7.79, 15.73, 2.43, 4.4, 1.07, 8.66, 3.52, 6.92, 3.58, 2.97, 2.03, 6.21, 1.05, 1.33, 10.4, 5.05, 9.92, 5.86, 6.4, 9.97, 11.3, 1.77, 8.84, 2.84, 5.8, 2.3, 10.31, 0.73, 7.26, 1.4, 4.01, 11.87, 6.52, 4.56, 7.12, 6.98, 17.38, 3.06, 14.16, 2.33, 12.28, 9.46, 4.87, 10.08, 3.01, 3.91, 2.21, 4.08, 11.19, 9.93, 17.86, 10.43, 3.17, 0.92, 0.77, 1.84, 0.0, 8.49, 1.72, 8.81, 5.51, 4.68, 10.53, 4.31, 2.1, 0.36, 4.47, 10.67, 12.19, 14.92, 3.47, 11.17, 2.53, 11.96, 4.29, 8.46, 3.38, 16.67, 7.06, 11.93, 1.44, 11.41, 15.07, 7.96, 5.54, 17.25, 9.45], [5.52, 10.17, 3.76, 2.78, 3.7, 6.44, 2.85, 0.74, 4.86, 8.94, 2.41, 1.43, 2.86, 3.88, 7.62, 5.88, 6.31, 9.27, 7.08, 7.08, 15.51, 8.1, 8.72, 0.59, 1.73, 7.03, 9.13, 2.39, 2.15, 2.86, 20.43, 4.12, 4.58, 14.32, 6.14, 5.0, 10.44, 0.25, 0.8, 1.66, 10.27, 13.81, 10.15, 0.98, 8.62, 11.86, 6.48, 5.1, 14.41, 0.89, 13.36, 4.07, 7.11, 20.09, 1.35, 6.49, 12.22, 4.75, 13.74, 0.7, 1.98, 9.77, 6.79, 3.98, 4.81, 12.21, 14.8, 9.07, 5.12, 10.41, 0.0, 6.45, 13.98, 3.87, 6.88, 3.97, 6.38, 1.87, 8.72, 10.39, 1.64, 0.51, 5.25, 4.22, 0.96, 15.91, 8.46, 0.33, 8.0, 4.36, 0.93, 5.56, 2.07, 4.27, 6.93, 1.27, 3.81, 5.27, 4.06, 4.24], [11.02, 12.05, 0.0, 7.1, 2.28, 7.77, 4.17, 8.15, 12.4, 10.08, 5.27, 11.05, 14.25, 13.5, 9.87, 1.02, 11.28, 1.61, 7.23, 9.26, 4.46, 7.13, 13.87, 7.56, 2.04, 6.81, 1.89, 0.68, 8.57, 1.19, 2.41, 9.28, 12.11, 3.4, 6.98, 4.01, 3.23, 4.28, 2.42, 2.98, 7.73, 3.44, 4.42, 1.88, 13.75, 13.48, 2.63, 6.3, 10.59, 12.67, 17.36, 8.19, 1.69, 3.39, 4.18, 1.34, 9.57, 0.29, 6.06, 0.66, 3.9, 12.62, 15.75, 2.4, 2.9, 2.78, 5.86, 5.85, 5.03, 1.13, 2.39, 0.0, 10.3, 17.11, 6.83, 4.88, 8.23, 1.96, 2.95, 1.73, 2.22, 9.03, 11.2, 7.63, 11.92, 5.51, 11.57, 5.85, 7.29, 6.55, 3.55, 9.58, 14.74, 0.65, 5.7, 5.53, 0.34, 3.24, 11.45, 17.76], [9.7, 2.37, 3.4, 14.06, 3.07, 6.47, 3.16, 12.8, 2.18, 4.0, 1.76, 4.1, 0.61, 6.57, 3.83, 14.08, 8.95, 9.86, 0.0, 2.64, 0.74, 9.53, 3.51, 3.28, 4.01, 6.18, 16.09, 4.58, 7.28, 8.41, 3.62, 1.77, 1.58, 2.56, 5.0, 6.23, 8.77, 12.46, 12.25, 13.21, 2.29, 1.53, 3.83, 5.76, 0.52, 5.83, 6.9, 3.04, 1.56, 4.82, 0.38, 1.8, 6.11, 1.73, 6.47, 1.99, 1.75, 9.93, 2.3, 6.67, 5.57, 6.69, 3.49, 16.27, 4.11, 5.88, 11.23, 8.68, 9.36, 5.15, 10.62, 5.34, 0.0, 4.91, 2.86, 1.18, 6.34, 6.38, 5.05, 0.55, 12.25, 11.02, 9.68, 8.88, 2.21, 0.2, 5.76, 13.94, 0.47, 6.02, 8.74, 1.96, 2.64, 7.76, 2.41, 12.66, 4.96, 2.03, 9.86, 9.21], [1.29, 4.09, 7.06, 2.48, 3.33, 2.24, 3.31, 6.78, 12.44, 13.19, 13.21, 3.03, 9.28, 3.13, 3.58, 1.61, 2.85, 16.59, 13.59, 8.48, 2.51, 1.44, 2.86, 3.86, 7.7, 8.1, 2.89, 6.05, 1.84, 8.11, 2.59, 3.11, 9.66, 10.5, 7.22, 10.37, 4.03, 6.6, 6.36, 13.19, 7.97, 9.12, 8.61, 4.25, 11.28, 2.77, 1.41, 1.37, 1.4, 4.93, 2.85, 2.39, 20.91, 13.3, 2.84, 11.27, 6.8, 14.47, 9.11, 10.8, 1.38, 5.09, 1.53, 11.51, 4.82, 6.96, 9.83, 13.0, 1.09, 10.11, 1.64, 4.33, 8.67, 0.0, 6.4, 12.79, 1.33, 17.08, 4.09, 2.54, 8.24, 0.92, 2.77, 2.69, 3.69, 7.2, 7.33, 1.36, 11.32, 4.33, 8.62, 6.37, 11.36, 8.81, 6.99, 9.72, 16.97, 1.95, 0.5, 0.87], [4.27, 4.58, 1.23, 1.66, 6.07, 4.6, 4.54, 7.88, 2.5, 1.19, 1.21, 10.08, 3.62, 6.69, 9.13, 1.32, 2.22, 3.58, 4.19, 1.11, 3.65, 8.89, 1.87, 2.52, 1.82, 2.35, 6.36, 2.71, 3.19, 4.48, 4.11, 2.88, 8.65, 6.31, 7.4, 0.88, 16.74, 9.96, 1.09, 7.58, 0.24, 2.17, 4.4, 1.31, 6.79, 1.38, 1.31, 6.32, 2.98, 3.6, 5.45, 12.41, 1.99, 4.37, 4.32, 1.26, 1.58, 4.83, 3.16, 7.38, 2.63, 8.7, 5.59, 15.18, 5.16, 3.4, 3.23, 3.79, 1.89, 0.7, 6.05, 7.99, 3.11, 13.0, 0.0, 1.57, 1.64, 3.38, 1.75, 2.67, 6.14, 11.36, 3.37, 8.58, 9.53, 6.75, 7.64, 10.26, 3.81, 2.81, 9.24, 3.14, 5.44, 2.71, 1.48, 10.83, 8.73, 2.4, 11.19, 1.3], [2.83, 7.13, 7.51, 5.77, 7.31, 3.06, 8.33, 13.55, 4.15, 6.81, 5.75, 7.92, 1.53, 9.42, 2.53, 4.96, 4.76, 14.71, 0.85, 6.6, 1.89, 9.64, 3.61, 8.75, 7.2, 11.77, 18.39, 15.14, 2.64, 16.08, 2.07, 4.07, 0.58, 1.28, 1.1, 5.35, 11.1, 5.44, 2.15, 12.74, 4.06, 5.81, 2.92, 17.46, 0.84, 6.05, 4.79, 2.4, 1.88, 3.19, 2.94, 10.74, 9.58, 0.74, 8.58, 6.82, 2.26, 15.16, 4.03, 14.54, 8.41, 3.18, 11.93, 3.23, 12.5, 10.26, 14.74, 2.11, 9.71, 13.34, 3.31, 11.94, 0.76, 5.6, 9.87, 0.0, 9.59, 5.74, 4.25, 3.5, 5.94, 9.52, 4.55, 2.66, 16.01, 0.44, 0.45, 10.97, 2.48, 9.71, 10.22, 2.31, 2.01, 9.58, 1.02, 20.73, 15.62, 7.62, 7.46, 1.42], [2.5, 2.15, 8.92, 0.87, 1.39, 1.12, 2.25, 1.53, 5.13, 7.39, 1.72, 6.19, 1.67, 8.45, 9.51, 4.4, 1.63, 3.71, 2.04, 7.0, 3.31, 3.66, 1.49, 6.28, 1.36, 8.42, 3.07, 5.38, 1.85, 5.37, 10.32, 0.72, 5.25, 4.38, 3.87, 1.48, 3.52, 0.76, 3.12, 6.72, 5.83, 5.11, 7.25, 1.16, 8.23, 2.91, 0.67, 1.29, 1.66, 4.73, 3.71, 3.53, 14.16, 4.37, 3.69, 4.64, 2.62, 8.9, 3.69, 6.55, 0.55, 2.54, 4.85, 2.34, 0.82, 6.64, 12.93, 7.22, 0.0, 2.36, 6.68, 5.91, 3.64, 2.05, 4.27, 6.52, 0.0, 2.56, 6.52, 8.1, 7.37, 3.51, 2.48, 4.05, 9.9, 5.22, 5.07, 1.38, 6.18, 3.45, 10.47, 0.98, 7.41, 10.01, 4.82, 10.86, 7.62, 1.84, 6.0, 1.77], [7.98, 11.88, 3.71, 8.32, 6.89, 8.47, 15.37, 1.69, 6.23, 1.29, 6.69, 9.99, 7.02, 7.92, 16.69, 2.5, 5.38, 1.5, 4.7, 3.53, 8.14, 15.53, 7.23, 3.09, 2.87, 0.99, 2.25, 2.7, 10.32, 7.69, 12.7, 2.43, 2.29, 12.88, 4.44, 3.39, 16.84, 5.62, 4.7, 6.59, 3.92, 3.05, 1.35, 3.6, 10.99, 7.9, 6.46, 4.45, 5.85, 17.43, 9.46, 8.44, 2.91, 7.48, 6.3, 2.16, 8.57, 0.58, 5.08, 8.88, 6.99, 6.31, 18.46, 3.02, 3.99, 5.28, 2.44, 0.45, 2.02, 0.71, 10.08, 3.69, 9.23, 5.03, 4.06, 2.37, 4.6, 0.0, 2.59, 3.08, 8.2, 15.04, 11.59, 15.9, 13.62, 12.25, 15.09, 2.16, 7.78, 4.69, 3.73, 1.51, 3.45, 1.34, 14.23, 9.04, 0.89, 4.12, 15.13, 12.19], [2.79, 7.08, 5.86, 14.1, 3.76, 5.47, 7.94, 2.1, 5.65, 0.89, 4.9, 3.41, 5.6, 4.0, 19.3, 3.08, 4.34, 2.3, 2.34, 3.1, 5.35, 7.69, 5.71, 4.25, 2.18, 1.24, 6.14, 1.87, 7.91, 1.75, 8.07, 3.15, 9.33, 5.67, 5.44, 4.59, 8.67, 8.95, 6.76, 2.13, 2.27, 2.03, 4.7, 7.56, 4.22, 5.42, 2.3, 6.16, 4.72, 4.12, 7.47, 12.33, 4.99, 1.52, 6.87, 0.68, 6.82, 1.25, 1.31, 2.48, 2.11, 8.28, 11.49, 9.91, 7.32, 1.37, 1.17, 2.0, 1.34, 1.77, 1.13, 4.4, 2.5, 2.25, 1.26, 3.23, 8.53, 0.97, 0.0, 2.83, 1.95, 13.51, 1.95, 5.95, 3.47, 6.89, 11.61, 9.35, 7.23, 5.14, 2.42, 7.41, 3.09, 4.17, 3.7, 4.6, 4.48, 2.02, 2.93, 14.43], [6.9, 5.46, 2.3, 16.94, 4.37, 4.67, 11.55, 12.92, 1.26, 1.79, 0.59, 15.82, 1.35, 7.65, 3.71, 5.99, 3.18, 7.54, 0.51, 1.43, 3.46, 2.52, 4.32, 8.95, 7.49, 8.75, 2.52, 12.71, 8.51, 6.1, 0.57, 7.46, 2.85, 4.3, 3.46, 1.24, 8.81, 2.86, 8.57, 13.13, 1.21, 0.78, 2.56, 6.09, 5.11, 4.39, 1.81, 3.01, 2.67, 8.05, 2.59, 7.22, 3.48, 3.41, 11.02, 2.05, 1.52, 5.84, 3.23, 16.09, 8.04, 9.02, 14.23, 14.32, 7.01, 3.25, 7.64, 6.3, 1.48, 4.01, 5.74, 5.67, 1.16, 2.39, 2.91, 4.46, 10.11, 7.0, 2.4, 0.0, 5.79, 5.16, 6.2, 10.9, 12.32, 2.84, 5.76, 3.87, 1.28, 8.16, 18.44, 4.08, 0.79, 15.7, 3.94, 5.54, 4.9, 5.71, 6.38, 2.8], [12.37, 3.34, 0.74, 6.58, 0.42, 1.69, 9.08, 3.78, 12.9, 5.79, 9.35, 2.15, 11.03, 10.7, 4.43, 1.27, 7.25, 1.94, 6.77, 3.04, 16.52, 2.93, 12.97, 5.41, 4.21, 2.41, 3.21, 3.18, 8.14, 0.71, 10.22, 9.03, 8.15, 6.85, 15.71, 8.42, 2.66, 2.07, 0.71, 0.88, 2.16, 9.34, 8.7, 0.87, 12.61, 12.12, 7.97, 1.49, 8.5, 4.23, 14.92, 7.97, 7.79, 4.63, 0.76, 3.36, 3.41, 4.58, 3.87, 0.96, 5.58, 7.03, 12.32, 1.51, 4.11, 11.19, 6.47, 7.33, 6.15, 9.83, 4.83, 0.81, 7.6, 3.72, 4.02, 9.05, 10.23, 3.52, 1.1, 15.11, 0.0, 2.43, 6.8, 5.73, 1.43, 18.03, 5.66, 3.16, 17.31, 3.94, 3.15, 7.93, 10.86, 0.51, 8.88, 2.31, 1.41, 10.43, 10.67, 4.97], [7.14, 7.84, 5.31, 0.33, 1.58, 9.27, 3.86, 1.1, 6.49, 3.71, 14.19, 2.02, 13.21, 5.26, 4.04, 2.7, 6.08, 12.14, 7.09, 11.71, 3.56, 5.43, 13.57, 0.5, 8.68, 2.71, 2.61, 4.15, 7.62, 5.24, 16.11, 6.21, 11.89, 10.38, 4.75, 9.76, 4.67, 3.05, 4.37, 8.1, 3.93, 13.0, 9.46, 1.98, 9.52, 1.89, 1.88, 7.02, 5.15, 0.73, 5.81, 2.15, 15.22, 15.65, 2.19, 6.21, 4.73, 4.09, 13.02, 3.45, 4.63, 11.24, 3.53, 3.94, 6.09, 10.37, 10.7, 3.74, 6.13, 12.03, 2.34, 6.5, 9.78, 2.73, 1.86, 10.65, 0.85, 12.42, 7.97, 8.94, 1.41, 0.0, 3.83, 10.06, 1.77, 16.65, 8.92, 2.59, 18.36, 3.66, 3.89, 2.48, 3.69, 5.54, 7.31, 5.62, 4.06, 3.37, 3.46, 9.9], [2.3, 2.35, 12.59, 5.47, 9.64, 2.09, 1.43, 2.54, 9.58, 2.22, 10.55, 5.23, 13.11, 2.0, 2.57, 11.31, 0.93, 4.22, 11.47, 8.19, 4.28, 1.13, 2.18, 1.32, 0.82, 6.26, 3.91, 1.48, 2.97, 6.47, 3.76, 3.19, 5.64, 8.78, 5.59, 6.45, 5.28, 4.96, 6.52, 7.3, 8.51, 7.54, 6.13, 9.7, 6.3, 4.11, 6.58, 2.47, 2.18, 3.34, 15.12, 2.16, 13.64, 3.57, 8.47, 9.83, 13.06, 7.94, 13.87, 2.79, 4.32, 3.47, 1.98, 6.46, 4.51, 8.97, 5.58, 7.87, 1.07, 10.12, 5.09, 2.86, 11.66, 0.53, 5.78, 8.77, 2.89, 3.22, 12.36, 4.91, 6.51, 0.92, 0.0, 1.76, 3.46, 10.38, 8.72, 4.61, 7.34, 3.68, 10.25, 2.64, 6.37, 6.44, 8.94, 8.81, 11.69, 1.19, 1.54, 4.15], [0.49, 0.2, 6.19, 2.64, 8.16, 3.32, 1.84, 2.74, 3.93, 7.84, 3.36, 3.52, 4.2, 2.45, 3.84, 8.7, 1.39, 3.45, 1.29, 9.6, 6.59, 0.94, 5.47, 4.81, 6.2, 11.8, 15.59, 11.11, 1.51, 7.08, 11.56, 7.43, 12.31, 4.77, 4.03, 7.71, 1.03, 3.7, 1.75, 7.76, 5.14, 3.0, 8.94, 12.63, 7.84, 0.45, 6.87, 2.14, 6.21, 5.69, 6.36, 5.79, 18.11, 1.6, 10.0, 5.38, 3.57, 13.46, 6.52, 2.77, 3.57, 4.29, 4.48, 13.48, 5.35, 4.13, 9.2, 9.91, 3.8, 7.27, 3.31, 1.81, 2.74, 0.95, 4.63, 10.29, 1.58, 16.5, 8.67, 2.37, 5.15, 6.2, 2.06, 0.0, 4.19, 11.2, 6.86, 10.08, 9.2, 1.35, 1.69, 3.66, 5.44, 13.99, 3.92, 7.89, 11.66, 5.83, 1.48, 2.15], [15.72, 11.18, 9.37, 3.27, 4.38, 10.94, 6.33, 0.9, 7.91, 8.82, 17.64, 5.68, 13.53, 6.69, 12.42, 2.75, 4.9, 2.13, 9.51, 7.21, 13.3, 4.93, 16.98, 4.45, 5.51, 3.98, 11.33, 7.85, 9.56, 8.25, 2.74, 3.36, 21.39, 18.04, 16.63, 12.58, 11.27, 0.73, 5.96, 1.32, 11.29, 12.55, 16.5, 5.74, 10.6, 4.33, 13.07, 4.54, 15.36, 6.37, 4.46, 4.08, 10.78, 7.82, 4.89, 17.87, 23.49, 9.39, 5.69, 4.28, 1.33, 11.38, 4.79, 1.23, 9.38, 19.04, 19.16, 13.38, 11.83, 3.26, 4.9, 11.95, 16.54, 10.92, 7.88, 19.67, 6.53, 8.98, 6.75, 17.42, 2.03, 2.07, 6.08, 5.81, 0.0, 14.47, 17.71, 3.87, 19.46, 6.7, 0.53, 5.95, 13.06, 4.1, 20.08, 4.05, 7.58, 3.19, 2.59, 4.24], [8.4, 3.79, 10.61, 14.83, 10.98, 8.78, 15.12, 9.3, 3.29, 5.03, 3.67, 6.93, 1.03, 16.63, 12.83, 8.65, 1.38, 13.98, 1.11, 1.96, 0.61, 10.81, 6.86, 17.63, 2.27, 7.13, 13.63, 11.43, 3.91, 6.62, 1.39, 7.06, 0.97, 2.75, 6.44, 3.35, 3.2, 15.91, 5.83, 10.55, 1.22, 0.91, 7.67, 5.8, 4.07, 1.29, 6.96, 12.11, 2.2, 11.67, 1.91, 5.78, 13.25, 0.49, 12.05, 5.75, 1.81, 14.26, 3.13, 3.28, 3.46, 0.86, 17.64, 17.61, 5.38, 4.2, 13.4, 3.92, 10.08, 6.14, 5.16, 2.02, 0.25, 8.69, 6.57, 3.03, 4.77, 1.58, 7.69, 2.28, 5.17, 11.71, 4.64, 8.59, 2.72, 0.0, 3.76, 7.16, 0.91, 7.8, 14.85, 7.47, 3.92, 13.89, 3.68, 13.76, 16.76, 1.2, 13.01, 6.85], [2.46, 3.7, 18.23, 9.22, 7.06, 2.82, 4.26, 12.73, 2.25, 6.09, 3.1, 1.64, 4.07, 2.83, 10.33, 13.75, 2.19, 6.26, 5.91, 6.64, 5.64, 4.67, 2.7, 11.52, 9.18, 12.97, 10.81, 8.98, 6.24, 5.11, 3.05, 2.01, 0.91, 3.3, 1.91, 2.07, 8.96, 9.01, 5.32, 16.01, 5.16, 7.69, 12.93, 16.18, 1.15, 3.24, 8.2, 2.05, 0.64, 4.5, 8.7, 10.27, 8.93, 4.18, 17.17, 5.73, 4.28, 6.14, 4.39, 17.22, 6.37, 0.64, 7.2, 13.18, 5.33, 11.82, 7.64, 14.86, 5.32, 4.03, 8.69, 6.22, 3.35, 2.92, 7.85, 1.77, 5.81, 13.11, 8.54, 3.2, 18.92, 4.59, 8.43, 4.81, 3.83, 1.92, 0.0, 13.26, 1.05, 9.73, 12.46, 8.46, 4.15, 4.53, 1.27, 18.84, 11.53, 5.66, 8.52, 5.26], [8.97, 1.89, 2.48, 5.49, 1.1, 7.02, 3.89, 0.4, 10.19, 11.42, 8.86, 4.32, 13.21, 3.12, 2.64, 2.69, 5.87, 7.03, 11.71, 6.2, 16.63, 5.28, 4.64, 1.73, 1.96, 7.53, 9.74, 1.77, 1.06, 2.01, 7.21, 5.22, 11.59, 9.93, 8.74, 4.2, 2.89, 2.11, 0.6, 3.4, 5.77, 5.59, 9.87, 0.38, 12.95, 10.84, 1.77, 4.87, 15.4, 4.95, 16.03, 5.59, 3.47, 11.61, 2.06, 6.41, 10.94, 2.15, 3.58, 1.29, 0.71, 10.66, 9.4, 2.82, 3.6, 7.7, 10.99, 4.24, 5.71, 6.73, 0.5, 6.86, 1.86, 3.79, 8.87, 7.25, 6.74, 7.44, 1.67, 4.53, 2.76, 2.1, 1.01, 6.99, 4.89, 9.39, 9.72, 0.0, 7.31, 3.87, 5.1, 1.9, 9.14, 2.25, 8.18, 2.97, 2.91, 9.11, 2.35, 2.82], [5.73, 3.27, 4.82, 7.28, 11.52, 1.92, 8.94, 11.18, 0.3, 1.83, 1.8, 18.21, 0.62, 10.06, 7.43, 5.44, 3.59, 13.85, 0.65, 2.49, 1.63, 11.52, 3.81, 4.92, 9.25, 5.47, 13.16, 3.58, 9.37, 6.26, 1.38, 6.27, 0.85, 0.55, 3.13, 1.0, 16.93, 5.57, 6.7, 10.96, 1.22, 1.26, 8.71, 9.7, 3.0, 2.96, 8.71, 8.84, 5.26, 14.81, 1.93, 15.04, 3.96, 3.39, 8.56, 5.12, 2.68, 8.89, 4.84, 5.52, 8.57, 4.04, 6.44, 20.49, 6.63, 5.67, 10.46, 8.96, 8.42, 8.47, 11.96, 2.49, 0.72, 1.65, 5.69, 4.33, 7.89, 6.14, 4.43, 0.36, 12.39, 10.78, 11.58, 10.21, 13.78, 0.76, 6.37, 6.72, 0.0, 1.8, 8.06, 7.69, 1.16, 15.92, 0.55, 5.86, 4.61, 1.37, 2.73, 4.57], [9.09, 7.56, 6.59, 2.8, 4.99, 2.92, 2.66, 1.34, 2.03, 5.86, 1.37, 4.76, 7.69, 12.97, 4.27, 2.3, 3.59, 5.31, 5.71, 4.88, 6.05, 1.95, 7.56, 6.23, 1.13, 3.72, 4.16, 4.81, 3.9, 2.22, 6.69, 1.84, 11.32, 5.3, 2.81, 1.22, 8.77, 4.89, 2.26, 6.44, 1.95, 1.62, 8.08, 0.97, 9.41, 6.89, 0.25, 2.92, 5.79, 6.23, 1.66, 6.84, 9.82, 6.4, 3.34, 4.39, 10.2, 5.12, 7.2, 1.51, 1.4, 8.37, 5.51, 1.79, 1.69, 7.92, 8.86, 2.41, 3.22, 5.09, 4.88, 7.47, 2.62, 6.33, 2.79, 8.93, 1.59, 5.56, 3.63, 6.64, 1.98, 8.32, 2.17, 7.04, 4.4, 9.66, 4.05, 4.75, 2.47, 0.0, 7.06, 2.92, 3.27, 7.82, 1.02, 7.3, 2.01, 3.58, 8.18, 6.52], [5.58, 14.91, 8.71, 4.57, 8.14, 3.3, 6.34, 4.41, 2.82, 11.14, 2.44, 7.62, 10.85, 17.87, 11.44, 8.9, 8.4, 4.72, 18.44, 18.01, 17.37, 1.99, 4.19, 2.29, 11.35, 12.11, 5.69, 2.93, 9.33, 3.14, 8.58, 11.5, 22.18, 10.01, 16.0, 2.51, 6.95, 3.92, 2.86, 5.26, 5.01, 5.67, 6.46, 2.1, 13.9, 5.84, 3.74, 7.42, 6.77, 5.07, 20.06, 5.67, 15.52, 14.99, 4.9, 12.9, 22.66, 2.21, 13.17, 3.36, 7.74, 13.1, 7.36, 1.26, 1.21, 6.53, 4.86, 12.66, 5.24, 2.41, 3.53, 9.37, 2.7, 6.02, 10.25, 4.92, 6.31, 5.41, 2.7, 18.09, 2.76, 1.47, 11.24, 11.07, 1.83, 15.17, 5.9, 3.55, 21.8, 1.9, 0.0, 1.71, 17.78, 0.72, 8.28, 2.1, 9.01, 2.84, 11.77, 8.62], [5.33, 0.93, 7.23, 2.61, 5.45, 0.84, 3.47, 6.57, 3.16, 7.21, 5.68, 3.95, 10.72, 10.24, 5.66, 2.32, 0.53, 1.39, 6.51, 6.99, 8.6, 4.41, 4.97, 4.18, 2.56, 5.34, 12.23, 2.86, 0.35, 2.84, 1.76, 1.05, 9.27, 3.74, 2.77, 1.27, 8.17, 1.36, 2.17, 4.81, 2.56, 6.47, 7.65, 2.94, 4.26, 4.49, 1.26, 0.0, 1.37, 5.56, 7.84, 2.15, 7.82, 10.61, 3.54, 4.7, 11.57, 2.75, 10.13, 1.23, 4.14, 4.0, 1.54, 7.39, 0.71, 5.18, 5.83, 5.68, 0.6, 3.85, 5.94, 5.75, 4.36, 2.36, 5.04, 11.08, 0.66, 5.58, 6.6, 5.34, 1.34, 1.42, 1.87, 4.72, 10.52, 4.35, 6.11, 4.42, 5.11, 3.09, 3.87, 0.0, 7.15, 8.25, 4.86, 9.55, 1.68, 0.58, 1.66, 6.98], [2.96, 6.04, 5.17, 9.63, 11.81, 1.35, 7.93, 9.93, 3.08, 4.97, 1.23, 10.48, 4.11, 11.75, 8.12, 12.64, 1.87, 11.36, 1.38, 4.43, 0.85, 4.05, 0.59, 12.57, 2.41, 5.48, 5.12, 12.68, 1.77, 11.29, 1.73, 5.27, 2.95, 0.21, 3.49, 4.43, 7.0, 10.95, 10.43, 15.64, 2.81, 3.27, 2.44, 6.5, 2.12, 3.13, 8.19, 2.49, 1.67, 14.0, 0.99, 6.67, 16.64, 2.55, 2.24, 2.48, 2.07, 2.94, 2.56, 10.23, 1.08, 1.32, 12.19, 19.46, 9.28, 8.51, 13.89, 9.76, 3.76, 3.21, 4.81, 3.69, 2.88, 11.95, 5.08, 2.15, 5.51, 11.53, 2.46, 2.64, 14.43, 15.07, 7.38, 1.29, 18.37, 2.36, 0.66, 10.16, 3.79, 1.12, 10.32, 1.18, 0.0, 5.83, 0.63, 3.88, 5.7, 2.74, 11.01, 5.93], [10.51, 15.01, 0.39, 4.06, 2.38, 7.94, 8.0, 5.05, 15.47, 5.35, 4.43, 2.28, 15.47, 4.04, 13.87, 2.86, 4.93, 4.69, 15.35, 9.77, 9.11, 13.54, 4.82, 5.37, 2.68, 9.79, 2.24, 1.23, 1.45, 1.16, 7.59, 6.43, 4.14, 4.95, 5.04, 8.52, 4.38, 3.22, 3.64, 0.96, 4.24, 10.14, 6.18, 2.6, 8.13, 6.74, 5.48, 9.48, 19.23, 4.11, 14.33, 4.44, 5.86, 22.05, 2.4, 4.99, 7.83, 3.6, 10.9, 2.31, 5.02, 14.66, 6.69, 5.35, 6.55, 8.89, 10.92, 11.71, 4.74, 5.02, 5.27, 1.67, 7.77, 13.98, 11.59, 4.5, 4.33, 3.4, 6.27, 15.61, 0.89, 8.25, 7.22, 7.38, 8.7, 18.9, 5.7, 1.59, 14.16, 6.82, 1.58, 7.15, 10.51, 0.0, 13.13, 0.49, 2.54, 6.4, 11.71, 13.08], [1.92, 3.49, 4.85, 11.35, 13.72, 3.44, 4.56, 4.82, 4.37, 3.3, 1.38, 2.16, 3.74, 9.08, 3.41, 3.63, 1.17, 10.84, 2.64, 3.04, 0.73, 7.18, 0.57, 9.27, 1.66, 4.82, 4.71, 14.25, 3.69, 10.89, 3.56, 4.3, 4.45, 0.96, 0.99, 5.3, 7.89, 10.56, 5.84, 8.9, 2.91, 0.77, 16.19, 5.54, 0.51, 5.53, 7.68, 9.24, 0.51, 6.33, 3.56, 12.35, 9.06, 1.82, 3.82, 6.64, 1.48, 7.16, 2.46, 4.93, 5.13, 2.07, 10.22, 9.12, 5.35, 9.4, 15.93, 4.11, 7.16, 5.12, 11.36, 15.99, 2.02, 5.31, 4.13, 1.71, 4.91, 12.35, 3.25, 3.8, 2.48, 12.74, 3.32, 7.82, 8.16, 1.89, 1.57, 4.06, 2.08, 4.68, 16.13, 1.86, 0.41, 18.2, 0.0, 6.08, 6.56, 5.11, 4.04, 6.91], [8.28, 8.28, 6.59, 8.66, 6.38, 10.89, 10.1, 3.43, 8.77, 6.53, 8.69, 7.64, 12.89, 13.52, 5.12, 2.01, 2.2, 8.38, 9.75, 13.63, 8.54, 10.39, 7.54, 3.5, 7.3, 10.48, 8.65, 2.37, 8.39, 1.81, 13.57, 2.28, 2.36, 4.71, 10.42, 5.58, 17.44, 2.18, 1.23, 3.69, 3.0, 8.16, 8.45, 2.95, 7.37, 2.22, 8.84, 4.86, 16.0, 7.13, 11.31, 1.31, 4.09, 13.44, 0.87, 10.16, 3.81, 2.48, 8.94, 1.35, 9.23, 12.49, 13.67, 0.47, 8.01, 15.53, 12.74, 11.7, 11.46, 5.19, 1.96, 5.99, 7.26, 11.1, 4.9, 6.34, 2.6, 8.05, 11.53, 13.74, 0.55, 2.64, 8.4, 2.91, 2.4, 9.97, 2.7, 4.81, 7.96, 2.44, 0.86, 7.49, 7.64, 0.8, 8.75, 0.0, 3.56, 10.27, 8.37, 12.4], [6.21, 13.11, 0.21, 2.04, 4.25, 5.59, 12.68, 9.66, 3.07, 7.15, 4.8, 2.39, 7.75, 11.43, 20.27, 1.45, 5.19, 0.24, 16.13, 4.04, 14.1, 2.03, 10.72, 4.54, 6.96, 7.0, 1.47, 4.91, 14.0, 0.99, 8.32, 9.81, 9.89, 10.63, 1.8, 7.13, 12.26, 6.24, 2.5, 2.2, 6.83, 12.7, 1.01, 3.74, 7.86, 7.67, 7.88, 8.79, 9.41, 2.36, 17.44, 8.45, 1.93, 12.67, 1.91, 5.02, 2.65, 0.64, 3.98, 0.9, 6.0, 2.0, 9.54, 11.42, 3.72, 6.46, 6.98, 2.91, 4.76, 6.41, 6.14, 0.65, 12.09, 6.4, 1.11, 18.79, 8.59, 0.69, 6.88, 4.74, 3.36, 10.49, 10.37, 13.79, 12.92, 14.86, 8.45, 5.1, 4.71, 6.21, 8.89, 5.65, 14.71, 3.94, 11.24, 1.53, 0.0, 9.66, 11.1, 9.53], [0.68, 1.25, 1.89, 4.17, 5.27, 0.92, 7.65, 2.48, 1.36, 6.81, 3.57, 1.34, 5.71, 1.94, 4.22, 1.47, 0.52, 10.89, 4.54, 4.66, 4.28, 1.13, 3.86, 5.13, 0.49, 3.11, 9.52, 1.46, 2.2, 2.28, 7.21, 1.44, 5.26, 1.05, 2.88, 0.95, 6.24, 4.88, 4.98, 2.53, 4.08, 2.07, 3.08, 4.45, 5.71, 4.84, 1.69, 1.75, 3.05, 11.39, 8.09, 6.84, 15.02, 9.78, 2.3, 2.93, 5.33, 3.91, 4.63, 4.25, 4.09, 2.88, 3.22, 6.64, 4.58, 3.87, 9.78, 7.99, 0.73, 8.55, 9.52, 10.72, 4.78, 6.31, 0.83, 5.65, 1.5, 9.02, 6.19, 1.15, 11.58, 2.4, 4.27, 1.5, 12.24, 5.81, 4.76, 5.99, 6.99, 1.41, 3.7, 3.55, 4.11, 4.7, 2.29, 4.25, 9.81, 0.0, 4.07, 6.58], [2.41, 1.96, 5.68, 3.95, 3.87, 6.11, 0.48, 2.1, 7.72, 15.85, 5.92, 3.21, 16.99, 1.4, 3.95, 6.04, 3.3, 17.06, 8.21, 10.19, 10.35, 1.91, 2.06, 2.63, 8.31, 12.47, 8.41, 4.22, 1.28, 7.79, 14.47, 2.09, 10.15, 9.47, 2.33, 6.37, 3.92, 5.84, 8.55, 13.14, 9.05, 12.63, 9.39, 5.14, 9.99, 0.92, 3.14, 4.19, 4.27, 3.57, 13.21, 1.66, 8.09, 2.22, 7.5, 6.27, 3.34, 11.44, 3.67, 8.05, 4.92, 9.02, 0.51, 10.78, 5.26, 13.83, 21.01, 17.16, 5.71, 14.07, 5.62, 10.34, 8.36, 0.97, 11.76, 9.73, 1.93, 17.12, 1.58, 5.45, 1.6, 3.0, 2.31, 1.73, 1.86, 5.07, 3.63, 3.49, 10.11, 4.59, 8.1, 4.22, 10.09, 14.34, 5.88, 12.85, 13.34, 4.71, 0.0, 0.91], [0.15, 0.16, 8.4, 9.3, 7.91, 4.69, 3.95, 10.59, 3.2, 1.82, 2.65, 4.11, 10.27, 1.76, 2.92, 10.92, 1.23, 14.23, 4.12, 4.2, 10.76, 0.67, 3.94, 6.65, 4.83, 6.39, 3.68, 12.25, 3.47, 2.51, 6.46, 5.82, 1.64, 3.25, 3.37, 4.37, 2.91, 9.57, 9.89, 11.69, 4.27, 5.83, 5.67, 10.82, 4.1, 1.33, 8.88, 3.68, 2.02, 8.92, 11.95, 5.71, 5.1, 5.32, 11.23, 3.48, 3.6, 5.19, 8.78, 10.24, 3.85, 1.94, 4.91, 1.93, 8.14, 4.77, 14.81, 5.65, 0.78, 3.74, 2.08, 8.28, 7.09, 2.49, 3.72, 3.49, 5.89, 5.03, 13.13, 2.32, 9.98, 2.45, 2.99, 0.56, 6.44, 8.67, 3.55, 7.48, 8.66, 4.43, 5.55, 3.52, 5.04, 16.03, 3.67, 7.06, 3.94, 6.95, 6.38, 0.0]]
vans = [8, 7, 7]

