J = [0, 1, 2, 3]
K = [4, 5, 6]
L = [7, 8, 9, 10]
I = [0, 1, 2, 3, 4, 5, 6, 7, 8, 9, 10]
N = [0, 1, 2, 3, 4, 5, 6, 7, 8, 9, 10, 11, 12, 13, 14, 15, 16, 17, 18, 19, 20, 21, 22, 23, 24, 25, 26, 27, 28, 29, 30, 31, 32, 33, 34, 35, 36, 37, 38, 39, 40, 41, 42, 43, 44, 45, 46, 47, 48, 49, 50, 51, 52, 53, 54, 55, 56, 57, 58, 59, 60, 61, 62, 63, 64, 65, 66, 67, 68, 69, 70, 71, 72, 73, 74]
demand = [926, 1027, 666, 1037, 643, 713, 1127, 494, 444, 997, 655, 902, 429, 420, 874, 1162, 725, 409, 408, 1161, 1132, 787, 768, 759, 789, 650, 963, 919, 562, 520, 1081, 866, 442, 721, 682, 421, 1198, 1146, 1158, 871, 973, 1007, 681, 947, 1169, 594, 874, 556, 776, 674, 935, 804, 852, 955, 614, 982, 595, 483, 1074, 982, 804, 766, 951, 894, 413, 715, 1020, 874, 481, 683, 837, 819, 1062, 435, 759]
hub = [1, 2, 1, 2, 2, 0, 0, 0, 1, 3, 3, 0, 1, 1, 3, 0, 1, 2, 0, 1, 0, 2, 3, 2, 3, 2, 0, 2, 0, 0, 2, 0, 1, 1, 1, 3, 1, 0, 3, 1, 3, 3, 3, 0, 0, 2, 3, 3, 1, 3, 1, 0, 3, 2, 2, 2, 3, 1, 0, 3, 2, 0, 3, 0, 0, 2, 1, 2, 1, 0, 3, 0, 3, 1, 3]
release = [19, 41, 1, 4, 40, 18, 48, 1, 26, 48, 10, 14, 18, 33, 40, 38, 24, 16, 28, 11, 32, 18, 13, 45, 48, 0, 46, 7, 14, 37, 23, 3, 4, 41, 36, 14, 42, 44, 29, 6, 6, 1, 36, 33, 44, 7, 1, 47, 34, 9, 43, 14, 43, 12, 30, 28, 32, 16, 10, 32, 29, 27, 22, 47, 5, 24, 47, 35, 9, 45, 5, 8, 36, 40, 15]
Nj = [[5, 6, 7, 11, 15, 18, 20, 26, 28, 29, 31, 37, 43, 44, 51, 58, 61, 63, 64, 69, 71], [0, 2, 8, 12, 13, 16, 19, 32, 33, 34, 36, 39, 48, 50, 57, 66, 68, 73], [1, 3, 4, 17, 21, 23, 25, 27, 30, 45, 53, 54, 55, 60, 65, 67], [9, 10, 14, 22, 24, 35, 38, 40, 41, 42, 46, 47, 49, 52, 56, 59, 62, 70, 72, 74]]
Gj = [[0, 1, 2, 3, 4, 5, 6, 7, 8, 9, 10, 11, 12, 13, 14, 15, 16, 17, 18, 19, 20], [21, 22, 23, 24, 25, 26, 27, 28, 29, 30, 31, 32, 33, 34, 35, 36, 37, 38], [39, 40, 41, 42, 43, 44, 45, 46, 47, 48, 49, 50, 51, 52, 53, 54], [55, 56, 57, 58, 59, 60, 61, 62, 63, 64, 65, 66, 67, 68, 69, 70, 71, 72, 73, 74]]
G = [0, 1, 2, 3, 4, 5, 6, 7, 8, 9, 10, 11, 12, 13, 14, 15, 16, 17, 18, 19, 20, 21, 22, 23, 24, 25, 26, 27, 28, 29, 30, 31, 32, 33, 34, 35, 36, 37, 38, 39, 40, 41, 42, 43, 44, 45, 46, 47, 48, 49, 50, 51, 52, 53, 54, 55, 56, 57, 58, 59, 60, 61, 62, 63, 64, 65, 66, 67, 68, 69, 70, 71, 72, 73, 74]
deadline = [168, 168, 216, 240, 216, 168, 216, 216, 216, 168, 168, 216, 168, 240, 192, 168, 192, 168, 240, 192, 192, 192, 192, 192, 216, 192, 216, 240, 168, 216, 168, 168, 216, 240, 240, 216, 240, 168, 216, 192, 216, 216, 192, 216, 216, 192, 192, 192, 216, 192, 216, 216, 168, 216, 168, 168, 240, 168, 240, 192, 168, 240, 168, 192, 240, 192, 240, 192, 168, 168, 168, 216, 192, 240, 168]
weight = [50, 100, 30, 70, 20, 100, 70, 20, 20, 70, 80, 20, 50, 80, 100, 100, 90, 10, 10, 10, 40, 100, 20, 100, 50, 10, 30, 60, 70, 10, 10, 50, 10, 90, 70, 90, 20, 70, 80, 60, 100, 40, 50, 30, 100, 40, 20, 40, 10, 100, 40, 30, 100, 40, 30, 50, 50, 40, 90, 20, 70, 40, 90, 40, 70, 20, 20, 70, 100, 80, 10, 80, 60, 50, 90]
q = 2000
M = [0, 1, 2]
M_description = ['Road', 'Rail', 'Ship']
accessibility = [[1, 0, 0], [1, 0, 1], [1, 0, 1], [1, 1, 0], [1, 1, 1], [1, 1, 1], [1, 1, 1], [1, 0, 0], [1, 1, 1], [1, 1, 0], [1, 0, 0]]
S = [0, 1, 2, 3, 4, 5, 6, 7, 8, 9, 10, 11, 12, 13, 14, 15, 16, 17, 18, 19, 20, 21, 22, 23, 24, 25, 26, 27, 28, 29, 30, 31, 32, 33, 34, 35, 36, 37, 38, 39, 40, 41, 42, 43, 44, 45, 46, 47, 48, 49, 50, 51, 52, 53, 54, 55, 56, 57, 58, 59, 60, 61, 62, 63, 64, 65, 66, 67, 68, 69, 70, 71, 72, 73, 74, 75, 76, 77, 78, 79, 80, 81, 82, 83, 84, 85, 86, 87, 88, 89, 90, 91, 92, 93, 94, 95, 96, 97, 98, 99, 100, 101, 102, 103, 104, 105, 106, 107, 108, 109, 110, 111, 112, 113, 114, 115, 116, 117, 118, 119, 120, 121, 122, 123, 124, 125, 126, 127, 128, 129, 130, 131, 132, 133, 134, 135, 136, 137, 138, 139, 140, 141, 142, 143, 144, 145, 146, 147, 148, 149, 150, 151, 152, 153, 154, 155, 156, 157, 158, 159, 160, 161, 162, 163, 164, 165, 166, 167, 168, 169, 170, 171, 172, 173, 174, 175, 176, 177, 178, 179, 180, 181, 182, 183, 184, 185, 186, 187, 188, 189, 190, 191, 192, 193, 194, 195, 196, 197, 198, 199, 200, 201, 202, 203, 204, 205, 206, 207, 208, 209, 210, 211, 212, 213, 214, 215, 216, 217, 218, 219, 220, 221, 222, 223, 224, 225, 226, 227, 228, 229, 230, 231, 232, 233, 234, 235, 236, 237, 238, 239, 240, 241, 242, 243, 244, 245, 246, 247, 248, 249, 250, 251, 252, 253, 254, 255, 256, 257, 258, 259, 260, 261, 262, 263, 264, 265, 266, 267, 268, 269, 270, 271, 272, 273, 274, 275, 276, 277, 278, 279, 280, 281, 282, 283, 284, 285, 286, 287, 288, 289, 290, 291, 292, 293, 294, 295, 296, 297, 298, 299, 300, 301, 302, 303, 304, 305, 306, 307, 308, 309, 310, 311, 312, 313, 314, 315, 316, 317, 318, 319, 320, 321, 322, 323, 324, 325, 326, 327, 328, 329, 330, 331, 332, 333, 334, 335, 336, 337, 338, 339, 340, 341, 342, 343, 344, 345, 346, 347, 348, 349, 350, 351, 352, 353, 354, 355, 356, 357, 358, 359, 360, 361, 362, 363, 364, 365, 366, 367, 368, 369, 370, 371, 372, 373, 374, 375, 376, 377, 378, 379, 380, 381, 382, 383, 384, 385, 386, 387, 388, 389, 390, 391, 392, 393, 394, 395, 396, 397, 398, 399, 400, 401, 402, 403, 404, 405, 406, 407, 408, 409, 410, 411, 412, 413, 414]
origin = [0, 0, 0, 0, 0, 0, 0, 0, 0, 0, 0, 0, 0, 0, 0, 0, 0, 0, 0, 0, 0, 0, 0, 0, 0, 0, 0, 0, 0, 0, 0, 0, 0, 0, 0, 0, 0, 0, 0, 0, 1, 1, 1, 1, 1, 1, 1, 1, 1, 1, 1, 1, 1, 1, 1, 1, 1, 1, 1, 1, 1, 1, 1, 1, 1, 1, 1, 1, 1, 1, 1, 1, 1, 1, 1, 1, 1, 1, 1, 1, 2, 2, 2, 2, 2, 2, 2, 2, 2, 2, 2, 2, 2, 2, 2, 2, 2, 2, 2, 2, 2, 2, 2, 2, 2, 2, 2, 2, 2, 2, 2, 2, 2, 2, 2, 2, 2, 2, 2, 2, 3, 3, 3, 3, 3, 3, 3, 3, 3, 3, 3, 3, 3, 3, 3, 3, 3, 3, 3, 3, 3, 3, 3, 3, 3, 3, 3, 3, 3, 3, 3, 3, 3, 3, 3, 3, 3, 3, 3, 3, 4, 4, 4, 4, 4, 4, 4, 4, 4, 4, 4, 4, 4, 4, 4, 4, 4, 4, 4, 4, 4, 4, 4, 4, 4, 4, 4, 4, 4, 4, 4, 4, 4, 4, 4, 4, 4, 4, 4, 4, 5, 5, 5, 5, 5, 5, 5, 5, 5, 5, 5, 5, 5, 5, 5, 5, 5, 5, 5, 5, 5, 5, 5, 5, 5, 5, 5, 5, 5, 5, 5, 5, 5, 5, 5, 5, 5, 5, 5, 5, 6, 6, 6, 6, 6, 6, 6, 6, 6, 6, 6, 6, 6, 6, 6, 6, 6, 6, 6, 6, 6, 6, 6, 6, 6, 6, 6, 6, 6, 6, 6, 6, 6, 6, 6, 6, 6, 6, 6, 6, 3, 3, 3, 3, 3, 3, 3, 3, 3, 3, 3, 3, 3, 3, 3, 4, 4, 4, 4, 4, 4, 4, 4, 4, 4, 4, 4, 4, 4, 4, 5, 5, 5, 5, 5, 5, 5, 5, 5, 5, 5, 5, 5, 5, 5, 6, 6, 6, 6, 6, 6, 6, 6, 6, 6, 6, 6, 6, 6, 6, 1, 1, 1, 1, 1, 1, 1, 1, 1, 1, 1, 1, 1, 1, 1, 2, 2, 2, 2, 2, 2, 2, 2, 2, 2, 2, 2, 2, 2, 2, 4, 4, 4, 4, 4, 4, 4, 4, 4, 4, 4, 4, 4, 4, 4, 5, 5, 5, 5, 5, 5, 5, 5, 5, 5, 5, 5, 5, 5, 5, 6, 6, 6, 6, 6, 6, 6, 6, 6, 6, 6, 6, 6, 6, 6]
destination = [1, 1, 1, 1, 2, 2, 2, 2, 3, 3, 3, 3, 4, 4, 4, 4, 5, 5, 5, 5, 6, 6, 6, 6, 7, 7, 7, 7, 8, 8, 8, 8, 9, 9, 9, 9, 10, 10, 10, 10, 0, 0, 0, 0, 2, 2, 2, 2, 3, 3, 3, 3, 4, 4, 4, 4, 5, 5, 5, 5, 6, 6, 6, 6, 7, 7, 7, 7, 8, 8, 8, 8, 9, 9, 9, 9, 10, 10, 10, 10, 0, 0, 0, 0, 1, 1, 1, 1, 3, 3, 3, 3, 4, 4, 4, 4, 5, 5, 5, 5, 6, 6, 6, 6, 7, 7, 7, 7, 8, 8, 8, 8, 9, 9, 9, 9, 10, 10, 10, 10, 0, 0, 0, 0, 1, 1, 1, 1, 2, 2, 2, 2, 4, 4, 4, 4, 5, 5, 5, 5, 6, 6, 6, 6, 7, 7, 7, 7, 8, 8, 8, 8, 9, 9, 9, 9, 10, 10, 10, 10, 0, 0, 0, 0, 1, 1, 1, 1, 2, 2, 2, 2, 3, 3, 3, 3, 5, 5, 5, 5, 6, 6, 6, 6, 7, 7, 7, 7, 8, 8, 8, 8, 9, 9, 9, 9, 10, 10, 10, 10, 0, 0, 0, 0, 1, 1, 1, 1, 2, 2, 2, 2, 3, 3, 3, 3, 4, 4, 4, 4, 6, 6, 6, 6, 7, 7, 7, 7, 8, 8, 8, 8, 9, 9, 9, 9, 10, 10, 10, 10, 0, 0, 0, 0, 1, 1, 1, 1, 2, 2, 2, 2, 3, 3, 3, 3, 4, 4, 4, 4, 5, 5, 5, 5, 7, 7, 7, 7, 8, 8, 8, 8, 9, 9, 9, 9, 10, 10, 10, 10, 4, 4, 4, 5, 5, 5, 6, 6, 6, 8, 8, 8, 9, 9, 9, 3, 3, 3, 5, 5, 5, 6, 6, 6, 8, 8, 8, 9, 9, 9, 3, 3, 3, 4, 4, 4, 6, 6, 6, 8, 8, 8, 9, 9, 9, 3, 3, 3, 4, 4, 4, 5, 5, 5, 8, 8, 8, 9, 9, 9, 2, 2, 2, 4, 4, 4, 5, 5, 5, 6, 6, 6, 8, 8, 8, 1, 1, 1, 4, 4, 4, 5, 5, 5, 6, 6, 6, 8, 8, 8, 1, 1, 1, 2, 2, 2, 5, 5, 5, 6, 6, 6, 8, 8, 8, 1, 1, 1, 2, 2, 2, 4, 4, 4, 6, 6, 6, 8, 8, 8, 1, 1, 1, 2, 2, 2, 4, 4, 4, 5, 5, 5, 8, 8, 8]
departure = [8, 56, 104, 152, 8, 56, 104, 152, 8, 56, 104, 152, 8, 56, 104, 152, 8, 56, 104, 152, 8, 56, 104, 152, 8, 56, 104, 152, 8, 56, 104, 152, 8, 56, 104, 152, 8, 56, 104, 152, 8, 56, 104, 152, 8, 56, 104, 152, 8, 56, 104, 152, 8, 56, 104, 152, 8, 56, 104, 152, 8, 56, 104, 152, 8, 56, 104, 152, 8, 56, 104, 152, 8, 56, 104, 152, 8, 56, 104, 152, 8, 56, 104, 152, 8, 56, 104, 152, 8, 56, 104, 152, 8, 56, 104, 152, 8, 56, 104, 152, 8, 56, 104, 152, 8, 56, 104, 152, 8, 56, 104, 152, 8, 56, 104, 152, 8, 56, 104, 152, 8, 56, 104, 152, 8, 56, 104, 152, 8, 56, 104, 152, 8, 56, 104, 152, 8, 56, 104, 152, 8, 56, 104, 152, 8, 56, 104, 152, 8, 56, 104, 152, 8, 56, 104, 152, 8, 56, 104, 152, 12, 60, 108, 156, 12, 60, 108, 156, 12, 60, 108, 156, 12, 60, 108, 156, 12, 60, 108, 156, 12, 60, 108, 156, 12, 60, 108, 156, 12, 60, 108, 156, 12, 60, 108, 156, 12, 60, 108, 156, 12, 60, 108, 156, 12, 60, 108, 156, 12, 60, 108, 156, 12, 60, 108, 156, 12, 60, 108, 156, 12, 60, 108, 156, 12, 60, 108, 156, 12, 60, 108, 156, 12, 60, 108, 156, 12, 60, 108, 156, 12, 60, 108, 156, 12, 60, 108, 156, 12, 60, 108, 156, 12, 60, 108, 156, 12, 60, 108, 156, 12, 60, 108, 156, 12, 60, 108, 156, 12, 60, 108, 156, 12, 60, 108, 156, 12, 60, 108, 156, 33, 81, 129, 33, 81, 129, 33, 81, 129, 33, 81, 129, 33, 81, 129, 37, 85, 133, 37, 85, 133, 37, 85, 133, 37, 85, 133, 37, 85, 133, 37, 85, 133, 37, 85, 133, 37, 85, 133, 37, 85, 133, 37, 85, 133, 37, 85, 133, 37, 85, 133, 37, 85, 133, 37, 85, 133, 37, 85, 133, 10, 58, 106, 10, 58, 106, 10, 58, 106, 10, 58, 106, 10, 58, 106, 10, 58, 106, 10, 58, 106, 10, 58, 106, 10, 58, 106, 10, 58, 106, 13, 61, 109, 13, 61, 109, 13, 61, 109, 13, 61, 109, 13, 61, 109, 13, 61, 109, 13, 61, 109, 13, 61, 109, 13, 61, 109, 13, 61, 109, 13, 61, 109, 13, 61, 109, 13, 61, 109, 13, 61, 109, 13, 61, 109]
arrival = [28, 124, 124, 172, 52, 148, 124, 220, 52, 100, 148, 244, 108, 156, 156, 204, 84, 156, 180, 228, 108, 108, 156, 228, 136, 184, 184, 304, 160, 184, 256, 280, 88, 208, 256, 232, 160, 160, 232, 304, 28, 76, 148, 196, 76, 76, 124, 172, 28, 124, 196, 196, 108, 132, 204, 252, 84, 108, 156, 228, 108, 132, 180, 204, 88, 208, 184, 304, 136, 160, 256, 256, 160, 184, 232, 232, 112, 136, 232, 280, 76, 124, 172, 196, 100, 124, 124, 172, 28, 76, 172, 220, 108, 132, 156, 252, 108, 108, 204, 252, 60, 108, 204, 228, 160, 136, 256, 256, 88, 184, 208, 304, 160, 160, 184, 280, 112, 136, 184, 232, 100, 124, 148, 172, 28, 76, 196, 172, 52, 148, 196, 244, 84, 132, 204, 228, 60, 156, 156, 204, 84, 156, 180, 228, 160, 136, 256, 280, 112, 136, 232, 256, 88, 136, 208, 304, 88, 184, 208, 304, 80, 80, 200, 248, 32, 104, 200, 224, 80, 152, 176, 224, 32, 152, 176, 176, 112, 112, 184, 232, 88, 136, 184, 232, 164, 212, 188, 308, 92, 188, 188, 308, 164, 212, 236, 308, 140, 212, 260, 260, 104, 128, 128, 200, 32, 104, 152, 224, 56, 128, 200, 200, 80, 152, 200, 224, 88, 112, 208, 208, 88, 160, 208, 256, 116, 164, 188, 284, 92, 164, 260, 284, 140, 164, 260, 284, 140, 212, 260, 236, 32, 80, 152, 200, 104, 80, 200, 248, 32, 104, 128, 200, 104, 80, 200, 200, 64, 112, 184, 232, 112, 112, 208, 232, 164, 164, 188, 308, 116, 164, 212, 236, 92, 140, 260, 236, 116, 164, 260, 260, 86, 134, 206, 110, 158, 182, 86, 134, 230, 138, 186, 282, 186, 234, 258, 58, 154, 202, 138, 138, 210, 114, 138, 186, 142, 238, 286, 166, 166, 238, 130, 178, 154, 138, 138, 186, 90, 186, 234, 166, 166, 286, 166, 238, 262, 82, 154, 178, 138, 138, 234, 138, 138, 210, 190, 238, 286, 118, 238, 214, 80, 152, 128, 112, 112, 208, 112, 112, 160, 64, 136, 184, 164, 164, 212, 32, 128, 152, 64, 160, 160, 64, 160, 184, 112, 136, 160, 164, 140, 212, 82, 82, 178, 58, 106, 154, 114, 138, 210, 114, 114, 162, 118, 190, 238, 82, 106, 154, 34, 130, 202, 66, 162, 162, 90, 114, 162, 94, 190, 190, 106, 130, 202, 82, 154, 202, 114, 138, 186, 90, 138, 210, 118, 166, 238]
Q = [2, 2, 2, 2, 2, 4, 2, 2, 4, 4, 2, 2, 4, 2, 4, 4, 4, 4, 4, 2, 2, 2, 4, 4, 4, 2, 2, 2, 2, 4, 4, 2, 4, 4, 4, 2, 2, 4, 2, 4, 2, 2, 2, 4, 2, 2, 2, 2, 4, 2, 2, 4, 2, 4, 4, 4, 4, 4, 4, 4, 4, 2, 4, 4, 4, 4, 4, 2, 4, 4, 4, 2, 4, 4, 2, 4, 2, 2, 4, 4, 2, 2, 4, 2, 4, 4, 2, 2, 2, 2, 2, 4, 4, 4, 2, 2, 4, 2, 2, 2, 2, 4, 4, 2, 4, 4, 4, 4, 2, 4, 4, 2, 2, 2, 4, 2, 2, 2, 2, 4, 2, 4, 4, 4, 2, 4, 4, 2, 4, 4, 2, 4, 2, 4, 2, 4, 4, 2, 4, 4, 4, 4, 4, 2, 2, 4, 2, 4, 4, 4, 2, 2, 4, 2, 4, 4, 2, 4, 2, 2, 2, 2, 4, 2, 4, 4, 4, 4, 4, 4, 4, 4, 4, 2, 2, 4, 4, 4, 4, 4, 2, 2, 2, 2, 2, 2, 2, 2, 4, 4, 2, 2, 4, 2, 4, 2, 4, 4, 4, 2, 4, 2, 4, 4, 2, 4, 2, 4, 2, 2, 2, 4, 4, 4, 4, 2, 4, 4, 4, 4, 4, 2, 4, 2, 2, 4, 4, 2, 2, 4, 2, 4, 2, 4, 2, 4, 4, 4, 2, 4, 4, 4, 2, 4, 4, 2, 4, 2, 4, 2, 2, 2, 4, 4, 4, 2, 4, 4, 4, 4, 2, 2, 4, 2, 2, 2, 4, 4, 4, 4, 2, 4, 2, 2, 4, 2, 2, 2, 4, 2, 6, 3, 6, 3, 3, 6, 3, 3, 6, 6, 3, 6, 3, 6, 3, 6, 3, 6, 3, 6, 6, 6, 6, 3, 3, 6, 3, 6, 3, 6, 6, 3, 6, 6, 6, 3, 3, 6, 6, 3, 3, 3, 3, 3, 3, 6, 3, 3, 3, 6, 6, 6, 6, 3, 3, 3, 6, 6, 3, 3, 10, 5, 5, 5, 5, 5, 10, 10, 10, 5, 10, 5, 10, 10, 10, 10, 10, 5, 10, 5, 5, 5, 5, 5, 5, 10, 5, 5, 5, 10, 10, 5, 10, 5, 5, 5, 10, 10, 5, 10, 10, 5, 5, 10, 5, 10, 10, 10, 10, 10, 5, 5, 5, 5, 10, 10, 5, 10, 5, 10, 5, 10, 5, 10, 10, 10, 10, 5, 10, 10, 10, 10, 10, 5, 5]
cfixed = [250, 258, 291, 257, 285, 204, 243, 261, 231, 255, 207, 274, 205, 209, 298, 295, 286, 213, 297, 265, 214, 277, 276, 206, 213, 271, 227, 291, 246, 216, 229, 245, 237, 293, 223, 281, 275, 290, 284, 264, 209, 298, 269, 250, 215, 268, 264, 297, 234, 296, 243, 293, 222, 227, 226, 297, 235, 230, 243, 237, 283, 252, 233, 251, 228, 288, 275, 288, 294, 224, 240, 212, 250, 268, 252, 253, 252, 245, 233, 283, 234, 271, 295, 248, 283, 214, 219, 216, 217, 253, 223, 264, 258, 289, 250, 215, 213, 290, 216, 215, 205, 259, 291, 218, 282, 219, 224, 280, 221, 247, 241, 207, 258, 300, 222, 231, 203, 295, 252, 294, 260, 217, 214, 271, 264, 284, 216, 219, 208, 257, 263, 286, 259, 225, 275, 216, 266, 277, 224, 285, 280, 212, 208, 282, 217, 262, 264, 231, 225, 277, 281, 298, 200, 277, 203, 246, 256, 218, 279, 271, 235, 271, 247, 207, 255, 272, 272, 206, 265, 249, 269, 238, 271, 266, 286, 291, 300, 239, 207, 226, 216, 237, 253, 295, 220, 222, 208, 279, 207, 209, 278, 202, 291, 225, 263, 237, 275, 214, 220, 254, 205, 289, 293, 248, 221, 265, 286, 204, 226, 291, 295, 248, 278, 269, 223, 251, 204, 257, 272, 264, 245, 259, 281, 265, 209, 296, 211, 203, 225, 231, 234, 265, 282, 246, 240, 288, 273, 286, 237, 220, 237, 298, 287, 247, 291, 279, 288, 237, 235, 275, 267, 256, 299, 290, 300, 219, 268, 297, 291, 204, 204, 240, 278, 238, 231, 281, 265, 282, 298, 204, 219, 295, 286, 247, 233, 205, 298, 268, 295, 287, 354, 319, 438, 321, 334, 494, 303, 494, 425, 486, 455, 492, 343, 406, 441, 328, 387, 310, 307, 363, 324, 430, 491, 308, 379, 360, 427, 368, 486, 456, 304, 305, 429, 401, 398, 381, 361, 357, 463, 486, 408, 385, 475, 374, 384, 326, 414, 304, 352, 422, 357, 416, 495, 409, 407, 433, 420, 399, 486, 324, 687, 613, 611, 504, 510, 668, 660, 673, 696, 632, 691, 542, 543, 504, 631, 683, 538, 615, 539, 548, 542, 620, 568, 516, 588, 518, 640, 700, 681, 676, 677, 666, 661, 540, 538, 573, 650, 674, 518, 536, 518, 635, 567, 553, 589, 685, 551, 645, 660, 524, 626, 566, 514, 607, 626, 592, 507, 592, 692, 675, 658, 563, 568, 629, 697, 524, 623, 561, 671, 670, 612, 524, 692, 528, 699]
ctravel = [20, 68, 20, 20, 44, 92, 20, 68, 44, 44, 44, 92, 100, 100, 52, 52, 76, 100, 76, 76, 100, 52, 52, 76, 128, 128, 80, 152, 152, 128, 152, 128, 80, 152, 152, 80, 152, 104, 128, 152, 20, 20, 44, 44, 68, 20, 20, 20, 20, 68, 92, 44, 100, 76, 100, 100, 76, 52, 52, 76, 100, 76, 76, 52, 80, 152, 80, 152, 128, 104, 152, 104, 152, 128, 128, 80, 104, 80, 128, 128, 68, 68, 68, 44, 92, 68, 20, 20, 20, 20, 68, 68, 100, 76, 52, 100, 100, 52, 100, 100, 52, 52, 100, 76, 152, 80, 152, 104, 80, 128, 104, 152, 152, 104, 80, 128, 104, 80, 80, 80, 92, 68, 44, 20, 20, 20, 92, 20, 44, 92, 92, 92, 76, 76, 100, 76, 52, 100, 52, 52, 76, 100, 76, 76, 152, 80, 152, 128, 104, 80, 128, 104, 80, 80, 104, 152, 80, 128, 104, 152, 68, 20, 92, 92, 20, 44, 92, 68, 68, 92, 68, 68, 20, 92, 68, 20, 100, 52, 76, 76, 76, 76, 76, 76, 152, 152, 80, 152, 80, 128, 80, 152, 152, 152, 128, 152, 128, 152, 152, 104, 92, 68, 20, 44, 20, 44, 44, 68, 44, 68, 92, 44, 68, 92, 92, 68, 76, 52, 100, 52, 76, 100, 100, 100, 104, 104, 80, 128, 80, 104, 152, 128, 128, 104, 152, 128, 128, 152, 152, 80, 20, 20, 44, 44, 92, 20, 92, 92, 20, 44, 20, 44, 92, 20, 92, 44, 52, 52, 76, 76, 100, 52, 100, 76, 152, 104, 80, 152, 104, 104, 104, 80, 80, 80, 152, 80, 104, 104, 152, 104, 42.400000000000006, 42.400000000000006, 61.6, 61.6, 61.6, 42.400000000000006, 42.400000000000006, 42.400000000000006, 80.80000000000001, 84.0, 84.0, 122.4, 122.4, 122.4, 103.2, 16.8, 55.2, 55.2, 80.80000000000001, 42.400000000000006, 61.6, 61.6, 42.400000000000006, 42.400000000000006, 84.0, 122.4, 122.4, 103.2, 64.8, 84.0, 74.4, 74.4, 16.8, 80.80000000000001, 42.400000000000006, 42.400000000000006, 42.400000000000006, 80.80000000000001, 80.80000000000001, 103.2, 64.8, 122.4, 103.2, 122.4, 103.2, 36.0, 55.2, 36.0, 80.80000000000001, 42.400000000000006, 80.80000000000001, 80.80000000000001, 42.400000000000006, 61.6, 122.4, 122.4, 122.4, 64.8, 122.4, 64.8, 42.0, 56.4, 13.2, 61.199999999999996, 32.4, 61.199999999999996, 61.199999999999996, 32.4, 32.4, 32.4, 46.8, 46.8, 92.39999999999999, 63.599999999999994, 63.599999999999994, 13.2, 42.0, 27.599999999999998, 32.4, 61.199999999999996, 32.4, 32.4, 61.199999999999996, 46.8, 61.199999999999996, 46.8, 32.4, 92.39999999999999, 49.199999999999996, 63.599999999999994, 41.4, 12.6, 41.4, 27.0, 27.0, 27.0, 60.599999999999994, 46.199999999999996, 60.599999999999994, 60.599999999999994, 31.799999999999997, 31.799999999999997, 63.0, 77.39999999999999, 77.39999999999999, 41.4, 27.0, 27.0, 12.6, 41.4, 55.8, 31.799999999999997, 60.599999999999994, 31.799999999999997, 46.199999999999996, 31.799999999999997, 31.799999999999997, 48.6, 77.39999999999999, 48.6, 55.8, 41.4, 55.8, 41.4, 55.8, 55.8, 60.599999999999994, 46.199999999999996, 46.199999999999996, 46.199999999999996, 46.199999999999996, 60.599999999999994, 63.0, 63.0, 77.39999999999999]
mode = [0, 0, 0, 0, 0, 0, 0, 0, 0, 0, 0, 0, 0, 0, 0, 0, 0, 0, 0, 0, 0, 0, 0, 0, 0, 0, 0, 0, 0, 0, 0, 0, 0, 0, 0, 0, 0, 0, 0, 0, 0, 0, 0, 0, 0, 0, 0, 0, 0, 0, 0, 0, 0, 0, 0, 0, 0, 0, 0, 0, 0, 0, 0, 0, 0, 0, 0, 0, 0, 0, 0, 0, 0, 0, 0, 0, 0, 0, 0, 0, 0, 0, 0, 0, 0, 0, 0, 0, 0, 0, 0, 0, 0, 0, 0, 0, 0, 0, 0, 0, 0, 0, 0, 0, 0, 0, 0, 0, 0, 0, 0, 0, 0, 0, 0, 0, 0, 0, 0, 0, 0, 0, 0, 0, 0, 0, 0, 0, 0, 0, 0, 0, 0, 0, 0, 0, 0, 0, 0, 0, 0, 0, 0, 0, 0, 0, 0, 0, 0, 0, 0, 0, 0, 0, 0, 0, 0, 0, 0, 0, 0, 0, 0, 0, 0, 0, 0, 0, 0, 0, 0, 0, 0, 0, 0, 0, 0, 0, 0, 0, 0, 0, 0, 0, 0, 0, 0, 0, 0, 0, 0, 0, 0, 0, 0, 0, 0, 0, 0, 0, 0, 0, 0, 0, 0, 0, 0, 0, 0, 0, 0, 0, 0, 0, 0, 0, 0, 0, 0, 0, 0, 0, 0, 0, 0, 0, 0, 0, 0, 0, 0, 0, 0, 0, 0, 0, 0, 0, 0, 0, 0, 0, 0, 0, 0, 0, 0, 0, 0, 0, 0, 0, 0, 0, 0, 0, 0, 0, 0, 0, 0, 0, 0, 0, 0, 0, 0, 0, 0, 0, 0, 0, 0, 0, 0, 0, 0, 0, 0, 0, 1, 1, 1, 1, 1, 1, 1, 1, 1, 1, 1, 1, 1, 1, 1, 1, 1, 1, 1, 1, 1, 1, 1, 1, 1, 1, 1, 1, 1, 1, 1, 1, 1, 1, 1, 1, 1, 1, 1, 1, 1, 1, 1, 1, 1, 1, 1, 1, 1, 1, 1, 1, 1, 1, 1, 1, 1, 1, 1, 1, 2, 2, 2, 2, 2, 2, 2, 2, 2, 2, 2, 2, 2, 2, 2, 2, 2, 2, 2, 2, 2, 2, 2, 2, 2, 2, 2, 2, 2, 2, 2, 2, 2, 2, 2, 2, 2, 2, 2, 2, 2, 2, 2, 2, 2, 2, 2, 2, 2, 2, 2, 2, 2, 2, 2, 2, 2, 2, 2, 2, 2, 2, 2, 2, 2, 2, 2, 2, 2, 2, 2, 2, 2, 2, 2]
delivery_process = ['Direct-Shipment', 'Cross-Docking', 'Direct-Shipment', 'Cross-Docking']
distance_ln = [[15.55, 7.87, 7.87, 12.12, 18.14, 6.82, 3.4, 15.93, 2.38, 9.2, 2.47, 19.69, 4.4, 7.95, 15.45, 3.73, 7.12, 0.68, 4.87, 5.85, 2.22, 14.94, 10.3, 4.24, 4.97, 5.21, 13.17, 0.95, 9.57, 6.14, 15.98, 2.2, 4.76, 3.27, 3.65, 6.73, 11.9, 3.75, 11.7, 15.31, 1.94, 0.91, 3.7, 6.83, 6.89, 11.59, 0.6, 5.64, 2.59, 9.66, 4.21, 9.32, 0.13, 16.55, 0.5, 2.78, 7.87, 2.51, 8.38, 11.93, 15.41, 2.97, 12.77, 8.07, 2.04, 4.35, 6.66, 12.38, 4.77, 6.8, 4.89, 9.81, 1.41, 20.12, 14.16], [5.37, 10.33, 4.45, 4.92, 7.8, 9.29, 7.44, 4.58, 14.44, 5.58, 1.99, 4.21, 2.63, 9.09, 3.5, 5.85, 10.2, 14.54, 2.14, 11.49, 17.98, 0.9, 4.34, 8.87, 3.23, 7.55, 1.93, 4.9, 6.67, 1.05, 7.36, 14.49, 13.24, 11.04, 9.63, 0.86, 8.29, 7.86, 8.77, 12.85, 11.23, 4.75, 9.38, 2.11, 6.48, 2.03, 8.42, 13.49, 1.35, 15.46, 15.25, 0.0, 13.21, 0.88, 4.16, 10.21, 1.45, 2.54, 7.8, 4.86, 1.84, 16.76, 13.63, 4.93, 7.36, 8.38, 6.1, 3.86, 6.91, 3.44, 13.61, 4.1, 10.21, 0.66, 3.47], [13.91, 0.2, 2.41, 9.92, 2.09, 2.08, 2.24, 8.08, 1.34, 8.99, 4.84, 3.77, 1.84, 4.41, 1.3, 8.62, 3.54, 3.74, 7.03, 3.67, 3.99, 2.53, 6.26, 3.66, 12.95, 7.58, 1.05, 4.94, 3.66, 8.85, 7.18, 3.87, 2.16, 2.02, 14.49, 12.5, 7.15, 4.55, 8.54, 7.11, 7.43, 3.73, 3.93, 10.7, 8.0, 0.98, 8.15, 1.59, 8.01, 5.77, 13.06, 15.83, 8.56, 11.84, 4.69, 7.02, 3.69, 5.48, 4.06, 2.53, 5.95, 4.97, 5.38, 4.32, 6.76, 0.61, 3.78, 10.97, 3.73, 9.9, 16.05, 6.45, 2.45, 4.33, 4.04], [9.92, 3.49, 9.41, 6.47, 4.42, 6.08, 1.38, 16.19, 1.15, 3.23, 3.18, 7.05, 1.7, 5.35, 6.96, 2.51, 6.59, 1.72, 6.95, 6.75, 0.76, 13.57, 3.71, 3.61, 22.75, 4.16, 8.21, 2.7, 1.98, 15.44, 10.94, 1.2, 5.5, 2.55, 2.11, 21.58, 8.65, 3.52, 6.09, 17.16, 5.2, 0.41, 5.76, 4.53, 3.08, 9.79, 0.36, 7.42, 3.81, 18.22, 8.88, 5.13, 1.39, 18.46, 1.17, 2.85, 2.14, 9.58, 2.29, 8.68, 2.94, 3.78, 16.88, 2.22, 1.9, 9.12, 3.16, 7.28, 11.6, 2.19, 2.3, 5.89, 1.1, 12.29, 11.21]]
distance_nn = [[0.0, 4.04, 2.93, 2.04, 8.4, 13.75, 7.35, 6.98, 16.5, 1.23, 6.59, 11.03, 8.2, 3.85, 1.85, 7.76, 12.41, 15.76, 0.59, 14.1, 15.48, 4.37, 15.23, 9.47, 3.16, 7.61, 5.09, 12.78, 2.83, 3.0, 1.94, 11.09, 11.69, 5.67, 3.68, 4.5, 8.68, 2.17, 2.08, 11.14, 10.27, 3.32, 9.5, 8.46, 9.74, 8.79, 12.35, 5.27, 0.57, 13.05, 4.01, 3.29, 15.89, 4.65, 10.61, 11.49, 4.9, 3.18, 7.21, 7.11, 0.44, 11.44, 9.66, 4.46, 14.8, 2.15, 1.06, 3.74, 5.57, 4.82, 4.45, 1.29, 9.58, 5.91, 8.07], [8.94, 0.0, 15.65, 13.62, 5.64, 2.63, 7.6, 4.61, 6.69, 4.12, 2.06, 7.94, 6.0, 8.63, 0.7, 8.03, 3.97, 5.46, 15.42, 3.3, 5.23, 17.71, 1.14, 8.58, 6.08, 7.82, 1.91, 5.36, 13.36, 12.3, 10.25, 1.98, 7.85, 14.2, 15.15, 7.83, 14.05, 8.32, 7.81, 2.84, 5.47, 12.83, 4.31, 7.59, 4.35, 1.06, 5.37, 1.58, 11.01, 3.38, 16.73, 5.93, 7.35, 17.01, 3.83, 2.26, 3.52, 14.47, 3.75, 1.07, 12.74, 6.01, 2.69, 6.44, 11.32, 0.75, 1.41, 9.84, 5.23, 2.28, 6.42, 11.59, 12.98, 2.0, 8.41], [4.03, 2.96, 0.0, 1.96, 2.16, 8.4, 2.31, 10.76, 7.42, 0.78, 4.26, 15.5, 3.0, 1.36, 4.07, 6.23, 3.57, 10.0, 5.2, 10.57, 6.39, 9.14, 4.28, 4.59, 13.39, 3.79, 14.61, 11.76, 4.22, 13.52, 2.54, 1.61, 6.95, 2.2, 6.81, 8.56, 0.46, 3.67, 0.3, 15.63, 1.13, 11.39, 10.63, 1.4, 5.58, 12.38, 5.55, 11.17, 3.1, 8.49, 4.08, 1.62, 11.53, 4.55, 10.2, 9.61, 2.9, 0.26, 5.38, 1.84, 4.23, 8.66, 16.48, 6.3, 5.85, 10.24, 0.9, 3.43, 13.73, 1.86, 1.88, 1.6, 5.78, 11.08, 6.77], [1.32, 9.68, 3.96, 0.0, 6.68, 7.19, 12.43, 7.76, 14.47, 3.25, 4.98, 7.1, 1.52, 3.54, 6.94, 6.58, 1.61, 15.94, 0.38, 15.12, 7.35, 0.88, 7.91, 4.25, 8.96, 6.72, 2.85, 12.43, 5.74, 8.69, 2.58, 9.03, 7.19, 9.41, 2.0, 7.41, 5.06, 5.16, 1.87, 14.69, 5.61, 5.52, 11.75, 6.57, 2.51, 11.53, 8.05, 3.82, 0.36, 14.74, 8.14, 5.02, 11.8, 4.72, 4.57, 1.62, 2.61, 1.45, 9.67, 6.31, 3.72, 6.13, 8.41, 4.11, 12.01, 13.03, 1.78, 1.23, 4.56, 0.7, 4.24, 0.0, 5.87, 4.96, 6.47], [16.47, 6.52, 11.47, 10.46, 0.0, 2.99, 14.94, 5.61, 9.98, 4.68, 4.68, 4.37, 5.16, 12.05, 1.48, 4.85, 5.83, 8.73, 7.43, 1.59, 11.95, 7.05, 0.96, 3.35, 10.87, 18.38, 1.65, 9.16, 3.79, 11.67, 9.81, 13.03, 13.08, 8.74, 2.31, 2.63, 18.21, 7.97, 5.06, 0.65, 12.06, 6.03, 6.52, 14.09, 8.79, 1.01, 6.43, 5.66, 14.04, 1.07, 20.33, 8.12, 9.15, 9.19, 12.91, 10.81, 17.08, 7.48, 4.14, 8.28, 8.2, 7.64, 1.29, 12.56, 17.18, 1.66, 11.8, 3.01, 0.74, 8.14, 20.19, 3.3, 6.01, 5.96, 4.8], [6.25, 2.75, 3.25, 10.84, 2.61, 0.0, 7.09, 5.15, 9.19, 15.5, 5.06, 8.08, 1.05, 2.63, 0.54, 4.86, 5.48, 13.75, 14.71, 7.06, 6.38, 2.57, 0.47, 5.3, 14.33, 4.27, 2.38, 2.34, 17.9, 12.21, 9.27, 7.54, 1.35, 10.27, 1.89, 4.94, 8.18, 4.89, 7.04, 3.86, 10.73, 10.17, 6.91, 7.69, 3.35, 0.77, 12.67, 0.91, 12.82, 2.88, 4.14, 11.55, 9.77, 8.35, 3.91, 4.74, 12.63, 14.73, 2.71, 4.6, 13.33, 3.31, 0.8, 1.63, 2.06, 5.33, 8.97, 2.77, 2.25, 7.15, 5.47, 5.27, 7.81, 4.88, 6.92], [6.12, 2.4, 7.44, 8.68, 8.89, 1.61, 0.0, 10.93, 1.07, 2.83, 2.31, 11.16, 1.61, 6.99, 2.6, 2.89, 4.25, 2.46, 5.47, 1.05, 1.89, 11.72, 4.64, 0.84, 10.67, 6.79, 4.12, 0.71, 11.27, 3.35, 14.76, 1.23, 2.23, 4.19, 3.14, 12.63, 6.63, 2.66, 5.96, 10.64, 1.49, 3.51, 1.31, 1.75, 4.12, 7.66, 2.2, 1.04, 11.36, 16.13, 6.99, 16.39, 1.67, 17.58, 3.58, 0.44, 1.49, 9.16, 3.98, 4.74, 4.27, 0.38, 9.29, 1.5, 1.92, 7.86, 1.11, 10.82, 1.73, 3.95, 8.72, 9.93, 1.6, 8.88, 4.59], [4.89, 7.2, 11.61, 8.85, 2.13, 4.03, 7.16, 0.0, 4.16, 11.17, 3.0, 2.92, 11.14, 7.82, 1.53, 3.62, 8.17, 15.72, 3.55, 12.92, 13.32, 6.87, 2.97, 9.65, 8.15, 7.42, 11.52, 6.56, 7.56, 6.12, 7.92, 3.99, 9.76, 5.85, 2.49, 1.81, 3.04, 7.72, 9.33, 8.38, 1.39, 7.34, 12.14, 6.72, 8.86, 4.65, 8.59, 3.95, 7.71, 5.74, 5.2, 4.09, 3.31, 2.73, 8.24, 11.26, 5.97, 10.43, 0.42, 1.07, 5.86, 3.5, 2.35, 7.98, 6.14, 2.22, 10.16, 1.76, 2.34, 2.55, 11.7, 8.9, 10.71, 2.29, 0.39], [12.03, 6.52, 9.72, 17.13, 13.4, 3.58, 3.06, 7.0, 0.0, 5.0, 7.53, 18.48, 0.62, 2.05, 9.8, 8.0, 5.37, 5.16, 15.04, 0.86, 0.89, 3.47, 8.84, 2.43, 2.49, 5.08, 2.63, 1.46, 12.62, 16.63, 6.67, 4.56, 3.42, 5.59, 3.19, 12.07, 3.87, 3.49, 8.44, 13.93, 4.12, 2.19, 0.51, 4.12, 5.91, 4.34, 1.73, 2.37, 4.82, 13.95, 8.55, 9.03, 3.57, 20.59, 1.66, 2.85, 7.59, 13.44, 5.15, 2.87, 12.23, 0.46, 8.85, 2.49, 5.67, 3.51, 1.77, 10.66, 8.26, 11.29, 5.19, 15.59, 1.44, 14.37, 4.29], [7.54, 6.66, 0.95, 1.67, 15.43, 2.26, 3.49, 7.97, 2.41, 0.0, 3.81, 3.22, 2.41, 4.51, 12.65, 2.58, 11.09, 7.79, 2.76, 15.11, 4.75, 11.95, 12.47, 7.15, 3.62, 0.24, 8.7, 7.41, 3.71, 7.14, 3.6, 6.12, 4.11, 1.38, 2.1, 13.08, 1.45, 5.35, 0.42, 11.97, 2.73, 9.22, 4.66, 5.91, 5.66, 11.12, 10.45, 7.5, 1.39, 17.08, 3.59, 11.51, 4.46, 6.51, 9.35, 7.72, 0.41, 0.44, 10.97, 7.97, 9.22, 7.24, 7.89, 5.72, 5.54, 14.65, 2.29, 4.17, 13.03, 1.07, 1.41, 2.56, 0.91, 8.37, 11.89], [2.89, 7.75, 2.62, 6.2, 3.08, 3.28, 5.28, 2.68, 8.39, 1.6, 0.0, 7.86, 4.37, 4.27, 4.47, 1.67, 4.86, 3.57, 4.83, 4.1, 12.05, 9.47, 1.92, 8.24, 4.41, 11.34, 1.51, 7.38, 10.43, 8.57, 2.02, 8.08, 2.85, 2.41, 10.0, 7.45, 11.39, 1.22, 4.32, 1.18, 1.41, 8.24, 5.4, 2.86, 4.84, 1.1, 10.91, 3.02, 2.22, 7.74, 4.77, 6.91, 12.09, 1.01, 5.43, 3.27, 5.68, 1.85, 0.69, 0.25, 8.02, 6.19, 1.78, 2.98, 11.78, 9.69, 6.3, 3.68, 5.64, 1.69, 3.18, 4.7, 5.85, 4.06, 3.1], [1.73, 7.51, 9.54, 11.3, 3.68, 4.72, 5.15, 2.72, 8.73, 7.43, 8.03, 0.0, 4.96, 11.74, 6.45, 8.92, 4.23, 5.65, 5.98, 10.55, 14.55, 7.62, 2.35, 16.94, 3.2, 9.17, 1.88, 18.68, 9.71, 5.4, 10.49, 9.07, 3.88, 18.81, 4.78, 0.71, 13.59, 11.28, 12.51, 2.9, 4.73, 6.27, 9.09, 5.8, 11.57, 9.14, 14.25, 8.3, 3.86, 9.89, 15.61, 1.59, 7.8, 6.87, 5.45, 9.7, 11.96, 1.72, 4.11, 1.76, 8.99, 5.0, 3.57, 2.79, 18.39, 11.29, 7.96, 8.4, 7.26, 10.96, 17.67, 11.78, 10.19, 2.02, 4.41], [7.16, 7.87, 7.83, 4.61, 12.49, 5.47, 0.71, 12.31, 4.29, 7.83, 3.34, 15.29, 0.0, 4.06, 2.38, 0.62, 2.87, 3.32, 7.12, 1.85, 5.41, 3.91, 2.38, 0.6, 3.21, 7.3, 5.14, 1.3, 3.52, 3.05, 8.9, 0.57, 0.39, 7.0, 3.27, 15.58, 4.82, 1.56, 9.64, 12.52, 3.18, 2.9, 2.23, 1.21, 3.47, 2.25, 3.71, 4.43, 3.45, 4.84, 2.38, 2.31, 4.05, 14.09, 5.68, 0.81, 3.29, 7.95, 2.27, 5.79, 2.35, 1.53, 11.94, 3.98, 4.22, 5.65, 1.74, 1.44, 10.8, 6.52, 4.26, 11.37, 1.39, 12.91, 10.69], [1.09, 3.93, 5.04, 3.33, 11.22, 5.88, 6.92, 2.24, 8.02, 5.26, 1.36, 11.61, 3.91, 0.0, 5.15, 2.34, 2.72, 4.37, 6.87, 9.69, 10.89, 10.89, 4.57, 4.22, 12.31, 6.1, 11.62, 2.19, 6.83, 1.81, 7.87, 1.03, 2.45, 4.16, 0.9, 6.46, 5.22, 0.7, 3.1, 10.52, 1.94, 8.88, 6.69, 2.85, 0.19, 6.59, 1.3, 7.77, 5.72, 3.76, 4.22, 8.4, 4.76, 3.72, 1.18, 6.09, 0.63, 1.37, 3.52, 1.24, 7.45, 5.8, 10.07, 1.84, 5.51, 8.8, 0.48, 1.36, 4.82, 0.12, 6.48, 1.2, 3.97, 10.68, 3.33], [2.05, 2.13, 10.87, 2.28, 0.55, 2.95, 8.38, 5.49, 4.31, 13.42, 4.51, 7.16, 11.79, 1.56, 0.0, 14.29, 5.11, 13.11, 12.09, 8.39, 7.01, 13.44, 0.84, 4.07, 6.17, 13.98, 2.55, 14.64, 4.03, 10.83, 19.29, 5.84, 10.53, 17.92, 5.29, 4.43, 12.94, 8.09, 4.5, 2.66, 5.21, 7.1, 8.86, 2.72, 7.66, 5.61, 16.47, 1.3, 4.67, 3.12, 3.03, 5.0, 2.05, 14.3, 2.85, 3.13, 3.14, 4.02, 4.64, 2.39, 1.62, 9.76, 0.93, 6.32, 4.24, 4.7, 5.4, 1.74, 0.0, 1.58, 10.8, 10.41, 13.29, 7.16, 3.15], [12.08, 12.5, 3.7, 4.45, 16.71, 5.29, 2.89, 13.62, 4.32, 2.15, 2.64, 2.56, 2.9, 0.78, 5.09, 0.0, 6.03, 5.87, 13.06, 7.89, 8.79, 17.38, 8.84, 0.45, 17.64, 2.06, 4.2, 5.04, 10.03, 4.53, 2.21, 2.56, 2.32, 2.44, 1.86, 7.28, 3.54, 2.0, 1.41, 14.54, 2.27, 5.49, 4.84, 1.03, 3.26, 1.92, 3.26, 3.28, 9.32, 5.08, 2.69, 8.78, 1.58, 7.31, 5.36, 0.96, 1.51, 4.94, 10.08, 1.69, 11.31, 4.87, 14.65, 4.92, 0.73, 9.94, 2.56, 6.55, 13.74, 2.6, 2.38, 3.06, 1.22, 5.01, 1.4], [2.01, 0.93, 3.15, 8.75, 2.26, 3.6, 0.61, 6.84, 5.04, 8.48, 1.66, 9.68, 0.9, 5.39, 8.46, 4.08, 0.0, 3.48, 11.6, 0.73, 5.65, 5.5, 5.46, 3.57, 7.26, 1.47, 6.57, 1.9, 10.12, 16.93, 4.2, 1.85, 1.43, 4.63, 8.13, 7.8, 2.33, 3.26, 9.71, 11.94, 1.84, 1.88, 2.53, 2.14, 3.87, 4.61, 5.44, 1.61, 10.01, 6.67, 9.33, 5.89, 6.81, 3.79, 5.92, 0.76, 3.21, 4.39, 7.83, 2.86, 7.98, 0.94, 9.62, 0.73, 3.09, 4.8, 2.84, 7.35, 7.25, 5.31, 5.59, 9.3, 3.33, 8.68, 8.05], [8.17, 9.5, 4.08, 8.03, 7.63, 10.71, 1.25, 17.51, 2.85, 5.73, 13.15, 20.73, 4.53, 10.69, 17.64, 2.52, 4.04, 0.0, 15.4, 4.43, 2.24, 15.13, 14.45, 3.4, 22.33, 6.54, 13.21, 2.31, 9.45, 6.6, 16.67, 0.28, 3.72, 1.04, 6.08, 7.2, 9.32, 6.56, 10.61, 6.91, 4.23, 0.67, 4.0, 2.11, 4.94, 1.91, 1.81, 1.62, 5.91, 18.22, 3.33, 7.57, 1.26, 12.2, 0.0, 3.08, 3.89, 11.04, 12.87, 4.67, 2.87, 2.67, 2.73, 6.63, 1.15, 7.75, 6.88, 6.74, 15.85, 11.3, 2.94, 17.46, 2.43, 18.8, 11.36], [0.14, 15.48, 5.42, 1.59, 14.22, 3.41, 13.97, 4.73, 4.31, 2.74, 6.61, 7.92, 8.32, 8.37, 3.27, 9.44, 1.77, 8.79, 0.0, 7.47, 9.97, 4.62, 8.6, 2.45, 5.25, 7.67, 6.04, 11.62, 1.25, 1.57, 3.4, 9.84, 8.32, 12.09, 14.32, 2.17, 7.71, 6.11, 4.95, 3.67, 8.19, 4.86, 6.0, 10.04, 4.35, 4.13, 12.07, 19.07, 0.51, 12.6, 9.98, 1.33, 18.29, 1.83, 5.54, 14.6, 5.86, 2.6, 1.33, 4.18, 0.71, 9.43, 15.61, 4.62, 11.86, 5.3, 10.06, 1.93, 5.21, 3.08, 6.64, 2.14, 11.74, 4.39, 4.9], [3.16, 2.83, 13.32, 14.0, 4.18, 6.8, 1.87, 12.53, 1.92, 14.6, 6.0, 7.75, 2.43, 2.04, 4.69, 1.16, 3.16, 2.5, 15.03, 0.0, 4.49, 2.88, 9.38, 6.3, 14.84, 1.85, 4.56, 1.03, 10.92, 10.72, 17.38, 1.74, 1.88, 13.78, 6.22, 17.64, 8.87, 3.7, 7.72, 2.9, 2.71, 1.08, 0.3, 2.82, 2.47, 3.67, 1.43, 0.93, 4.14, 5.86, 11.49, 3.34, 1.47, 15.46, 1.59, 5.65, 5.19, 4.05, 3.52, 11.32, 10.62, 1.27, 3.25, 3.26, 6.08, 2.9, 9.77, 6.31, 9.67, 6.48, 5.79, 4.12, 2.17, 11.99, 9.53], [2.57, 5.57, 6.9, 7.99, 14.19, 1.97, 2.43, 3.84, 2.78, 3.18, 13.1, 13.11, 5.08, 5.16, 5.36, 3.67, 3.67, 0.44, 12.07, 1.83, 0.0, 19.36, 2.68, 2.37, 3.51, 8.15, 14.51, 1.56, 11.36, 21.65, 5.78, 3.51, 6.86, 6.13, 3.75, 17.58, 7.56, 3.18, 10.15, 10.21, 7.66, 1.71, 2.78, 4.81, 3.9, 7.66, 2.44, 1.96, 7.85, 10.19, 5.32, 9.78, 1.83, 18.52, 1.58, 4.55, 8.92, 12.01, 9.03, 9.25, 9.96, 1.49, 13.3, 2.02, 2.76, 7.93, 1.82, 2.31, 7.56, 8.11, 9.66, 16.99, 2.66, 8.41, 17.5], [3.46, 1.83, 7.4, 4.02, 15.29, 5.42, 7.9, 1.55, 8.13, 10.27, 9.52, 4.39, 14.73, 6.41, 10.04, 7.91, 16.4, 4.76, 4.58, 14.69, 8.64, 0.0, 12.8, 18.43, 3.04, 13.74, 17.71, 12.35, 11.67, 2.44, 3.39, 20.65, 13.23, 7.15, 5.13, 2.52, 7.48, 3.56, 7.41, 10.6, 7.17, 5.37, 9.7, 3.98, 10.99, 15.6, 3.49, 13.79, 4.7, 14.74, 5.91, 2.42, 20.27, 0.83, 23.56, 8.5, 2.22, 10.58, 6.59, 8.43, 2.05, 5.69, 13.74, 5.54, 3.76, 8.54, 8.78, 2.08, 11.12, 2.23, 16.5, 6.2, 5.91, 6.32, 5.58], [4.44, 3.64, 12.81, 6.55, 1.07, 0.69, 13.21, 2.5, 9.47, 16.28, 4.37, 1.76, 4.86, 9.14, 0.17, 8.13, 5.83, 10.0, 5.66, 5.65, 12.08, 11.29, 0.0, 4.21, 3.8, 14.83, 5.09, 2.13, 3.2, 7.57, 10.39, 4.71, 3.16, 7.64, 8.46, 7.09, 17.3, 6.37, 2.47, 2.81, 6.91, 13.46, 7.01, 11.73, 1.96, 1.3, 14.48, 7.94, 11.9, 2.88, 5.86, 10.17, 12.97, 9.48, 11.75, 11.18, 4.06, 12.33, 3.23, 7.7, 3.64, 7.7, 2.76, 5.48, 6.38, 1.54, 2.87, 8.26, 0.4, 3.99, 6.49, 7.23, 12.26, 7.32, 4.98], [3.67, 2.2, 11.03, 6.63, 8.67, 2.73, 0.84, 7.24, 0.72, 8.8, 4.41, 7.57, 0.67, 3.99, 10.82, 2.58, 2.14, 4.51, 13.2, 1.9, 4.98, 15.63, 8.36, 0.0, 15.72, 5.96, 6.51, 1.49, 14.3, 7.09, 13.32, 0.83, 2.15, 2.44, 2.46, 9.28, 5.03, 0.6, 5.91, 13.47, 1.58, 1.56, 1.82, 3.53, 4.54, 8.7, 1.3, 2.57, 10.02, 9.63, 4.62, 2.86, 1.85, 1.82, 4.26, 0.57, 5.41, 9.86, 3.64, 7.16, 5.07, 2.55, 11.95, 3.81, 1.14, 4.49, 2.49, 8.24, 6.89, 6.0, 9.18, 11.64, 1.92, 13.91, 9.75], [7.34, 3.4, 5.6, 6.64, 13.52, 12.53, 13.96, 6.22, 17.23, 13.33, 9.61, 5.67, 16.71, 5.94, 9.13, 19.02, 6.4, 9.48, 2.75, 4.5, 10.0, 3.01, 4.67, 10.02, 0.0, 12.38, 9.89, 12.0, 8.0, 0.0, 4.97, 8.75, 10.98, 4.63, 10.66, 3.68, 16.49, 13.73, 6.79, 12.12, 12.23, 5.35, 19.83, 12.91, 14.2, 2.8, 7.45, 19.11, 5.02, 5.02, 4.57, 2.64, 15.11, 2.54, 18.35, 16.05, 15.11, 12.88, 9.95, 4.91, 1.6, 13.91, 6.19, 3.99, 3.26, 2.46, 9.3, 1.73, 1.59, 11.18, 3.63, 2.85, 4.17, 2.51, 2.82], [4.9, 3.31, 2.51, 4.21, 17.52, 14.63, 6.83, 7.27, 2.78, 0.43, 2.04, 9.41, 6.29, 0.84, 8.36, 1.18, 11.3, 7.28, 5.06, 8.73, 9.82, 3.37, 14.98, 4.3, 5.97, 0.0, 20.28, 2.47, 3.65, 6.91, 2.77, 3.11, 2.82, 0.91, 1.44, 7.97, 0.34, 5.43, 0.77, 11.22, 4.67, 3.77, 10.26, 4.13, 3.04, 16.91, 8.71, 7.4, 8.02, 5.07, 0.27, 5.18, 7.68, 4.82, 9.64, 1.58, 1.58, 2.01, 7.76, 5.22, 6.1, 10.71, 8.2, 3.92, 4.41, 2.45, 2.23, 8.72, 4.29, 7.14, 0.33, 3.49, 4.77, 10.8, 4.66], [2.51, 3.0, 11.54, 2.26, 1.21, 3.71, 11.03, 1.2, 7.04, 14.05, 10.99, 1.7, 6.78, 2.54, 3.42, 3.85, 7.81, 14.61, 11.54, 4.52, 9.99, 7.15, 1.06, 1.96, 17.62, 13.15, 0.0, 3.5, 7.97, 12.33, 6.91, 18.07, 3.9, 10.22, 21.89, 2.23, 11.21, 13.39, 18.48, 0.35, 2.73, 16.99, 7.08, 9.76, 17.18, 0.88, 18.08, 10.55, 6.31, 0.79, 20.44, 7.18, 8.0, 15.09, 6.21, 5.17, 19.78, 4.22, 5.27, 3.48, 4.21, 12.55, 1.93, 7.91, 4.13, 1.6, 4.69, 9.45, 4.93, 8.34, 13.72, 8.31, 2.4, 6.85, 3.92], [7.75, 8.35, 3.51, 14.92, 1.91, 2.23, 0.6, 3.22, 1.56, 4.14, 6.02, 12.94, 1.83, 3.41, 3.68, 3.54, 3.38, 1.95, 11.12, 5.17, 1.21, 9.05, 4.02, 1.07, 9.49, 7.27, 6.02, 0.0, 13.64, 6.76, 15.0, 0.56, 3.29, 1.65, 1.08, 6.45, 11.02, 7.16, 5.21, 8.34, 5.9, 2.22, 1.4, 4.07, 2.56, 6.44, 1.75, 1.03, 7.57, 5.19, 4.85, 11.99, 1.2, 16.85, 2.4, 2.45, 2.98, 10.52, 4.67, 6.2, 8.48, 1.34, 8.88, 1.02, 2.09, 7.03, 3.9, 8.36, 12.83, 7.67, 2.48, 6.62, 3.23, 3.26, 12.15], [3.6, 4.03, 2.14, 0.9, 8.94, 13.96, 8.87, 10.17, 10.54, 3.61, 13.06, 10.98, 2.55, 9.3, 19.27, 6.99, 3.64, 9.29, 1.32, 6.78, 19.67, 3.89, 7.15, 4.1, 9.6, 3.83, 17.14, 10.07, 0.0, 12.61, 0.87, 6.54, 11.78, 2.55, 2.12, 17.84, 0.41, 12.95, 1.4, 6.88, 5.72, 12.3, 16.19, 5.78, 5.82, 3.82, 3.85, 13.56, 6.3, 18.87, 0.8, 5.72, 3.62, 9.75, 14.33, 4.33, 3.11, 2.8, 13.78, 5.18, 1.24, 17.65, 5.12, 8.42, 14.03, 5.0, 10.58, 10.38, 20.83, 7.89, 2.6, 5.7, 12.91, 9.69, 10.03], [6.95, 17.77, 13.15, 7.5, 3.13, 6.39, 4.4, 1.56, 16.76, 4.86, 8.78, 6.84, 12.56, 2.14, 4.66, 7.67, 15.94, 8.94, 4.74, 6.92, 8.74, 0.54, 12.38, 20.27, 0.0, 15.8, 12.08, 20.1, 13.3, 0.0, 13.93, 7.97, 11.58, 6.06, 13.09, 0.64, 11.03, 10.02, 8.96, 5.88, 4.43, 12.92, 5.23, 9.57, 6.59, 4.39, 19.33, 13.61, 6.38, 13.34, 5.26, 2.8, 23.65, 0.71, 8.47, 15.86, 7.22, 14.1, 7.16, 8.86, 2.55, 15.51, 5.6, 6.35, 11.81, 16.61, 6.81, 2.92, 3.21, 10.21, 19.02, 3.94, 17.85, 3.64, 3.53], [1.44, 14.28, 1.17, 3.25, 3.3, 7.39, 6.08, 8.73, 19.16, 4.9, 12.62, 16.74, 3.19, 3.66, 7.72, 7.14, 5.1, 17.44, 1.96, 3.32, 12.94, 3.86, 9.27, 13.18, 7.76, 2.37, 11.95, 9.49, 1.34, 10.57, 0.0, 12.45, 13.4, 4.03, 1.29, 7.57, 0.84, 10.39, 2.71, 12.48, 10.09, 11.59, 8.44, 4.62, 5.39, 4.25, 1.91, 10.67, 1.85, 7.44, 7.7, 2.12, 14.0, 8.81, 14.85, 2.54, 5.53, 3.39, 5.73, 1.15, 3.74, 11.17, 6.41, 2.06, 4.93, 3.86, 6.92, 5.61, 2.86, 4.74, 0.91, 0.91, 6.44, 3.68, 12.9], [5.95, 9.74, 8.42, 14.51, 10.35, 10.52, 0.54, 4.21, 3.04, 8.47, 5.49, 16.88, 2.48, 6.62, 6.38, 4.69, 1.38, 1.83, 3.12, 3.87, 3.47, 14.38, 5.55, 1.11, 5.03, 3.17, 11.84, 0.89, 4.47, 14.37, 5.89, 0.0, 2.78, 3.65, 2.42, 19.11, 7.59, 1.26, 6.3, 7.52, 3.62, 0.86, 3.06, 1.53, 1.36, 7.28, 0.39, 2.58, 2.97, 4.16, 5.55, 7.13, 1.02, 13.14, 2.62, 2.1, 3.61, 9.3, 2.2, 7.29, 6.68, 0.89, 4.36, 2.34, 0.77, 5.72, 2.06, 5.99, 14.39, 7.49, 6.31, 14.34, 2.05, 8.67, 6.6], [1.94, 1.41, 4.82, 8.9, 10.87, 4.94, 2.46, 4.59, 1.74, 8.4, 5.46, 4.53, 1.26, 1.09, 7.5, 1.44, 1.98, 6.39, 9.61, 1.82, 3.6, 5.06, 9.26, 1.32, 10.54, 2.05, 13.91, 3.64, 9.63, 14.8, 6.19, 2.82, 0.0, 6.5, 1.64, 3.03, 2.71, 1.53, 3.36, 7.68, 2.52, 5.74, 3.57, 3.13, 0.81, 9.08, 5.35, 4.63, 10.28, 11.06, 1.32, 3.51, 3.16, 14.42, 0.95, 0.45, 0.91, 1.17, 1.79, 1.65, 9.41, 0.95, 8.4, 2.73, 1.2, 7.47, 2.97, 6.51, 2.83, 0.64, 9.59, 5.89, 2.35, 13.72, 7.23], [2.94, 5.87, 1.36, 9.09, 8.49, 14.27, 4.86, 13.79, 5.61, 1.21, 7.05, 7.91, 4.35, 3.21, 3.01, 2.81, 6.93, 8.54, 4.65, 8.11, 10.55, 8.63, 10.21, 1.55, 7.39, 0.33, 9.9, 7.78, 3.86, 2.57, 6.17, 5.53, 3.33, 0.0, 2.19, 5.62, 0.5, 1.4, 1.52, 15.36, 0.81, 1.07, 2.05, 4.14, 4.91, 2.84, 5.35, 2.09, 2.39, 4.11, 0.42, 2.92, 1.8, 11.42, 10.03, 4.38, 1.34, 2.16, 12.37, 7.21, 11.66, 1.95, 16.48, 1.82, 5.52, 9.04, 1.65, 2.24, 12.78, 3.56, 1.33, 4.33, 4.94, 12.31, 9.19], [5.45, 10.43, 2.07, 11.33, 13.7, 14.21, 1.34, 12.75, 2.85, 2.91, 2.79, 2.2, 3.97, 2.7, 7.74, 2.07, 2.27, 5.89, 2.27, 7.48, 6.16, 18.57, 8.63, 4.78, 4.38, 3.67, 12.71, 2.46, 9.06, 17.01, 6.16, 1.1, 5.75, 1.63, 0.0, 5.95, 2.83, 5.63, 6.31, 18.6, 4.29, 1.02, 9.35, 3.85, 1.4, 15.94, 1.48, 10.59, 11.07, 14.16, 2.95, 5.84, 2.22, 3.39, 6.29, 2.17, 0.95, 3.0, 6.91, 1.24, 5.08, 6.78, 19.23, 5.59, 1.27, 10.57, 4.77, 7.37, 9.4, 3.64, 1.94, 11.26, 3.09, 4.33, 6.09], [1.92, 8.99, 12.88, 8.35, 6.33, 8.01, 13.75, 0.9, 8.32, 14.42, 4.62, 0.72, 2.29, 3.58, 5.04, 17.61, 9.9, 22.63, 11.14, 6.3, 18.26, 0.89, 5.39, 10.18, 1.28, 18.03, 11.19, 2.2, 13.85, 5.45, 15.37, 6.35, 12.23, 13.45, 14.24, 0.0, 6.84, 5.43, 3.61, 7.41, 12.85, 14.77, 3.05, 6.87, 9.67, 8.43, 20.28, 2.89, 13.15, 5.98, 17.52, 1.24, 2.21, 7.5, 20.73, 6.87, 9.86, 10.81, 5.11, 2.67, 8.14, 16.74, 2.29, 9.86, 20.92, 14.39, 13.08, 3.13, 1.08, 11.83, 12.66, 3.4, 13.16, 0.21, 0.66], [2.76, 14.19, 2.17, 2.2, 16.67, 13.52, 10.0, 7.28, 13.28, 2.03, 6.14, 7.0, 10.98, 0.92, 10.89, 3.09, 8.41, 2.09, 4.11, 11.38, 13.29, 10.2, 10.77, 7.99, 7.1, 0.59, 22.28, 7.79, 3.97, 11.91, 4.14, 11.66, 3.77, 1.21, 3.2, 11.57, 0.0, 7.66, 1.67, 19.97, 1.1, 10.76, 7.32, 5.56, 1.46, 16.49, 3.16, 11.82, 3.32, 11.88, 0.58, 10.79, 8.9, 11.43, 8.61, 6.44, 3.06, 2.94, 6.71, 2.88, 8.32, 10.71, 13.46, 2.22, 2.9, 13.55, 3.66, 8.42, 19.31, 4.19, 0.59, 6.24, 4.85, 6.58, 8.06], [2.61, 4.05, 6.96, 1.12, 3.75, 5.54, 3.17, 3.99, 3.16, 5.72, 3.12, 7.74, 0.69, 1.14, 4.54, 1.1, 0.95, 8.76, 8.77, 8.23, 6.43, 10.46, 1.94, 2.61, 13.86, 1.72, 1.86, 4.29, 8.32, 13.31, 7.29, 0.99, 2.74, 7.53, 3.94, 2.47, 4.58, 0.0, 2.77, 3.28, 2.76, 3.23, 2.59, 0.64, 1.94, 4.93, 7.6, 6.85, 8.72, 2.55, 7.03, 6.05, 4.96, 12.0, 3.77, 3.62, 1.55, 5.06, 3.39, 1.61, 3.58, 1.58, 11.11, 0.65, 1.58, 2.19, 0.51, 4.43, 3.45, 1.62, 6.48, 5.78, 5.36, 9.99, 1.77], [5.97, 10.8, 0.44, 1.15, 5.91, 11.8, 9.03, 2.22, 13.12, 1.96, 6.9, 4.24, 2.66, 3.14, 10.13, 1.06, 8.61, 3.56, 2.41, 6.6, 1.64, 2.3, 3.65, 1.71, 3.65, 3.12, 7.98, 6.42, 3.73, 2.21, 4.75, 5.85, 2.58, 0.53, 2.3, 11.72, 1.11, 6.22, 0.0, 8.39, 3.27, 9.26, 6.98, 2.22, 2.91, 13.95, 2.28, 4.61, 4.46, 7.54, 1.27, 3.98, 1.72, 2.13, 5.78, 5.98, 1.44, 0.5, 4.28, 5.3, 5.51, 3.01, 13.25, 4.71, 5.85, 9.33, 3.1, 1.92, 14.92, 1.99, 4.43, 3.52, 3.76, 3.67, 8.68], [5.05, 4.08, 8.29, 3.49, 0.91, 3.86, 16.29, 7.72, 6.59, 7.31, 3.82, 9.45, 5.1, 12.25, 0.55, 14.0, 4.07, 14.7, 7.1, 4.38, 8.38, 16.22, 1.73, 15.12, 12.27, 5.06, 1.77, 10.79, 12.43, 2.38, 9.81, 9.52, 1.92, 6.13, 3.91, 9.51, 13.75, 2.9, 8.66, 0.0, 6.79, 11.22, 9.52, 10.69, 14.7, 2.04, 11.14, 5.34, 4.61, 0.7, 15.33, 15.4, 8.59, 11.53, 12.32, 3.07, 12.98, 8.5, 2.23, 7.09, 6.83, 10.53, 0.89, 6.89, 11.39, 7.36, 16.57, 6.81, 2.28, 14.47, 7.33, 7.54, 17.77, 2.16, 9.94], [3.16, 10.44, 3.98, 5.63, 6.81, 9.44, 0.8, 7.38, 4.5, 2.47, 1.94, 11.44, 1.39, 1.5, 8.4, 0.52, 1.55, 6.92, 4.56, 5.72, 1.74, 14.47, 5.47, 1.95, 10.4, 3.72, 3.42, 5.79, 4.75, 2.07, 2.44, 4.9, 1.98, 3.61, 4.15, 3.01, 2.38, 0.73, 1.91, 5.28, 0.0, 4.22, 2.39, 0.21, 1.11, 8.53, 6.03, 7.59, 3.5, 14.22, 1.84, 2.55, 5.42, 7.88, 2.94, 1.8, 4.03, 1.49, 1.52, 4.93, 10.96, 7.06, 5.85, 1.64, 1.88, 10.24, 0.43, 7.26, 5.95, 3.36, 5.26, 2.82, 2.22, 8.92, 1.09], [10.13, 2.29, 5.85, 3.21, 3.86, 10.2, 2.65, 12.64, 1.47, 2.89, 6.55, 10.98, 4.95, 7.89, 3.1, 1.89, 1.51, 0.6, 17.73, 6.68, 0.47, 8.09, 4.14, 2.19, 9.61, 10.2, 17.94, 1.75, 14.47, 24.19, 3.01, 1.72, 1.18, 7.36, 5.25, 14.63, 7.08, 5.28, 10.34, 3.63, 3.83, 0.0, 5.74, 5.92, 6.46, 1.94, 1.23, 3.99, 11.54, 14.38, 3.1, 4.08, 0.73, 13.7, 0.8, 1.81, 2.19, 4.08, 8.32, 5.77, 10.92, 2.46, 7.69, 0.98, 1.57, 2.25, 5.87, 6.98, 2.59, 4.81, 3.48, 11.1, 3.72, 18.26, 14.38], [15.84, 3.2, 8.38, 3.98, 8.76, 1.96, 0.53, 13.31, 0.66, 4.07, 9.76, 12.85, 2.82, 6.27, 5.77, 1.35, 2.27, 0.62, 15.52, 1.26, 3.12, 6.74, 7.3, 2.5, 2.84, 6.39, 12.16, 0.58, 15.2, 10.14, 9.73, 4.15, 3.62, 1.91, 8.27, 2.77, 13.27, 6.08, 9.51, 12.78, 4.2, 4.5, 0.0, 3.38, 1.25, 5.3, 1.46, 2.46, 11.19, 7.0, 12.45, 11.66, 1.08, 15.92, 5.27, 2.31, 5.2, 3.62, 10.1, 2.87, 9.07, 0.4, 10.34, 0.83, 2.53, 4.58, 6.89, 10.11, 1.82, 2.66, 11.76, 5.38, 0.79, 9.63, 11.91], [7.96, 9.75, 2.66, 4.91, 3.52, 8.55, 3.61, 4.19, 8.35, 3.57, 3.55, 9.24, 1.93, 3.55, 11.43, 1.5, 1.76, 5.65, 3.7, 4.59, 4.34, 15.65, 11.94, 3.08, 2.79, 2.39, 6.17, 0.93, 2.27, 8.58, 4.46, 3.87, 3.56, 0.52, 1.21, 13.28, 3.88, 1.88, 0.66, 3.76, 0.11, 3.26, 1.78, 0.0, 0.56, 10.06, 5.4, 3.17, 5.18, 6.2, 4.91, 12.28, 5.38, 1.81, 2.54, 1.76, 0.95, 2.35, 4.54, 6.19, 8.27, 4.07, 13.32, 1.83, 0.6, 4.08, 0.64, 8.14, 14.11, 1.1, 5.84, 2.8, 2.58, 4.16, 3.17], [5.94, 9.57, 4.56, 4.92, 4.28, 10.2, 5.77, 1.21, 8.72, 2.83, 1.82, 4.41, 2.63, 0.85, 2.65, 1.92, 2.26, 7.03, 2.68, 1.38, 6.54, 3.68, 4.08, 2.22, 11.64, 5.68, 15.66, 2.1, 9.14, 4.78, 6.6, 4.94, 0.74, 3.51, 2.94, 3.0, 4.93, 1.02, 4.24, 3.0, 0.86, 3.41, 4.76, 1.42, 0.0, 5.5, 3.8, 8.51, 2.51, 1.98, 4.93, 2.14, 6.81, 7.3, 8.53, 1.17, 0.81, 2.97, 5.03, 0.71, 7.61, 0.86, 13.96, 0.26, 1.6, 5.65, 0.7, 5.92, 10.63, 1.69, 2.58, 0.83, 1.97, 2.93, 0.93], [15.99, 1.66, 8.03, 12.82, 5.84, 2.39, 5.6, 10.99, 5.97, 6.63, 8.29, 3.4, 8.88, 10.21, 3.25, 5.83, 5.03, 6.67, 16.09, 4.86, 2.42, 7.94, 1.63, 2.7, 12.18, 15.69, 6.34, 9.27, 4.92, 4.0, 5.99, 7.65, 1.17, 5.54, 5.59, 5.08, 19.53, 8.73, 13.03, 6.83, 3.88, 1.51, 4.79, 7.48, 10.91, 0.0, 8.09, 3.28, 3.88, 3.01, 8.4, 13.69, 7.97, 4.95, 5.55, 1.91, 15.78, 4.67, 4.43, 7.22, 17.72, 2.25, 1.71, 7.29, 6.06, 0.3, 4.61, 8.45, 1.23, 11.11, 13.7, 12.98, 12.25, 2.2, 9.5], [7.17, 10.96, 3.22, 10.78, 6.53, 7.69, 1.75, 12.63, 5.45, 2.67, 2.89, 3.06, 4.1, 4.79, 14.15, 4.67, 1.06, 0.87, 2.35, 2.2, 2.22, 2.85, 5.87, 2.65, 23.39, 7.26, 13.44, 0.91, 3.96, 19.56, 11.69, 0.93, 1.15, 5.99, 4.98, 7.68, 8.41, 6.1, 4.2, 3.23, 5.82, 0.73, 5.32, 3.81, 1.12, 6.52, 0.0, 5.56, 3.68, 14.96, 1.48, 15.66, 0.91, 6.12, 0.61, 2.64, 8.92, 10.31, 10.17, 7.8, 9.58, 1.88, 4.37, 7.14, 1.93, 6.22, 3.93, 8.78, 13.7, 6.06, 8.54, 13.55, 1.8, 4.26, 8.58], [6.55, 0.5, 13.85, 10.81, 4.71, 3.47, 2.07, 7.77, 3.11, 8.56, 2.61, 14.73, 5.55, 6.34, 4.68, 7.16, 1.6, 4.1, 10.25, 0.16, 1.81, 7.5, 3.25, 2.24, 20.32, 2.07, 1.88, 4.39, 4.09, 11.14, 14.15, 2.73, 3.62, 6.94, 1.99, 12.06, 4.47, 5.43, 8.69, 9.07, 4.94, 4.59, 1.85, 7.98, 4.9, 1.86, 3.2, 0.0, 5.3, 9.72, 7.59, 5.89, 2.26, 12.36, 7.54, 3.65, 7.23, 1.76, 8.67, 6.38, 7.92, 2.81, 1.16, 7.64, 3.95, 0.58, 2.91, 10.06, 6.5, 1.91, 7.15, 12.05, 7.42, 13.63, 7.36], [0.91, 9.04, 3.39, 1.12, 3.55, 12.77, 5.38, 5.86, 14.79, 2.04, 8.59, 6.25, 7.27, 5.38, 9.02, 7.15, 12.31, 16.37, 1.34, 8.8, 19.48, 0.92, 3.12, 13.21, 7.73, 7.58, 10.12, 16.27, 4.49, 3.51, 2.23, 7.01, 8.19, 6.86, 2.09, 2.39, 0.81, 2.54, 3.19, 13.74, 6.32, 10.34, 9.66, 7.63, 4.58, 5.67, 7.4, 14.54, 0.0, 18.84, 7.57, 6.36, 8.37, 3.42, 18.53, 4.18, 4.44, 3.29, 8.43, 2.06, 0.62, 13.91, 16.2, 4.95, 12.84, 2.93, 7.78, 5.55, 6.39, 3.74, 6.32, 1.75, 4.17, 7.84, 9.25], [7.5, 2.03, 6.88, 18.8, 3.09, 2.2, 12.18, 4.27, 12.6, 4.28, 6.5, 2.09, 12.28, 13.97, 1.59, 1.9, 5.72, 11.43, 2.92, 4.9, 13.15, 11.47, 2.99, 15.15, 9.26, 18.04, 0.22, 7.4, 22.82, 8.21, 9.07, 9.74, 10.52, 2.31, 16.26, 10.59, 8.34, 7.58, 17.87, 0.37, 5.99, 4.93, 7.41, 7.94, 8.9, 0.86, 11.47, 3.9, 14.26, 0.0, 21.4, 5.07, 4.25, 4.04, 10.41, 15.17, 15.15, 18.2, 4.08, 4.96, 3.98, 3.64, 0.38, 9.77, 13.72, 7.01, 2.1, 11.34, 3.6, 5.11, 14.25, 16.53, 12.22, 2.6, 5.03], [10.18, 12.49, 1.48, 6.2, 17.1, 11.61, 6.07, 15.84, 4.85, 1.42, 9.31, 16.02, 3.82, 2.37, 11.86, 0.68, 11.3, 4.2, 8.33, 9.01, 1.8, 5.4, 9.68, 6.5, 16.2, 1.09, 2.4, 4.17, 5.03, 6.7, 5.06, 6.22, 8.26, 1.28, 2.13, 15.65, 2.74, 7.47, 4.03, 19.86, 2.86, 3.12, 10.69, 4.25, 2.14, 8.15, 3.2, 7.95, 4.33, 17.65, 0.0, 7.49, 2.84, 6.7, 5.12, 4.99, 1.15, 2.78, 15.0, 3.5, 1.48, 7.75, 12.42, 3.85, 1.38, 16.9, 1.54, 2.68, 18.75, 7.97, 1.17, 9.16, 5.73, 10.75, 13.87], [3.28, 5.29, 6.46, 2.93, 3.58, 3.6, 3.38, 3.86, 17.88, 12.11, 2.78, 1.48, 7.73, 1.27, 12.29, 6.19, 9.58, 10.59, 1.83, 13.0, 18.33, 0.94, 6.27, 15.89, 3.56, 2.92, 4.78, 15.6, 1.88, 2.71, 7.61, 6.64, 7.98, 8.58, 2.53, 1.77, 11.34, 7.94, 1.45, 5.91, 1.95, 3.29, 9.93, 7.12, 2.94, 8.77, 4.14, 1.73, 3.18, 12.22, 13.02, 0.0, 12.68, 1.87, 5.95, 14.64, 8.62, 5.46, 1.22, 4.28, 3.94, 12.04, 1.59, 5.7, 6.95, 15.56, 1.82, 0.84, 8.1, 8.99, 13.73, 5.8, 16.2, 3.92, 1.67], [5.13, 8.3, 9.78, 13.95, 17.65, 13.07, 1.07, 10.46, 3.09, 9.35, 7.08, 3.33, 2.95, 1.79, 4.32, 3.85, 2.62, 1.39, 5.04, 5.15, 0.89, 7.24, 4.71, 2.4, 5.64, 8.94, 4.48, 0.31, 12.9, 17.41, 5.67, 1.17, 2.06, 4.51, 5.42, 3.54, 2.75, 3.05, 3.77, 17.34, 2.13, 0.16, 3.31, 5.23, 4.01, 9.03, 0.39, 5.31, 5.71, 4.56, 8.38, 8.93, 0.0, 5.41, 0.62, 1.6, 5.34, 7.2, 13.11, 9.66, 19.71, 3.05, 5.82, 7.6, 2.87, 4.07, 1.33, 12.3, 2.63, 9.8, 6.54, 6.27, 3.09, 13.5, 10.59], [2.95, 9.63, 8.99, 2.14, 14.69, 11.74, 3.95, 4.77, 18.6, 2.66, 2.07, 5.27, 7.59, 8.33, 6.41, 10.97, 14.49, 17.91, 2.45, 4.4, 3.83, 0.55, 12.57, 15.72, 3.09, 1.86, 13.51, 2.04, 5.15, 2.78, 5.61, 18.45, 12.04, 4.09, 13.58, 1.58, 11.95, 5.36, 10.64, 7.56, 1.54, 21.92, 17.37, 14.22, 5.22, 10.33, 3.07, 16.75, 1.5, 18.23, 4.11, 0.97, 12.24, 0.0, 22.0, 9.06, 10.52, 3.44, 7.29, 2.96, 1.64, 12.03, 11.59, 2.75, 19.61, 7.3, 12.65, 0.99, 11.11, 6.57, 11.78, 5.39, 7.23, 5.6, 5.65], [18.12, 12.89, 6.9, 10.81, 14.33, 1.87, 1.54, 7.91, 2.13, 1.88, 5.23, 7.98, 1.39, 6.11, 6.55, 3.55, 2.97, 0.0, 7.77, 7.4, 0.78, 22.23, 3.1, 1.98, 20.19, 8.41, 2.14, 1.52, 11.49, 25.36, 4.43, 1.44, 6.75, 2.28, 2.72, 16.67, 5.37, 3.6, 5.15, 18.69, 5.98, 0.29, 4.87, 4.3, 6.89, 1.57, 0.23, 1.07, 5.34, 8.58, 3.06, 4.75, 1.29, 22.3, 0.0, 2.74, 9.9, 11.85, 13.32, 9.24, 6.21, 0.84, 8.86, 6.11, 1.68, 10.73, 1.3, 5.08, 10.79, 3.5, 6.76, 7.08, 2.01, 7.37, 6.38], [8.35, 8.49, 8.83, 8.26, 5.84, 10.09, 0.52, 1.57, 2.24, 6.76, 5.7, 10.2, 1.49, 5.21, 3.15, 1.98, 4.63, 1.26, 9.93, 3.26, 1.98, 9.32, 13.78, 1.37, 7.29, 4.31, 4.03, 2.82, 5.32, 12.0, 9.58, 0.43, 0.54, 2.67, 3.62, 10.74, 8.13, 2.59, 3.79, 11.88, 1.27, 2.65, 1.47, 1.01, 4.87, 4.81, 1.88, 2.17, 3.7, 10.64, 4.61, 6.8, 2.11, 6.36, 1.81, 0.0, 3.09, 9.44, 1.39, 3.85, 6.39, 3.19, 8.06, 3.54, 1.05, 7.85, 2.72, 3.27, 10.15, 6.98, 7.34, 5.21, 1.3, 5.01, 7.46], [6.24, 13.52, 2.61, 7.16, 15.37, 5.5, 7.89, 11.91, 8.08, 1.04, 9.41, 3.81, 6.81, 3.97, 9.06, 2.82, 4.04, 7.89, 5.1, 2.99, 5.81, 7.51, 7.36, 1.05, 5.28, 0.9, 19.84, 3.18, 2.89, 13.9, 0.95, 3.97, 2.92, 0.36, 0.43, 9.48, 3.58, 2.14, 0.94, 14.77, 0.49, 5.21, 2.72, 3.66, 1.06, 3.89, 6.29, 13.2, 4.68, 6.03, 0.44, 9.85, 7.68, 7.39, 2.77, 3.0, 0.0, 1.85, 3.95, 7.84, 3.8, 7.07, 4.95, 2.47, 6.85, 6.84, 0.49, 7.49, 2.06, 1.35, 2.14, 5.78, 1.06, 5.91, 11.21], [4.91, 11.96, 0.52, 1.73, 5.06, 10.18, 8.68, 8.41, 14.47, 1.12, 6.57, 10.49, 6.27, 5.24, 9.15, 4.93, 6.12, 14.05, 3.57, 13.44, 15.24, 10.5, 9.99, 10.01, 5.69, 1.64, 11.99, 4.06, 3.29, 10.97, 0.48, 7.01, 3.81, 3.46, 4.23, 15.04, 1.16, 1.19, 1.16, 19.13, 5.31, 6.33, 9.04, 5.15, 4.83, 16.89, 7.67, 5.63, 2.79, 20.37, 3.88, 6.75, 2.0, 5.11, 14.3, 2.39, 0.58, 0.0, 7.14, 5.47, 6.19, 13.43, 11.31, 4.75, 10.12, 9.8, 1.6, 2.89, 13.81, 2.26, 3.44, 3.19, 4.09, 10.49, 11.0], [1.38, 1.1, 6.23, 8.12, 4.51, 2.43, 4.82, 0.84, 2.17, 4.43, 1.5, 2.04, 4.18, 7.13, 2.54, 1.31, 5.08, 7.29, 9.81, 3.54, 10.13, 7.9, 4.25, 8.61, 7.25, 3.0, 7.1, 4.57, 9.08, 10.33, 3.7, 3.63, 3.73, 9.97, 14.97, 2.61, 14.95, 2.26, 4.1, 1.87, 7.78, 14.98, 2.26, 7.97, 9.03, 9.19, 3.53, 8.05, 5.53, 1.81, 8.89, 3.93, 2.52, 3.56, 6.75, 8.02, 2.14, 6.3, 0.0, 0.58, 9.05, 7.06, 2.97, 2.74, 10.02, 4.66, 1.59, 3.76, 4.93, 1.57, 4.02, 3.51, 7.55, 2.01, 1.3], [7.92, 4.11, 2.97, 1.98, 9.24, 6.72, 3.69, 4.22, 10.13, 6.74, 1.36, 7.99, 4.23, 3.65, 6.12, 6.48, 1.69, 11.12, 8.23, 1.29, 3.56, 3.98, 2.32, 1.3, 6.42, 3.19, 4.44, 2.5, 10.08, 5.13, 9.59, 4.91, 6.48, 9.6, 1.91, 5.46, 5.42, 2.08, 1.95, 8.53, 5.92, 12.4, 1.9, 4.32, 1.34, 4.36, 3.35, 7.99, 1.15, 7.43, 3.67, 5.97, 9.92, 2.56, 2.54, 7.5, 3.61, 2.21, 1.64, 0.0, 6.41, 7.41, 2.37, 1.43, 7.76, 10.06, 3.74, 1.81, 7.38, 2.3, 3.91, 5.4, 7.12, 5.07, 2.21], [0.54, 12.15, 3.48, 1.32, 11.01, 13.52, 15.55, 7.54, 6.46, 5.94, 7.09, 10.68, 4.73, 2.5, 4.14, 4.12, 13.36, 8.48, 0.32, 17.98, 18.38, 3.07, 14.72, 5.68, 5.24, 9.98, 20.64, 13.33, 4.06, 0.88, 3.02, 6.84, 6.67, 12.13, 2.73, 5.43, 3.8, 10.99, 7.49, 9.28, 5.11, 14.1, 14.44, 4.09, 4.55, 8.07, 14.94, 16.36, 0.98, 9.15, 9.11, 3.66, 17.05, 2.27, 8.97, 15.09, 4.32, 1.03, 4.8, 0.99, 0.0, 2.97, 2.97, 5.8, 4.96, 14.38, 10.46, 2.95, 14.55, 8.64, 2.38, 1.51, 15.46, 2.37, 4.05], [11.44, 6.49, 13.37, 15.39, 7.56, 10.09, 2.94, 13.18, 0.41, 6.66, 1.53, 9.19, 1.03, 1.65, 2.08, 1.8, 3.1, 2.17, 14.68, 2.18, 2.71, 8.09, 4.19, 0.64, 20.52, 9.4, 2.72, 1.0, 2.67, 13.18, 16.46, 1.84, 0.62, 8.4, 5.95, 9.11, 4.01, 4.62, 10.41, 3.09, 5.71, 2.36, 1.14, 6.6, 2.93, 6.82, 2.82, 3.9, 15.35, 11.48, 6.57, 3.13, 2.77, 7.26, 1.25, 0.44, 5.42, 12.66, 10.23, 2.6, 13.1, 0.0, 10.08, 4.01, 4.88, 2.84, 4.88, 11.4, 6.5, 8.49, 4.47, 6.84, 1.24, 12.11, 4.44], [11.83, 3.59, 15.3, 10.49, 0.4, 2.56, 5.98, 3.41, 11.16, 14.45, 4.06, 7.72, 3.34, 10.3, 2.54, 13.15, 3.15, 12.59, 2.07, 6.98, 5.64, 8.41, 1.88, 4.37, 10.01, 3.46, 0.64, 12.95, 8.46, 3.15, 16.47, 4.68, 3.23, 12.43, 12.59, 6.11, 13.64, 10.85, 16.41, 0.19, 15.08, 6.27, 5.72, 16.4, 8.78, 2.16, 17.56, 4.98, 10.88, 0.51, 7.84, 7.26, 14.15, 4.05, 5.37, 5.66, 11.84, 2.37, 5.85, 6.78, 1.99, 5.76, 0.0, 6.38, 13.27, 4.41, 8.81, 4.72, 1.83, 9.87, 7.61, 12.97, 9.15, 7.3, 6.95], [3.67, 4.47, 2.75, 7.65, 3.89, 7.77, 2.43, 2.48, 3.6, 1.37, 4.53, 1.45, 1.2, 0.88, 7.11, 3.42, 1.05, 4.32, 11.67, 8.59, 1.64, 12.28, 5.14, 3.6, 6.08, 7.25, 10.38, 6.21, 8.23, 10.37, 10.52, 4.46, 1.69, 0.73, 2.75, 13.09, 9.09, 0.49, 5.14, 6.02, 0.58, 6.47, 0.71, 1.33, 0.72, 10.73, 1.04, 4.93, 5.1, 12.87, 5.52, 10.94, 5.51, 7.82, 7.3, 1.88, 5.55, 0.79, 2.53, 2.07, 5.34, 1.61, 5.87, 0.0, 4.09, 1.77, 2.18, 5.7, 8.65, 0.52, 0.98, 4.28, 5.81, 6.61, 2.78], [8.72, 9.54, 9.17, 13.02, 16.01, 5.45, 2.91, 3.92, 5.81, 8.76, 7.43, 10.53, 0.99, 8.5, 3.12, 2.35, 7.37, 1.14, 11.1, 4.64, 5.72, 16.31, 10.54, 3.28, 12.09, 1.35, 6.38, 1.31, 8.59, 10.32, 1.63, 2.2, 0.82, 1.81, 0.99, 4.79, 2.73, 5.31, 7.67, 7.68, 2.09, 2.6, 4.0, 3.69, 5.82, 13.8, 0.75, 1.14, 10.91, 5.21, 1.55, 9.98, 1.13, 16.26, 1.26, 0.91, 4.0, 8.35, 5.01, 2.18, 16.57, 4.08, 14.87, 0.94, 0.0, 2.97, 5.49, 2.27, 13.33, 7.26, 5.38, 2.04, 0.82, 14.78, 10.25], [14.33, 2.38, 13.98, 2.63, 6.38, 0.96, 7.53, 11.98, 1.09, 2.4, 4.11, 5.2, 1.87, 6.24, 1.17, 1.35, 5.72, 2.11, 8.77, 1.13, 5.65, 7.25, 2.07, 7.04, 17.23, 14.72, 1.43, 2.27, 2.53, 19.83, 10.82, 6.47, 0.92, 13.48, 5.36, 4.11, 2.15, 7.51, 2.25, 1.05, 9.8, 7.51, 3.2, 8.49, 10.02, 1.38, 8.12, 0.4, 9.21, 3.74, 13.01, 15.0, 8.76, 6.12, 10.77, 9.2, 4.17, 4.61, 8.27, 6.96, 9.13, 5.85, 4.61, 9.75, 8.61, 0.0, 9.2, 6.06, 8.32, 1.42, 10.91, 3.74, 5.29, 6.69, 12.32], [9.52, 6.3, 4.57, 4.64, 15.56, 8.38, 2.1, 7.46, 9.58, 4.62, 2.2, 15.01, 1.8, 1.01, 2.26, 1.68, 2.65, 3.3, 6.69, 4.5, 1.2, 2.44, 9.91, 1.18, 16.12, 1.47, 15.79, 2.97, 3.49, 1.83, 9.57, 4.9, 0.94, 3.7, 2.78, 9.72, 2.99, 0.91, 4.41, 4.1, 0.59, 3.82, 4.49, 1.0, 0.68, 8.84, 5.72, 2.25, 2.73, 4.35, 4.18, 9.5, 6.91, 10.53, 3.27, 3.33, 0.73, 1.59, 2.26, 2.7, 9.45, 1.72, 8.0, 0.38, 4.68, 11.39, 0.0, 5.24, 7.75, 1.68, 5.39, 6.38, 3.67, 2.17, 6.86], [4.18, 4.58, 2.11, 0.48, 10.72, 9.71, 3.36, 4.56, 13.55, 7.97, 0.49, 7.9, 1.23, 0.75, 5.56, 8.76, 6.3, 6.24, 0.8, 14.16, 10.54, 5.55, 4.28, 9.01, 3.04, 6.05, 15.5, 8.06, 9.58, 2.98, 3.69, 11.25, 2.19, 5.64, 5.71, 5.03, 6.39, 3.08, 3.4, 14.4, 1.81, 11.27, 11.74, 2.63, 4.14, 4.15, 7.19, 10.78, 2.77, 6.5, 6.36, 1.38, 8.54, 1.07, 11.7, 8.5, 6.86, 4.79, 1.73, 1.17, 4.28, 3.17, 12.87, 1.8, 4.52, 1.49, 0.96, 0.0, 6.1, 2.22, 4.03, 1.96, 3.36, 6.93, 0.58], [14.8, 3.24, 16.45, 11.17, 1.32, 1.45, 8.23, 4.78, 2.66, 9.84, 6.66, 6.37, 9.81, 6.82, 0.0, 13.95, 3.03, 18.14, 4.74, 8.06, 5.84, 9.04, 0.21, 13.02, 9.87, 18.59, 1.49, 9.74, 5.16, 10.16, 17.35, 9.78, 7.49, 8.3, 2.95, 4.36, 12.55, 7.71, 3.26, 0.75, 1.52, 13.99, 9.23, 4.68, 5.36, 3.93, 3.09, 8.98, 15.27, 0.52, 6.33, 7.84, 7.81, 9.04, 14.43, 9.05, 3.37, 11.91, 1.77, 2.74, 1.67, 11.28, 1.56, 1.72, 16.94, 2.65, 5.0, 4.01, 0.0, 2.99, 4.44, 2.26, 12.54, 3.91, 2.17], [8.09, 6.98, 4.59, 5.45, 2.95, 7.46, 7.72, 3.97, 7.0, 4.9, 2.96, 11.68, 4.59, 0.6, 9.86, 5.18, 5.75, 9.81, 3.42, 2.1, 5.17, 9.15, 10.11, 2.12, 2.44, 1.94, 4.16, 3.61, 9.65, 4.73, 4.64, 1.17, 4.08, 4.23, 1.97, 9.48, 6.73, 0.73, 3.2, 13.7, 2.29, 7.33, 2.79, 1.26, 1.45, 3.34, 9.12, 5.81, 5.3, 13.54, 7.44, 4.93, 2.87, 9.97, 7.96, 1.46, 0.78, 5.67, 6.26, 0.81, 3.92, 2.24, 8.33, 1.46, 5.19, 8.9, 2.58, 2.88, 2.26, 0.0, 8.07, 4.93, 6.13, 6.79, 6.94], [1.98, 3.61, 4.48, 5.32, 16.77, 2.3, 7.8, 4.49, 5.98, 2.49, 6.17, 17.0, 3.28, 4.56, 17.32, 6.26, 8.5, 3.79, 11.14, 15.26, 10.86, 13.74, 6.23, 6.45, 14.06, 1.2, 3.67, 2.15, 1.96, 16.56, 6.05, 3.17, 6.22, 2.71, 0.68, 5.85, 0.67, 4.81, 3.06, 21.99, 7.03, 4.43, 3.98, 1.08, 3.42, 7.81, 6.95, 16.41, 8.76, 10.29, 0.73, 8.68, 1.58, 3.74, 6.91, 2.86, 0.68, 1.31, 5.42, 8.96, 11.8, 8.43, 13.75, 2.7, 1.06, 9.78, 1.3, 3.26, 12.05, 6.46, 0.0, 7.98, 0.85, 16.19, 2.18], [0.43, 6.21, 0.58, 0.0, 10.43, 9.99, 6.44, 1.04, 2.5, 2.16, 6.92, 4.5, 6.63, 0.75, 1.53, 3.7, 6.88, 4.62, 3.0, 4.42, 10.5, 6.45, 5.47, 11.33, 5.48, 4.68, 14.73, 14.96, 1.51, 5.06, 1.52, 9.37, 1.21, 5.97, 10.2, 2.69, 1.08, 2.14, 4.35, 17.74, 8.64, 16.28, 5.7, 4.88, 7.37, 16.9, 6.81, 10.24, 1.57, 6.36, 5.35, 3.34, 12.26, 0.89, 9.52, 3.59, 2.79, 1.45, 5.98, 1.16, 2.14, 3.5, 7.17, 8.22, 5.33, 4.58, 6.22, 1.51, 11.59, 2.97, 1.8, 0.0, 11.09, 4.17, 3.63], [4.75, 2.49, 1.1, 6.75, 17.36, 13.18, 1.98, 9.46, 2.44, 5.43, 2.07, 6.96, 0.67, 4.74, 15.54, 0.91, 2.1, 2.91, 13.47, 7.84, 6.06, 16.42, 14.35, 1.11, 12.74, 5.45, 7.14, 3.62, 5.1, 12.98, 2.77, 2.89, 1.56, 1.74, 3.15, 2.22, 7.81, 2.38, 7.5, 19.49, 1.23, 2.12, 3.17, 0.41, 5.5, 4.69, 0.66, 2.14, 8.91, 4.98, 1.79, 13.45, 2.73, 17.0, 1.88, 0.76, 5.06, 2.63, 3.13, 2.8, 16.08, 1.95, 17.08, 3.94, 1.11, 1.23, 2.98, 10.97, 2.99, 5.09, 6.22, 9.53, 0.0, 1.84, 6.9], [1.8, 4.23, 4.1, 2.87, 1.25, 2.51, 7.11, 1.05, 8.78, 13.02, 2.8, 0.47, 4.47, 1.76, 1.37, 4.96, 4.17, 13.35, 6.43, 11.42, 2.71, 3.19, 3.95, 13.26, 4.23, 5.01, 7.66, 8.68, 18.02, 2.28, 12.92, 6.22, 10.42, 9.57, 17.5, 1.49, 9.62, 4.18, 7.5, 5.28, 11.03, 19.16, 7.87, 6.25, 2.68, 4.13, 5.51, 1.72, 10.0, 3.02, 8.89, 4.83, 16.68, 4.64, 16.4, 9.3, 6.61, 11.4, 0.83, 3.39, 9.05, 8.29, 10.79, 2.88, 15.88, 2.54, 8.6, 2.05, 7.97, 5.0, 10.91, 8.77, 2.06, 0.0, 2.31], [5.51, 8.61, 9.12, 2.86, 4.27, 1.94, 5.49, 0.99, 11.52, 2.21, 3.59, 3.88, 3.5, 1.57, 3.72, 8.48, 9.66, 13.0, 1.58, 7.42, 15.32, 4.83, 4.06, 7.68, 3.28, 1.87, 10.55, 1.72, 14.92, 4.56, 5.72, 2.28, 4.89, 6.8, 10.05, 3.23, 2.86, 5.74, 7.7, 2.75, 2.95, 5.65, 6.01, 3.77, 4.07, 5.56, 4.43, 7.13, 3.51, 1.92, 1.67, 4.58, 10.9, 3.6, 8.47, 10.81, 7.47, 3.07, 1.93, 2.74, 5.53, 2.83, 9.94, 1.2, 7.04, 7.76, 9.93, 1.16, 6.99, 0.81, 7.84, 3.0, 6.42, 1.24, 0.0]]
vans = [9, 7, 5, 9]

