J = [0, 1, 2]
K = [3, 4]
L = [5, 6, 7, 8]
I = [0, 1, 2, 3, 4, 5, 6, 7, 8]
N = [0, 1, 2, 3, 4, 5, 6, 7, 8, 9, 10, 11, 12, 13, 14, 15, 16, 17, 18, 19, 20, 21, 22, 23, 24, 25, 26, 27, 28, 29, 30, 31, 32, 33, 34, 35, 36, 37, 38, 39, 40, 41, 42, 43, 44, 45, 46, 47, 48, 49, 50, 51, 52, 53, 54, 55, 56, 57, 58, 59, 60, 61, 62, 63, 64, 65, 66, 67, 68, 69, 70, 71, 72, 73, 74]
demand = [666, 462, 913, 447, 888, 796, 743, 1074, 580, 850, 752, 621, 1160, 771, 1102, 669, 879, 858, 1104, 956, 1028, 424, 1153, 496, 719, 597, 474, 709, 459, 866, 1093, 1126, 627, 704, 744, 1174, 428, 688, 969, 768, 834, 1200, 891, 564, 874, 936, 1157, 423, 852, 993, 1021, 836, 490, 886, 787, 1161, 1127, 662, 1076, 432, 1155, 1112, 1175, 431, 769, 984, 765, 1032, 507, 615, 931, 751, 497, 823, 661]
hub = [1, 1, 2, 0, 2, 0, 0, 0, 0, 1, 1, 1, 1, 1, 1, 0, 0, 0, 0, 1, 0, 2, 0, 2, 0, 0, 1, 0, 1, 0, 0, 1, 0, 1, 2, 2, 2, 1, 0, 0, 1, 1, 0, 2, 1, 0, 2, 0, 0, 2, 1, 2, 1, 1, 1, 0, 2, 2, 2, 2, 2, 0, 2, 1, 0, 0, 2, 2, 1, 2, 1, 1, 2, 0, 2]
release = [21, 40, 8, 36, 5, 32, 48, 41, 30, 23, 7, 42, 41, 35, 25, 35, 7, 21, 22, 38, 30, 3, 35, 19, 36, 33, 32, 2, 46, 4, 0, 38, 5, 9, 32, 37, 18, 48, 20, 23, 34, 6, 29, 9, 5, 48, 20, 23, 34, 37, 18, 21, 28, 19, 42, 20, 17, 17, 23, 4, 14, 14, 2, 33, 21, 42, 41, 31, 47, 19, 6, 6, 43, 24, 9]
Nj = [[3, 5, 6, 7, 8, 15, 16, 17, 18, 20, 22, 24, 25, 27, 29, 30, 32, 38, 39, 42, 45, 47, 48, 55, 61, 64, 65, 73], [0, 1, 9, 10, 11, 12, 13, 14, 19, 26, 28, 31, 33, 37, 40, 41, 44, 50, 52, 53, 54, 63, 68, 70, 71], [2, 4, 21, 23, 34, 35, 36, 43, 46, 49, 51, 56, 57, 58, 59, 60, 62, 66, 67, 69, 72, 74]]
Gj = [[0, 1, 2, 3, 4, 5, 6, 7, 8, 9, 10, 11, 12, 13, 14, 15, 16, 17, 18, 19, 20, 21, 22, 23, 24, 25, 26, 27], [28, 29, 30, 31, 32, 33, 34, 35, 36, 37, 38, 39, 40, 41, 42, 43, 44, 45, 46, 47, 48, 49, 50, 51, 52], [53, 54, 55, 56, 57, 58, 59, 60, 61, 62, 63, 64, 65, 66, 67, 68, 69, 70, 71, 72, 73, 74]]
G = [0, 1, 2, 3, 4, 5, 6, 7, 8, 9, 10, 11, 12, 13, 14, 15, 16, 17, 18, 19, 20, 21, 22, 23, 24, 25, 26, 27, 28, 29, 30, 31, 32, 33, 34, 35, 36, 37, 38, 39, 40, 41, 42, 43, 44, 45, 46, 47, 48, 49, 50, 51, 52, 53, 54, 55, 56, 57, 58, 59, 60, 61, 62, 63, 64, 65, 66, 67, 68, 69, 70, 71, 72, 73, 74]
deadline = [240, 240, 168, 240, 216, 216, 192, 168, 168, 240, 240, 192, 168, 168, 192, 240, 216, 216, 240, 216, 240, 168, 168, 240, 168, 192, 168, 192, 168, 240, 216, 168, 240, 216, 168, 240, 240, 240, 168, 192, 168, 168, 168, 240, 240, 240, 240, 168, 192, 168, 240, 216, 192, 192, 216, 240, 216, 192, 240, 168, 168, 168, 216, 168, 240, 192, 216, 240, 240, 216, 168, 240, 240, 168, 216]
weight = [20, 40, 70, 90, 70, 50, 30, 10, 70, 60, 30, 20, 90, 30, 30, 20, 20, 100, 30, 10, 50, 70, 30, 70, 10, 10, 100, 40, 80, 30, 90, 10, 50, 70, 80, 20, 90, 20, 70, 40, 80, 40, 50, 80, 60, 10, 50, 20, 10, 70, 60, 60, 80, 60, 80, 70, 80, 40, 20, 100, 90, 10, 70, 70, 60, 20, 90, 40, 30, 60, 80, 50, 100, 90, 20]
q = 2000
M = [0, 1, 2]
M_description = ['Road', 'Rail', 'Ship']
accessibility = [[1, 0, 0], [1, 0, 0], [1, 1, 1], [1, 1, 1], [1, 1, 1], [1, 0, 0], [1, 0, 1], [1, 0, 1], [1, 0, 0]]
S = [0, 1, 2, 3, 4, 5, 6, 7, 8, 9, 10, 11, 12, 13, 14, 15, 16, 17, 18, 19, 20, 21, 22, 23, 24, 25, 26, 27, 28, 29, 30, 31, 32, 33, 34, 35, 36, 37, 38, 39, 40, 41, 42, 43, 44, 45, 46, 47, 48, 49, 50, 51, 52, 53, 54, 55, 56, 57, 58, 59, 60, 61, 62, 63, 64, 65, 66, 67, 68, 69, 70, 71, 72, 73, 74, 75, 76, 77, 78, 79, 80, 81, 82, 83, 84, 85, 86, 87, 88, 89, 90, 91, 92, 93, 94, 95, 96, 97, 98, 99, 100, 101, 102, 103, 104, 105, 106, 107, 108, 109, 110, 111, 112, 113, 114, 115, 116, 117, 118, 119, 120, 121, 122, 123, 124, 125, 126, 127, 128, 129, 130, 131, 132, 133, 134, 135, 136, 137, 138, 139, 140, 141, 142, 143, 144, 145, 146, 147, 148, 149, 150, 151, 152, 153, 154, 155, 156, 157, 158, 159, 160, 161, 162, 163, 164, 165, 166, 167, 168, 169, 170, 171, 172, 173, 174, 175, 176, 177, 178, 179, 180, 181, 182, 183, 184, 185, 186, 187, 188, 189, 190, 191, 192, 193, 194, 195, 196, 197, 198, 199, 200, 201, 202, 203, 204, 205, 206, 207, 208, 209, 210, 211, 212, 213]
origin = [0, 0, 0, 0, 0, 0, 0, 0, 0, 0, 0, 0, 0, 0, 0, 0, 0, 0, 0, 0, 0, 0, 0, 0, 0, 0, 0, 0, 0, 0, 0, 0, 1, 1, 1, 1, 1, 1, 1, 1, 1, 1, 1, 1, 1, 1, 1, 1, 1, 1, 1, 1, 1, 1, 1, 1, 1, 1, 1, 1, 1, 1, 1, 1, 2, 2, 2, 2, 2, 2, 2, 2, 2, 2, 2, 2, 2, 2, 2, 2, 2, 2, 2, 2, 2, 2, 2, 2, 2, 2, 2, 2, 2, 2, 2, 2, 3, 3, 3, 3, 3, 3, 3, 3, 3, 3, 3, 3, 3, 3, 3, 3, 3, 3, 3, 3, 3, 3, 3, 3, 3, 3, 3, 3, 3, 3, 3, 3, 4, 4, 4, 4, 4, 4, 4, 4, 4, 4, 4, 4, 4, 4, 4, 4, 4, 4, 4, 4, 4, 4, 4, 4, 4, 4, 4, 4, 4, 4, 4, 4, 2, 2, 2, 2, 2, 2, 3, 3, 3, 3, 3, 3, 4, 4, 4, 4, 4, 4, 2, 2, 2, 2, 2, 2, 2, 2, 2, 2, 2, 2, 3, 3, 3, 3, 3, 3, 3, 3, 3, 3, 3, 3, 4, 4, 4, 4, 4, 4, 4, 4, 4, 4, 4, 4]
destination = [1, 1, 1, 1, 2, 2, 2, 2, 3, 3, 3, 3, 4, 4, 4, 4, 5, 5, 5, 5, 6, 6, 6, 6, 7, 7, 7, 7, 8, 8, 8, 8, 0, 0, 0, 0, 2, 2, 2, 2, 3, 3, 3, 3, 4, 4, 4, 4, 5, 5, 5, 5, 6, 6, 6, 6, 7, 7, 7, 7, 8, 8, 8, 8, 0, 0, 0, 0, 1, 1, 1, 1, 3, 3, 3, 3, 4, 4, 4, 4, 5, 5, 5, 5, 6, 6, 6, 6, 7, 7, 7, 7, 8, 8, 8, 8, 0, 0, 0, 0, 1, 1, 1, 1, 2, 2, 2, 2, 4, 4, 4, 4, 5, 5, 5, 5, 6, 6, 6, 6, 7, 7, 7, 7, 8, 8, 8, 8, 0, 0, 0, 0, 1, 1, 1, 1, 2, 2, 2, 2, 3, 3, 3, 3, 5, 5, 5, 5, 6, 6, 6, 6, 7, 7, 7, 7, 8, 8, 8, 8, 3, 3, 3, 4, 4, 4, 2, 2, 2, 4, 4, 4, 2, 2, 2, 3, 3, 3, 3, 3, 3, 4, 4, 4, 6, 6, 6, 7, 7, 7, 2, 2, 2, 4, 4, 4, 6, 6, 6, 7, 7, 7, 2, 2, 2, 3, 3, 3, 6, 6, 6, 7, 7, 7]
departure = [8, 56, 104, 152, 8, 56, 104, 152, 8, 56, 104, 152, 8, 56, 104, 152, 8, 56, 104, 152, 8, 56, 104, 152, 8, 56, 104, 152, 8, 56, 104, 152, 8, 56, 104, 152, 8, 56, 104, 152, 8, 56, 104, 152, 8, 56, 104, 152, 8, 56, 104, 152, 8, 56, 104, 152, 8, 56, 104, 152, 8, 56, 104, 152, 8, 56, 104, 152, 8, 56, 104, 152, 8, 56, 104, 152, 8, 56, 104, 152, 8, 56, 104, 152, 8, 56, 104, 152, 8, 56, 104, 152, 8, 56, 104, 152, 12, 60, 108, 156, 12, 60, 108, 156, 12, 60, 108, 156, 12, 60, 108, 156, 12, 60, 108, 156, 12, 60, 108, 156, 12, 60, 108, 156, 12, 60, 108, 156, 12, 60, 108, 156, 12, 60, 108, 156, 12, 60, 108, 156, 12, 60, 108, 156, 12, 60, 108, 156, 12, 60, 108, 156, 12, 60, 108, 156, 12, 60, 108, 156, 33, 81, 129, 33, 81, 129, 37, 85, 133, 37, 85, 133, 37, 85, 133, 37, 85, 133, 10, 58, 106, 10, 58, 106, 10, 58, 106, 10, 58, 106, 13, 61, 109, 13, 61, 109, 13, 61, 109, 13, 61, 109, 13, 61, 109, 13, 61, 109, 13, 61, 109, 13, 61, 109]
arrival = [52, 100, 172, 196, 100, 76, 148, 172, 84, 108, 204, 228, 60, 132, 156, 228, 160, 136, 232, 232, 136, 184, 232, 280, 136, 160, 184, 256, 136, 184, 232, 280, 76, 100, 196, 172, 100, 124, 172, 196, 60, 132, 156, 204, 60, 156, 204, 252, 160, 136, 184, 232, 136, 208, 256, 280, 160, 160, 256, 256, 112, 184, 184, 232, 52, 76, 196, 196, 52, 124, 124, 196, 60, 132, 156, 228, 60, 108, 156, 204, 136, 160, 232, 280, 88, 208, 208, 304, 88, 136, 232, 256, 112, 184, 232, 256, 80, 80, 176, 224, 104, 128, 152, 176, 104, 128, 128, 200, 112, 112, 160, 232, 164, 164, 236, 236, 92, 140, 188, 236, 92, 164, 212, 284, 140, 188, 188, 260, 80, 128, 200, 224, 32, 128, 128, 248, 80, 104, 152, 176, 88, 160, 160, 232, 116, 188, 188, 284, 116, 212, 260, 284, 116, 164, 236, 284, 140, 212, 260, 284, 110, 182, 206, 86, 134, 182, 130, 130, 226, 114, 162, 186, 82, 106, 178, 114, 162, 210, 88, 160, 208, 64, 112, 160, 92, 140, 212, 92, 164, 212, 106, 82, 202, 114, 138, 210, 118, 166, 214, 142, 166, 190, 34, 154, 154, 66, 138, 210, 94, 214, 262, 118, 166, 262]
Q = [4, 2, 2, 2, 2, 2, 2, 2, 2, 4, 2, 2, 4, 4, 2, 2, 4, 4, 4, 2, 4, 4, 4, 2, 4, 4, 2, 4, 2, 2, 4, 4, 2, 4, 4, 2, 4, 4, 2, 4, 2, 2, 4, 4, 4, 2, 4, 2, 2, 4, 4, 2, 4, 2, 4, 4, 4, 2, 2, 2, 2, 4, 4, 2, 4, 4, 4, 2, 4, 4, 4, 2, 4, 2, 4, 4, 2, 2, 4, 2, 2, 4, 2, 2, 4, 4, 4, 2, 4, 4, 4, 2, 4, 4, 4, 2, 4, 2, 2, 4, 4, 2, 2, 2, 2, 2, 2, 4, 4, 4, 2, 2, 2, 2, 4, 4, 4, 2, 2, 4, 4, 4, 4, 4, 4, 2, 2, 4, 2, 4, 4, 2, 4, 2, 4, 4, 2, 2, 2, 2, 4, 4, 4, 2, 4, 2, 2, 4, 4, 2, 4, 2, 2, 2, 4, 4, 2, 4, 2, 4, 3, 3, 6, 6, 6, 3, 3, 3, 6, 3, 6, 3, 3, 6, 3, 3, 3, 3, 10, 10, 5, 10, 10, 10, 10, 5, 5, 10, 10, 5, 10, 5, 10, 10, 5, 5, 10, 10, 5, 5, 10, 5, 10, 5, 5, 5, 10, 5, 10, 10, 5, 10, 10, 5]
cfixed = [236, 272, 267, 291, 296, 217, 210, 269, 264, 222, 240, 233, 239, 296, 295, 255, 268, 229, 269, 241, 267, 225, 258, 281, 227, 270, 210, 242, 252, 265, 206, 294, 226, 256, 271, 295, 290, 224, 243, 213, 275, 213, 274, 213, 257, 215, 241, 234, 225, 287, 280, 243, 243, 292, 229, 298, 297, 211, 205, 280, 270, 272, 233, 254, 266, 226, 263, 224, 287, 203, 262, 200, 222, 228, 218, 269, 279, 241, 221, 208, 224, 243, 298, 273, 276, 291, 215, 253, 290, 255, 262, 262, 207, 279, 244, 249, 240, 274, 287, 245, 272, 269, 241, 272, 296, 259, 263, 271, 220, 227, 242, 204, 200, 225, 277, 223, 202, 215, 242, 244, 206, 295, 229, 259, 277, 234, 214, 254, 232, 277, 224, 263, 213, 256, 245, 283, 268, 290, 263, 239, 278, 259, 274, 295, 211, 234, 286, 248, 288, 272, 251, 232, 246, 262, 209, 244, 284, 251, 230, 267, 499, 363, 314, 449, 402, 375, 412, 320, 439, 400, 463, 377, 323, 379, 370, 461, 476, 387, 512, 542, 631, 625, 565, 560, 526, 662, 633, 588, 680, 582, 512, 689, 634, 553, 551, 613, 504, 616, 660, 677, 505, 631, 697, 604, 697, 616, 509, 517, 525, 620, 599, 613, 663, 502]
ctravel = [44, 44, 68, 44, 92, 20, 44, 20, 76, 52, 100, 76, 52, 76, 52, 76, 152, 80, 128, 80, 128, 128, 128, 128, 128, 104, 80, 104, 128, 128, 128, 128, 68, 44, 92, 20, 92, 68, 68, 44, 52, 76, 52, 52, 52, 100, 100, 100, 152, 80, 80, 80, 128, 152, 152, 128, 152, 104, 152, 104, 104, 128, 80, 80, 44, 20, 92, 44, 44, 68, 20, 44, 52, 76, 52, 76, 52, 52, 52, 52, 128, 104, 128, 128, 80, 152, 104, 152, 80, 80, 128, 104, 104, 128, 128, 104, 68, 20, 68, 68, 92, 68, 44, 20, 92, 68, 20, 44, 100, 52, 52, 76, 152, 104, 128, 80, 80, 80, 80, 80, 80, 104, 104, 128, 128, 128, 80, 104, 68, 68, 92, 68, 20, 68, 20, 92, 68, 44, 44, 20, 76, 100, 52, 76, 104, 128, 80, 128, 104, 152, 152, 128, 104, 104, 128, 128, 128, 152, 152, 128, 61.6, 80.80000000000001, 61.6, 42.400000000000006, 42.400000000000006, 42.400000000000006, 74.4, 36.0, 74.4, 61.6, 61.6, 42.400000000000006, 36.0, 16.8, 36.0, 61.6, 61.6, 61.6, 46.8, 61.199999999999996, 61.199999999999996, 32.4, 32.4, 32.4, 49.199999999999996, 49.199999999999996, 63.599999999999994, 49.199999999999996, 63.599999999999994, 63.599999999999994, 55.8, 12.6, 55.8, 60.599999999999994, 46.199999999999996, 60.599999999999994, 63.0, 63.0, 63.0, 77.39999999999999, 63.0, 48.6, 12.6, 55.8, 27.0, 31.799999999999997, 46.199999999999996, 60.599999999999994, 48.6, 91.8, 91.8, 63.0, 63.0, 91.8]
mode = [0, 0, 0, 0, 0, 0, 0, 0, 0, 0, 0, 0, 0, 0, 0, 0, 0, 0, 0, 0, 0, 0, 0, 0, 0, 0, 0, 0, 0, 0, 0, 0, 0, 0, 0, 0, 0, 0, 0, 0, 0, 0, 0, 0, 0, 0, 0, 0, 0, 0, 0, 0, 0, 0, 0, 0, 0, 0, 0, 0, 0, 0, 0, 0, 0, 0, 0, 0, 0, 0, 0, 0, 0, 0, 0, 0, 0, 0, 0, 0, 0, 0, 0, 0, 0, 0, 0, 0, 0, 0, 0, 0, 0, 0, 0, 0, 0, 0, 0, 0, 0, 0, 0, 0, 0, 0, 0, 0, 0, 0, 0, 0, 0, 0, 0, 0, 0, 0, 0, 0, 0, 0, 0, 0, 0, 0, 0, 0, 0, 0, 0, 0, 0, 0, 0, 0, 0, 0, 0, 0, 0, 0, 0, 0, 0, 0, 0, 0, 0, 0, 0, 0, 0, 0, 0, 0, 0, 0, 0, 0, 1, 1, 1, 1, 1, 1, 1, 1, 1, 1, 1, 1, 1, 1, 1, 1, 1, 1, 2, 2, 2, 2, 2, 2, 2, 2, 2, 2, 2, 2, 2, 2, 2, 2, 2, 2, 2, 2, 2, 2, 2, 2, 2, 2, 2, 2, 2, 2, 2, 2, 2, 2, 2, 2]
delivery_process = ['Direct-Shipment', 'Cross-Docking', 'Direct-Shipment', 'Cross-Docking']
distance_ln = [[8.38, 3.09, 7.18, 5.46, 5.97, 3.32, 5.64, 3.23, 5.43, 2.8, 6.63, 5.71, 4.62, 3.58, 0.83, 1.83, 2.16, 10.31, 13.05, 12.04, 1.37, 9.39, 2.69, 5.73, 8.64, 2.2, 2.31, 9.02, 0.78, 16.98, 13.09, 2.62, 2.07, 13.42, 16.21, 7.25, 4.21, 13.82, 14.46, 2.59, 15.95, 4.11, 1.21, 8.22, 1.94, 9.09, 14.14, 4.94, 3.6, 13.98, 2.35, 9.6, 10.12, 0.69, 9.33, 1.63, 2.08, 4.78, 2.98, 7.85, 12.71, 2.06, 9.61, 9.94, 6.16, 1.44, 2.21, 14.05, 5.2, 8.71, 11.27, 11.22, 4.31, 5.18, 2.22], [9.14, 5.57, 11.93, 6.23, 11.47, 2.92, 3.46, 5.55, 6.4, 4.93, 1.59, 1.13, 14.1, 12.91, 2.66, 2.56, 10.15, 12.75, 4.06, 0.82, 8.51, 9.3, 2.26, 1.82, 9.33, 1.85, 8.73, 2.41, 20.25, 8.43, 2.75, 9.78, 13.71, 5.98, 3.27, 10.6, 4.9, 1.66, 4.14, 3.83, 6.05, 4.89, 5.38, 1.89, 13.13, 9.07, 1.98, 11.61, 9.73, 6.0, 4.58, 10.77, 6.46, 9.16, 6.33, 8.51, 15.54, 5.17, 10.39, 7.08, 0.93, 9.28, 6.36, 2.46, 1.64, 9.6, 11.48, 5.93, 11.5, 8.99, 8.12, 5.83, 5.76, 5.22, 9.76], [2.53, 0.88, 14.74, 4.59, 8.82, 1.87, 6.88, 2.22, 4.24, 1.95, 0.84, 3.36, 3.56, 5.43, 6.42, 9.42, 2.94, 4.35, 4.46, 6.3, 4.67, 2.02, 0.82, 0.64, 1.63, 7.03, 4.67, 2.18, 3.47, 4.67, 2.35, 4.14, 7.61, 7.8, 1.31, 7.81, 0.49, 3.41, 7.96, 2.22, 4.41, 2.44, 1.12, 4.47, 7.28, 1.32, 4.22, 3.61, 4.08, 8.25, 4.67, 10.74, 3.33, 1.28, 10.41, 4.03, 6.99, 0.74, 7.01, 1.16, 4.61, 3.31, 5.43, 6.83, 1.62, 6.43, 2.74, 4.63, 10.07, 2.07, 3.72, 2.48, 10.76, 4.03, 3.67], [10.42, 3.33, 3.17, 1.98, 12.39, 0.35, 2.09, 2.24, 2.44, 5.97, 0.71, 0.72, 3.94, 4.06, 8.99, 7.02, 2.77, 8.28, 3.34, 1.69, 2.74, 5.63, 3.41, 2.27, 4.54, 5.78, 4.83, 3.67, 3.5, 1.95, 3.66, 3.83, 1.93, 3.06, 5.35, 4.92, 4.44, 1.71, 2.45, 6.24, 9.51, 1.88, 2.06, 0.86, 4.34, 3.35, 4.29, 1.72, 6.9, 5.68, 4.63, 11.65, 3.14, 0.78, 2.63, 1.14, 3.47, 4.25, 4.02, 4.7, 3.14, 2.74, 7.08, 0.97, 8.73, 4.95, 3.07, 3.59, 4.59, 2.45, 5.0, 2.81, 3.5, 0.79, 2.01]]
distance_nn = [[0.0, 4.28, 16.49, 2.51, 14.7, 7.83, 14.02, 3.71, 5.86, 1.27, 6.21, 4.87, 3.2, 12.16, 14.15, 7.57, 13.25, 1.53, 1.83, 5.89, 16.07, 4.68, 5.28, 2.46, 10.98, 16.7, 1.32, 5.4, 5.91, 0.82, 2.23, 20.71, 10.45, 17.68, 17.67, 16.45, 6.39, 2.51, 5.05, 2.81, 3.63, 6.29, 2.04, 4.45, 7.97, 6.61, 11.16, 2.84, 6.23, 5.66, 9.48, 4.24, 3.55, 10.96, 16.16, 5.2, 9.8, 3.3, 13.89, 1.69, 3.35, 16.16, 15.6, 5.13, 2.69, 4.92, 11.01, 14.95, 8.18, 8.93, 4.63, 3.95, 8.51, 16.86, 7.91], [7.88, 0.0, 13.01, 3.59, 4.44, 5.39, 8.69, 1.81, 1.84, 0.42, 1.5, 1.49, 9.45, 5.99, 6.64, 4.11, 2.8, 4.11, 5.79, 1.48, 5.19, 1.13, 2.64, 3.38, 2.13, 2.64, 0.62, 1.95, 8.08, 9.43, 5.49, 3.13, 4.51, 8.25, 10.79, 1.38, 0.98, 2.64, 8.2, 7.13, 5.45, 5.34, 3.06, 1.34, 3.93, 0.85, 2.49, 1.24, 2.85, 2.12, 0.55, 10.07, 0.8, 2.96, 3.04, 1.07, 1.21, 3.44, 4.37, 7.13, 5.87, 1.21, 8.33, 4.1, 8.8, 4.29, 1.99, 7.82, 13.32, 7.88, 7.68, 6.83, 9.11, 2.58, 1.52], [22.21, 6.15, 0.0, 6.2, 15.84, 2.58, 1.55, 8.22, 13.27, 8.49, 1.88, 7.19, 3.28, 6.98, 7.47, 3.31, 4.31, 16.97, 1.57, 4.38, 6.94, 15.32, 10.22, 9.25, 4.02, 1.36, 11.98, 14.91, 15.86, 10.78, 14.62, 0.69, 6.68, 5.99, 9.2, 2.16, 11.0, 16.89, 14.4, 8.83, 2.59, 7.11, 4.31, 11.47, 7.89, 10.2, 5.0, 6.05, 10.54, 3.0, 6.9, 1.16, 17.22, 2.87, 4.7, 1.04, 6.49, 17.6, 13.13, 18.73, 3.79, 5.73, 1.92, 12.45, 7.43, 3.85, 8.48, 7.05, 2.84, 4.98, 3.11, 11.67, 4.14, 3.08, 6.48], [1.86, 4.09, 5.58, 0.0, 2.87, 0.85, 4.73, 6.74, 6.89, 2.25, 1.34, 0.6, 6.1, 4.42, 4.95, 4.04, 1.0, 4.83, 2.24, 1.37, 2.36, 2.17, 5.45, 2.99, 9.14, 3.77, 5.42, 2.36, 4.28, 9.71, 3.83, 2.95, 2.75, 4.19, 2.0, 3.26, 1.62, 7.5, 7.69, 8.53, 3.84, 1.06, 0.91, 0.89, 1.91, 1.53, 9.2, 2.44, 7.09, 8.0, 3.56, 8.56, 2.56, 3.11, 7.21, 1.37, 5.01, 3.97, 2.39, 11.16, 5.63, 7.11, 2.91, 9.52, 6.54, 2.07, 0.47, 6.14, 5.93, 1.0, 8.57, 1.95, 10.19, 4.74, 0.56], [16.29, 8.87, 13.83, 4.55, 0.0, 6.73, 5.05, 4.13, 2.77, 2.05, 8.41, 11.67, 8.59, 2.68, 7.36, 16.98, 6.68, 2.54, 3.56, 21.51, 3.46, 9.41, 2.98, 11.89, 12.12, 6.98, 2.68, 5.95, 1.25, 6.85, 17.29, 3.67, 7.38, 5.68, 22.8, 9.16, 3.31, 15.41, 7.81, 4.28, 9.72, 4.38, 10.08, 15.23, 2.42, 6.13, 20.42, 3.88, 5.53, 20.82, 1.6, 13.2, 9.38, 1.69, 14.66, 8.33, 1.39, 3.63, 0.94, 14.57, 14.22, 2.94, 3.57, 6.91, 8.21, 7.73, 6.15, 17.8, 3.32, 12.34, 9.59, 1.84, 3.24, 13.24, 2.15], [4.19, 2.58, 1.97, 0.8, 10.64, 0.0, 1.85, 4.04, 6.81, 1.63, 1.99, 0.76, 7.05, 3.57, 1.69, 7.13, 0.23, 5.28, 1.0, 10.08, 0.88, 6.37, 7.34, 4.04, 9.98, 2.26, 5.23, 5.2, 9.95, 8.16, 5.75, 3.81, 1.4, 8.06, 1.32, 3.49, 8.18, 8.22, 7.43, 11.55, 3.85, 1.08, 2.7, 5.5, 1.4, 4.03, 8.43, 1.27, 4.16, 8.94, 4.6, 9.64, 2.04, 1.77, 2.33, 1.2, 6.26, 8.52, 6.04, 5.27, 1.88, 3.51, 2.9, 8.63, 7.47, 1.4, 1.28, 4.84, 0.9, 0.51, 2.87, 8.51, 1.21, 0.46, 2.53], [7.34, 4.79, 5.42, 1.13, 2.84, 0.93, 0.0, 1.42, 8.06, 3.76, 6.31, 1.11, 5.37, 3.48, 7.52, 2.04, 2.78, 1.76, 3.6, 4.8, 5.33, 10.07, 1.22, 1.79, 2.35, 8.45, 10.09, 3.41, 14.8, 8.62, 7.24, 4.36, 2.26, 3.2, 1.9, 1.14, 8.09, 2.99, 10.24, 10.69, 12.32, 3.52, 1.09, 3.91, 5.48, 8.28, 6.5, 8.31, 10.74, 1.74, 8.81, 4.85, 5.48, 1.68, 3.24, 0.3, 6.35, 1.88, 10.92, 11.06, 3.53, 1.15, 4.02, 3.43, 5.23, 1.0, 1.92, 4.01, 3.13, 1.18, 1.56, 7.67, 5.39, 1.85, 3.61], [3.85, 11.6, 8.93, 4.69, 10.27, 1.53, 4.94, 0.0, 6.19, 9.7, 7.34, 6.55, 10.3, 1.38, 2.82, 0.29, 2.27, 3.79, 4.54, 1.09, 3.3, 12.76, 12.75, 2.45, 0.43, 10.17, 14.39, 3.38, 9.61, 8.26, 5.23, 10.94, 6.46, 0.0, 2.22, 5.04, 4.25, 1.38, 3.63, 6.22, 12.68, 1.58, 2.59, 6.63, 7.73, 7.02, 3.24, 7.39, 5.47, 2.0, 8.83, 2.82, 6.38, 4.11, 1.27, 5.59, 6.29, 5.01, 18.72, 12.24, 2.09, 0.61, 4.48, 4.52, 2.83, 3.22, 6.29, 1.1, 4.4, 4.8, 3.1, 16.75, 2.68, 3.01, 4.42], [11.7, 4.52, 2.95, 1.01, 1.64, 6.97, 7.84, 9.33, 0.0, 1.16, 3.4, 3.18, 4.48, 2.32, 5.32, 6.49, 8.65, 2.48, 13.04, 9.78, 4.85, 1.83, 1.41, 3.74, 8.02, 5.22, 0.36, 8.57, 1.0, 9.46, 14.0, 11.19, 4.93, 15.84, 7.96, 12.76, 4.77, 4.25, 8.71, 4.71, 9.23, 11.28, 1.43, 10.63, 1.14, 2.07, 8.34, 2.74, 2.72, 14.91, 3.0, 15.65, 4.44, 8.24, 15.66, 7.36, 0.86, 7.29, 1.48, 9.2, 3.05, 14.98, 9.96, 3.37, 11.75, 8.83, 7.03, 4.2, 13.32, 6.41, 12.76, 1.68, 16.25, 9.95, 6.64], [8.36, 0.27, 6.88, 0.95, 2.69, 1.68, 8.32, 8.94, 1.98, 0.0, 0.77, 2.49, 2.35, 1.88, 2.32, 2.99, 2.08, 3.33, 3.67, 8.36, 5.49, 4.12, 1.19, 2.7, 1.82, 5.43, 1.73, 2.08, 1.7, 4.23, 7.52, 6.3, 6.23, 11.69, 15.68, 5.66, 1.99, 9.14, 7.95, 1.24, 2.7, 8.25, 3.43, 5.97, 5.59, 0.47, 5.72, 0.46, 2.37, 5.42, 0.36, 4.14, 1.97, 3.36, 10.17, 1.48, 0.9, 4.73, 3.41, 6.82, 5.93, 6.54, 15.04, 9.22, 10.27, 2.81, 4.1, 10.37, 2.4, 8.32, 13.88, 6.7, 6.08, 9.25, 1.83], [6.72, 1.34, 3.18, 0.59, 2.21, 3.46, 0.99, 1.88, 5.53, 1.2, 0.0, 1.6, 2.28, 3.71, 1.87, 5.93, 1.48, 4.22, 1.41, 8.6, 0.77, 5.46, 3.58, 1.61, 9.75, 1.14, 3.25, 5.89, 3.18, 8.42, 1.8, 1.23, 3.54, 2.46, 11.56, 5.79, 1.98, 5.73, 7.19, 8.67, 1.49, 2.51, 1.85, 4.83, 3.71, 1.83, 11.6, 0.62, 2.17, 6.63, 1.45, 4.58, 4.74, 2.18, 2.97, 3.72, 1.37, 5.32, 5.79, 1.96, 7.1, 1.98, 12.34, 7.48, 6.0, 2.11, 1.3, 1.47, 10.91, 1.8, 3.35, 6.77, 1.46, 4.04, 0.51], [10.78, 3.16, 9.0, 0.96, 10.18, 3.33, 1.12, 5.34, 2.08, 3.4, 0.65, 0.0, 7.48, 1.12, 9.64, 2.72, 2.08, 1.08, 1.21, 4.82, 2.32, 7.39, 1.56, 3.26, 4.24, 4.8, 8.9, 2.79, 11.07, 7.44, 0.62, 10.74, 3.57, 3.49, 5.65, 0.89, 1.4, 4.59, 9.73, 2.55, 4.52, 2.2, 1.4, 4.45, 6.21, 2.24, 1.01, 0.82, 3.79, 1.36, 5.94, 12.06, 4.85, 3.42, 6.77, 0.49, 10.62, 2.77, 5.68, 9.2, 4.23, 1.5, 11.51, 2.07, 5.21, 1.81, 3.39, 5.34, 5.82, 0.89, 5.22, 8.33, 3.48, 3.36, 1.52], [15.25, 5.84, 1.79, 7.78, 1.91, 2.47, 7.33, 9.91, 5.28, 8.86, 6.05, 10.97, 0.0, 4.52, 1.75, 12.16, 6.11, 6.84, 11.38, 5.51, 3.0, 9.35, 3.77, 10.52, 6.81, 4.25, 6.2, 13.24, 9.75, 16.89, 4.24, 1.39, 2.49, 2.52, 5.46, 2.23, 8.31, 12.24, 18.56, 14.83, 7.52, 9.17, 9.86, 4.72, 4.17, 11.28, 4.96, 3.64, 11.12, 11.22, 10.11, 1.95, 11.3, 3.84, 9.64, 5.44, 11.3, 6.66, 3.27, 18.93, 3.99, 10.1, 4.54, 4.15, 13.15, 1.34, 8.24, 12.93, 3.86, 4.68, 6.65, 3.22, 1.42, 0.82, 9.06], [11.75, 4.41, 3.07, 1.36, 6.18, 1.84, 5.15, 11.44, 7.29, 7.49, 1.31, 5.81, 1.08, 0.0, 1.2, 12.61, 0.96, 8.76, 9.94, 12.15, 0.0, 3.35, 7.54, 9.44, 1.98, 1.13, 8.61, 5.51, 7.23, 15.29, 4.27, 1.2, 0.42, 6.74, 7.4, 4.11, 2.39, 5.57, 3.24, 10.14, 10.29, 5.73, 5.96, 7.08, 0.55, 8.24, 2.81, 3.26, 3.17, 3.92, 5.0, 6.76, 2.64, 2.41, 8.21, 4.26, 2.81, 10.91, 8.74, 1.72, 8.64, 2.97, 4.01, 5.58, 15.16, 0.47, 4.0, 4.52, 8.05, 1.72, 9.16, 14.75, 9.29, 4.32, 2.69], [10.26, 8.1, 6.51, 5.36, 0.88, 3.97, 6.71, 13.01, 4.72, 6.29, 1.28, 7.5, 4.68, 2.13, 0.0, 3.29, 5.48, 6.02, 11.07, 11.52, 0.23, 11.8, 4.95, 9.74, 6.09, 0.72, 3.3, 11.96, 2.86, 16.03, 11.23, 4.53, 0.64, 10.63, 3.82, 7.42, 2.09, 13.87, 7.68, 8.82, 11.7, 5.71, 3.35, 5.5, 2.4, 2.47, 11.45, 8.47, 1.43, 4.54, 5.85, 4.76, 6.93, 3.81, 4.11, 4.97, 5.75, 8.84, 1.01, 12.89, 11.27, 4.0, 7.57, 7.12, 11.31, 2.49, 5.4, 10.31, 2.02, 4.32, 6.29, 5.37, 2.59, 4.83, 1.71], [5.67, 4.12, 10.88, 7.84, 15.96, 9.13, 1.99, 0.96, 16.97, 5.82, 6.09, 2.67, 11.64, 4.29, 10.25, 0.0, 7.09, 16.75, 3.87, 2.06, 7.72, 5.04, 4.72, 1.71, 0.86, 11.79, 2.45, 1.27, 3.71, 12.5, 6.83, 2.07, 1.91, 0.97, 3.59, 4.95, 3.74, 3.7, 4.85, 9.6, 8.29, 2.86, 9.37, 8.05, 1.39, 10.15, 1.35, 4.93, 2.37, 3.08, 4.92, 8.97, 13.77, 8.33, 4.72, 5.51, 7.1, 6.84, 12.62, 4.35, 4.68, 2.86, 9.46, 2.15, 9.22, 8.87, 2.39, 0.52, 5.06, 3.96, 3.67, 9.33, 5.3, 5.57, 7.3], [7.92, 3.98, 4.19, 1.41, 5.11, 0.79, 1.22, 4.33, 6.62, 5.54, 1.08, 2.83, 6.83, 3.75, 6.12, 7.19, 0.0, 7.54, 4.13, 9.21, 4.07, 4.59, 7.41, 3.76, 2.13, 5.42, 8.41, 4.76, 2.63, 2.46, 6.68, 3.72, 0.46, 5.32, 4.8, 2.02, 2.48, 5.88, 8.38, 2.27, 10.34, 1.32, 0.81, 3.45, 2.04, 4.51, 9.82, 1.81, 9.57, 3.48, 4.53, 4.36, 5.22, 0.57, 1.46, 1.67, 2.6, 7.47, 10.99, 11.94, 3.11, 1.79, 6.22, 5.56, 6.58, 1.84, 1.53, 1.57, 6.25, 0.3, 4.76, 13.38, 3.3, 1.3, 3.2], [3.19, 2.49, 4.83, 2.94, 5.58, 10.16, 4.11, 13.11, 1.93, 2.9, 3.75, 5.25, 15.78, 8.86, 1.43, 4.56, 9.44, 0.0, 10.81, 15.85, 2.07, 0.32, 1.26, 2.76, 5.94, 1.4, 3.87, 5.3, 8.31, 5.9, 5.46, 16.34, 4.71, 1.76, 3.3, 6.19, 4.98, 3.22, 8.8, 1.97, 3.81, 3.54, 4.09, 5.76, 9.86, 1.61, 14.97, 2.79, 0.22, 11.49, 5.21, 17.58, 0.57, 6.63, 4.47, 5.49, 7.16, 5.65, 4.25, 2.09, 9.24, 10.19, 11.79, 13.07, 2.35, 2.42, 4.45, 10.79, 12.61, 7.68, 13.49, 2.25, 19.28, 6.74, 6.42], [6.35, 5.79, 4.76, 1.84, 15.2, 5.05, 3.95, 5.3, 5.04, 6.55, 6.29, 2.19, 15.13, 6.13, 9.67, 4.48, 5.74, 3.77, 0.0, 0.57, 7.98, 5.43, 7.67, 4.38, 6.47, 1.31, 7.43, 4.11, 4.27, 9.81, 0.66, 8.33, 7.98, 4.85, 2.64, 5.07, 2.6, 2.54, 2.24, 2.21, 7.46, 2.64, 0.88, 2.97, 9.96, 1.04, 4.21, 3.75, 10.32, 4.98, 2.6, 7.61, 2.26, 8.09, 10.32, 4.15, 4.1, 1.2, 16.22, 1.44, 0.0, 2.86, 10.35, 0.48, 1.83, 9.91, 6.84, 3.56, 7.59, 5.08, 2.89, 2.91, 10.23, 2.58, 4.47], [9.49, 6.98, 13.44, 1.35, 8.85, 9.07, 1.83, 0.73, 8.18, 2.28, 10.66, 4.75, 1.92, 2.83, 7.38, 0.94, 9.62, 9.0, 2.85, 0.0, 5.74, 10.24, 4.84, 5.06, 1.05, 3.97, 11.16, 6.99, 8.79, 6.19, 5.4, 2.69, 4.83, 0.65, 1.09, 9.16, 2.32, 8.2, 2.15, 3.43, 3.78, 2.37, 7.16, 2.12, 13.45, 10.39, 0.31, 13.51, 10.3, 1.52, 5.92, 5.11, 11.63, 1.93, 7.46, 2.6, 19.81, 4.03, 15.62, 14.91, 1.1, 4.73, 6.15, 2.76, 2.59, 8.7, 7.09, 1.05, 5.25, 8.26, 7.14, 11.22, 3.36, 4.12, 1.96], [17.0, 7.48, 2.19, 1.93, 6.62, 1.85, 6.79, 5.62, 7.56, 4.09, 0.92, 5.7, 2.14, 0.0, 2.01, 10.03, 3.0, 7.63, 11.73, 4.31, 0.0, 5.56, 3.61, 2.1, 5.39, 0.72, 6.87, 8.52, 2.93, 3.04, 4.15, 2.6, 0.84, 1.53, 6.64, 4.67, 4.97, 10.74, 11.38, 7.8, 9.6, 9.02, 5.33, 9.35, 0.39, 2.93, 1.63, 3.87, 9.47, 5.34, 6.11, 5.06, 5.89, 1.64, 6.31, 0.91, 2.77, 9.11, 7.25, 10.51, 2.82, 7.21, 5.38, 4.81, 6.79, 1.89, 3.39, 10.72, 7.96, 3.17, 5.25, 8.96, 10.48, 5.65, 2.31], [1.91, 0.72, 13.08, 3.3, 8.89, 5.77, 6.68, 14.31, 3.35, 1.24, 5.01, 3.66, 9.79, 1.81, 12.93, 13.16, 10.59, 1.19, 6.76, 4.69, 10.25, 0.0, 0.83, 4.29, 10.21, 3.47, 3.08, 1.66, 11.13, 3.46, 1.66, 11.59, 1.26, 10.92, 14.18, 4.96, 3.79, 3.25, 2.51, 4.17, 1.46, 2.94, 6.77, 7.58, 5.96, 2.86, 13.74, 2.63, 0.64, 4.33, 5.26, 15.21, 0.16, 9.35, 8.0, 3.2, 2.16, 5.36, 2.47, 2.74, 5.06, 2.69, 7.9, 8.81, 3.23, 11.85, 2.02, 9.09, 13.23, 1.55, 3.73, 1.86, 11.67, 6.05, 5.26], [9.25, 2.43, 7.52, 3.19, 5.88, 2.05, 1.91, 3.56, 1.93, 1.7, 1.75, 4.58, 3.45, 5.7, 8.81, 10.63, 2.26, 1.57, 3.9, 14.84, 5.31, 2.22, 0.0, 4.34, 13.62, 2.74, 0.7, 8.41, 1.11, 8.4, 10.68, 12.22, 0.88, 9.73, 18.17, 12.36, 6.97, 7.66, 3.36, 8.82, 1.12, 3.75, 1.31, 3.83, 5.28, 1.4, 2.5, 0.79, 2.58, 15.81, 1.52, 16.22, 0.72, 6.61, 8.78, 4.71, 0.81, 3.27, 1.67, 6.22, 8.33, 12.95, 11.1, 12.4, 11.38, 1.27, 3.36, 11.49, 13.67, 2.25, 4.16, 3.02, 13.22, 1.27, 1.32], [2.87, 1.73, 3.67, 3.43, 7.92, 7.08, 7.11, 7.28, 6.26, 1.08, 2.6, 1.81, 12.53, 3.33, 10.83, 3.06, 3.64, 3.61, 4.68, 4.33, 8.94, 3.66, 2.07, 0.0, 4.4, 5.67, 6.53, 0.34, 4.72, 6.86, 4.32, 8.72, 1.59, 2.45, 7.47, 2.35, 1.41, 3.8, 2.6, 0.85, 3.19, 1.75, 3.4, 2.86, 5.23, 2.29, 3.69, 5.04, 2.73, 4.7, 5.93, 1.84, 2.04, 1.12, 7.65, 1.82, 6.42, 2.25, 2.85, 7.32, 0.93, 9.67, 12.11, 5.58, 1.01, 7.0, 4.2, 8.79, 8.01, 7.01, 4.84, 6.77, 10.37, 3.96, 2.55], [14.7, 8.93, 7.66, 5.4, 17.16, 7.32, 1.93, 1.98, 7.09, 14.68, 1.42, 1.38, 13.04, 4.31, 7.01, 0.25, 7.46, 4.09, 5.66, 3.47, 3.7, 12.46, 10.9, 11.22, 0.0, 5.49, 10.09, 1.92, 18.73, 13.96, 2.08, 10.86, 10.81, 1.76, 0.96, 2.72, 5.5, 10.92, 4.54, 8.5, 3.5, 5.09, 10.73, 3.62, 6.4, 3.37, 4.57, 1.66, 14.4, 0.45, 2.3, 5.26, 12.59, 7.91, 0.59, 4.61, 4.35, 7.38, 12.35, 5.61, 3.66, 3.36, 7.54, 3.48, 1.9, 10.2, 8.85, 0.63, 1.19, 1.46, 0.79, 17.88, 5.39, 3.06, 10.03], [6.49, 3.06, 5.4, 3.19, 2.34, 2.7, 2.53, 9.66, 2.16, 4.67, 3.84, 6.65, 3.09, 1.75, 0.56, 5.1, 3.0, 2.07, 12.07, 8.03, 0.66, 7.82, 6.96, 2.21, 13.39, 0.0, 5.66, 4.82, 3.28, 12.67, 7.41, 6.09, 2.4, 5.89, 10.46, 6.95, 7.5, 2.38, 8.38, 4.77, 10.01, 2.73, 0.62, 1.66, 1.36, 4.94, 12.34, 6.1, 7.27, 9.41, 1.23, 6.59, 3.16, 1.25, 6.03, 6.73, 1.13, 3.47, 6.31, 5.9, 4.6, 3.28, 9.88, 11.08, 6.04, 1.67, 2.55, 12.73, 2.12, 1.34, 10.14, 2.27, 9.2, 2.79, 1.63], [7.18, 0.68, 7.51, 5.13, 2.43, 2.22, 6.03, 7.8, 1.32, 2.19, 1.38, 6.61, 1.88, 7.36, 6.74, 4.44, 4.43, 1.58, 5.53, 2.1, 8.87, 1.89, 0.29, 5.0, 13.51, 3.75, 0.0, 7.77, 2.95, 8.88, 6.05, 6.32, 6.6, 1.71, 13.55, 2.13, 2.39, 4.41, 5.09, 7.05, 9.82, 3.92, 4.42, 8.28, 1.03, 2.22, 11.97, 0.8, 1.89, 9.25, 0.38, 2.71, 1.65, 6.11, 13.55, 8.19, 1.52, 7.77, 3.84, 4.22, 10.16, 8.93, 11.7, 14.9, 2.37, 9.94, 3.66, 9.29, 12.76, 6.6, 4.51, 3.64, 17.86, 4.47, 5.42], [3.83, 5.58, 7.75, 5.83, 11.56, 4.5, 3.94, 8.4, 1.44, 5.48, 4.19, 1.03, 9.07, 9.8, 7.88, 8.81, 5.35, 5.58, 4.12, 7.97, 9.56, 5.23, 6.31, 0.31, 7.26, 9.96, 4.48, 0.0, 3.33, 2.84, 3.2, 12.83, 3.12, 1.32, 1.45, 5.56, 0.71, 2.31, 4.11, 4.04, 2.36, 0.74, 5.01, 1.13, 4.24, 0.8, 8.04, 3.18, 1.38, 4.45, 6.37, 12.67, 1.04, 8.53, 2.27, 4.05, 2.6, 0.38, 7.79, 3.86, 2.2, 6.43, 6.68, 3.01, 0.93, 8.78, 2.03, 1.11, 6.05, 0.78, 7.53, 2.01, 2.33, 4.15, 1.99], [7.66, 3.83, 10.6, 6.23, 0.78, 9.67, 13.03, 5.7, 1.76, 7.41, 10.59, 8.68, 4.13, 2.09, 4.25, 7.11, 11.85, 5.96, 11.42, 7.03, 1.08, 9.57, 7.22, 3.05, 3.98, 7.75, 5.3, 9.41, 0.0, 10.27, 12.7, 8.59, 2.21, 14.29, 18.59, 13.77, 8.32, 18.35, 3.36, 1.78, 2.04, 6.54, 5.2, 7.88, 6.48, 1.49, 15.69, 5.64, 5.94, 10.99, 1.94, 8.03, 8.43, 9.13, 17.45, 15.76, 0.77, 3.01, 1.67, 5.48, 18.51, 5.41, 6.71, 17.32, 7.81, 11.18, 2.42, 19.45, 4.07, 9.24, 17.41, 10.36, 20.57, 5.49, 10.04], [0.98, 5.0, 17.98, 8.96, 6.14, 6.69, 6.87, 16.72, 9.58, 6.56, 10.49, 6.38, 12.08, 12.16, 14.19, 11.17, 2.86, 3.15, 10.49, 3.61, 13.95, 5.17, 5.07, 4.73, 16.99, 8.98, 8.13, 5.72, 6.83, 0.0, 5.74, 16.32, 15.53, 5.75, 13.21, 11.98, 1.0, 3.14, 2.07, 3.11, 2.28, 7.84, 11.1, 4.09, 12.62, 5.94, 14.26, 1.13, 6.16, 18.6, 10.67, 21.39, 2.9, 6.19, 15.81, 1.58, 9.94, 2.57, 11.12, 0.82, 5.18, 14.54, 12.05, 7.18, 5.71, 7.81, 11.63, 10.75, 8.06, 8.76, 8.42, 2.63, 11.99, 2.8, 10.13], [3.07, 8.21, 12.45, 5.08, 17.41, 4.99, 1.67, 3.76, 13.0, 9.53, 0.95, 1.3, 13.14, 4.47, 9.38, 3.04, 5.67, 6.23, 0.76, 4.62, 11.86, 1.13, 5.6, 3.18, 8.48, 12.87, 2.6, 2.15, 14.69, 5.92, 0.0, 8.66, 10.78, 2.78, 2.85, 3.01, 1.26, 2.46, 6.03, 5.38, 4.67, 4.02, 2.71, 0.51, 5.99, 2.32, 3.85, 3.71, 2.44, 5.41, 2.67, 4.12, 1.13, 8.57, 3.38, 1.36, 8.51, 1.31, 3.67, 1.74, 0.7, 5.22, 4.55, 1.97, 1.15, 1.27, 4.08, 4.2, 4.61, 4.49, 2.45, 8.71, 5.56, 3.84, 4.0], [19.86, 5.43, 0.8, 8.21, 11.02, 5.01, 2.6, 11.01, 13.49, 10.08, 4.88, 2.95, 1.41, 4.66, 2.88, 2.39, 1.97, 15.57, 4.93, 11.02, 3.35, 10.27, 6.14, 11.46, 7.27, 5.92, 9.24, 11.73, 7.7, 12.68, 5.16, 0.0, 5.89, 8.19, 15.65, 1.95, 4.87, 16.61, 2.91, 10.31, 7.23, 9.02, 8.22, 13.33, 5.79, 5.63, 13.02, 8.7, 12.05, 2.78, 4.9, 2.62, 10.14, 1.91, 4.79, 2.64, 4.94, 13.84, 4.31, 13.77, 8.95, 1.47, 4.07, 8.87, 15.36, 2.27, 2.85, 11.76, 3.82, 2.28, 4.16, 13.6, 6.18, 4.74, 4.26], [15.66, 6.36, 6.41, 2.21, 2.33, 2.22, 5.59, 5.82, 1.95, 3.09, 3.51, 3.28, 3.21, 0.34, 2.98, 10.63, 2.39, 10.68, 6.86, 2.91, 0.6, 5.1, 5.71, 3.82, 10.06, 0.94, 6.84, 2.54, 4.42, 3.1, 6.19, 5.69, 0.0, 8.48, 10.4, 0.99, 9.4, 8.88, 4.19, 4.83, 5.72, 4.75, 0.93, 3.44, 0.23, 3.84, 5.7, 6.13, 2.53, 5.29, 2.15, 7.6, 7.94, 1.78, 8.68, 1.77, 2.29, 3.32, 9.2, 10.6, 2.42, 8.51, 3.25, 5.73, 13.02, 1.8, 1.99, 7.3, 1.75, 1.33, 6.37, 9.59, 3.43, 1.94, 3.39], [15.18, 6.83, 2.29, 1.55, 2.51, 2.23, 2.73, 0.0, 3.68, 2.54, 3.33, 2.14, 9.24, 12.07, 13.55, 0.41, 6.67, 6.48, 3.68, 0.85, 6.32, 9.1, 6.62, 2.86, 0.54, 11.22, 11.39, 2.8, 17.36, 7.08, 1.85, 5.62, 7.22, 0.0, 3.46, 2.13, 8.02, 1.6, 2.17, 6.18, 6.16, 3.45, 8.06, 7.68, 4.65, 12.0, 2.51, 4.43, 12.27, 1.79, 1.66, 9.58, 7.23, 4.16, 1.03, 5.21, 5.87, 5.8, 9.68, 2.37, 2.91, 0.87, 9.69, 5.77, 2.33, 2.77, 9.09, 1.22, 0.64, 4.08, 2.67, 16.57, 1.35, 3.68, 8.42], [2.3, 13.85, 9.25, 10.73, 6.37, 1.74, 8.68, 3.74, 11.86, 9.41, 13.7, 9.26, 13.11, 2.04, 4.82, 1.11, 8.85, 7.77, 3.37, 0.87, 13.68, 4.07, 6.35, 2.75, 1.75, 6.98, 14.71, 6.6, 9.33, 10.17, 2.1, 10.69, 7.01, 2.79, 0.0, 5.87, 4.65, 6.18, 1.29, 10.21, 2.41, 3.72, 6.7, 8.49, 10.68, 2.69, 1.22, 2.38, 2.78, 6.86, 15.12, 13.43, 11.74, 6.64, 5.04, 7.67, 2.77, 6.62, 3.94, 15.44, 1.37, 4.33, 5.82, 3.88, 5.7, 2.43, 3.6, 3.44, 7.46, 2.76, 4.43, 16.72, 9.67, 8.35, 4.09], [7.85, 4.6, 4.7, 4.0, 13.0, 3.43, 0.61, 0.84, 2.22, 1.28, 4.51, 4.0, 7.04, 2.67, 3.03, 4.21, 0.45, 5.34, 6.09, 1.42, 1.19, 10.56, 3.44, 7.49, 4.11, 7.7, 6.77, 5.75, 12.46, 15.07, 5.55, 1.58, 5.18, 5.44, 4.46, 0.0, 1.68, 3.34, 5.48, 7.81, 5.28, 4.09, 1.8, 7.91, 3.85, 3.51, 5.82, 9.7, 6.68, 1.64, 1.34, 2.63, 1.87, 0.46, 4.04, 1.13, 4.82, 6.88, 3.3, 6.78, 1.82, 3.36, 2.04, 8.31, 2.6, 0.41, 2.7, 6.44, 2.71, 1.32, 1.5, 10.46, 4.04, 0.41, 2.15], [1.98, 1.57, 8.31, 1.31, 10.67, 5.76, 3.72, 9.76, 9.52, 5.37, 4.53, 4.09, 7.48, 5.76, 6.23, 5.92, 1.8, 1.62, 2.23, 1.34, 10.79, 2.0, 6.56, 0.69, 2.27, 4.9, 5.79, 1.53, 7.45, 1.79, 5.2, 13.93, 6.04, 5.97, 2.78, 9.34, 0.0, 2.1, 3.75, 0.91, 1.24, 4.52, 1.36, 1.35, 9.32, 2.85, 7.86, 1.54, 1.94, 13.8, 4.31, 17.79, 0.86, 4.59, 12.26, 1.74, 1.37, 0.78, 4.99, 4.83, 4.27, 6.54, 12.84, 7.18, 2.97, 11.87, 1.23, 5.03, 12.05, 2.45, 4.76, 1.11, 6.56, 4.8, 3.72], [3.12, 3.72, 8.86, 8.5, 13.81, 10.51, 9.46, 10.45, 10.63, 2.15, 5.38, 0.8, 9.84, 4.79, 13.37, 2.2, 2.01, 3.61, 4.57, 4.25, 2.49, 6.83, 2.36, 3.49, 3.77, 10.32, 6.13, 2.86, 17.88, 5.23, 1.54, 11.19, 4.17, 6.23, 4.21, 5.74, 2.87, 0.0, 6.31, 2.95, 2.6, 2.86, 3.23, 1.63, 1.32, 3.13, 8.66, 4.43, 1.37, 13.63, 2.04, 15.68, 6.59, 2.02, 11.7, 5.64, 14.41, 0.39, 11.55, 1.48, 2.12, 2.92, 6.33, 6.9, 1.73, 3.75, 4.82, 4.8, 8.9, 3.58, 13.92, 6.38, 9.08, 6.25, 4.73], [6.07, 12.18, 17.87, 12.96, 20.62, 7.68, 6.06, 1.22, 8.33, 11.16, 4.01, 5.31, 3.18, 7.04, 3.0, 5.07, 8.4, 14.45, 4.03, 2.43, 3.41, 3.45, 7.52, 7.69, 7.17, 13.04, 8.21, 6.68, 16.0, 7.52, 3.9, 13.89, 10.63, 5.92, 0.81, 3.93, 10.52, 9.4, 0.0, 4.03, 5.87, 2.38, 8.9, 5.31, 2.65, 11.32, 0.94, 5.74, 4.27, 7.0, 7.01, 13.74, 16.13, 12.5, 7.77, 7.94, 21.15, 2.64, 8.77, 14.24, 3.92, 3.04, 13.29, 2.13, 3.52, 9.21, 4.69, 1.21, 7.17, 7.82, 6.61, 15.77, 1.67, 12.14, 8.61], [2.92, 1.45, 18.42, 5.02, 4.82, 5.3, 12.3, 12.0, 5.03, 2.75, 1.89, 4.87, 17.77, 9.36, 5.89, 10.11, 12.12, 3.91, 8.02, 4.78, 3.04, 5.22, 3.52, 2.24, 14.57, 5.05, 4.46, 0.8, 11.6, 3.35, 4.17, 2.94, 10.72, 9.07, 13.46, 4.83, 2.8, 1.26, 4.28, 0.0, 0.0, 1.43, 4.74, 1.03, 11.09, 4.74, 7.24, 5.45, 2.0, 6.13, 9.77, 7.17, 5.03, 7.08, 12.28, 5.28, 2.82, 1.52, 13.93, 0.95, 3.39, 2.41, 6.36, 5.26, 2.63, 13.07, 9.07, 1.28, 7.36, 8.95, 10.99, 1.01, 11.6, 9.41, 3.84], [1.77, 3.49, 18.05, 7.59, 1.76, 7.49, 3.67, 12.37, 3.7, 6.34, 5.94, 1.04, 14.36, 4.68, 5.37, 4.53, 1.95, 2.78, 4.21, 5.86, 4.01, 1.75, 3.47, 1.07, 2.85, 12.32, 7.82, 0.66, 5.99, 1.18, 5.91, 17.94, 4.56, 5.66, 7.25, 14.39, 1.53, 1.85, 4.36, 0.0, 0.0, 9.25, 7.99, 4.28, 10.9, 3.77, 10.35, 3.78, 5.53, 9.51, 3.34, 15.75, 1.89, 2.15, 9.8, 4.63, 13.96, 2.23, 12.62, 3.71, 3.91, 13.84, 5.78, 2.97, 0.89, 8.59, 6.13, 2.12, 11.56, 6.26, 11.2, 4.55, 7.86, 11.19, 9.69], [5.99, 1.29, 6.42, 3.44, 11.89, 3.98, 1.7, 2.29, 7.79, 7.76, 5.37, 2.09, 10.16, 6.06, 3.96, 5.46, 3.32, 2.34, 2.01, 4.94, 8.06, 4.54, 1.29, 3.27, 2.05, 1.4, 3.89, 0.94, 9.98, 2.05, 3.63, 9.17, 3.21, 3.16, 5.26, 3.66, 6.0, 3.38, 5.0, 9.05, 6.63, 0.0, 4.06, 4.02, 3.77, 2.62, 1.09, 1.01, 4.98, 3.4, 4.02, 10.56, 8.91, 6.43, 5.4, 3.02, 2.99, 5.93, 11.41, 8.87, 2.41, 4.95, 8.11, 5.09, 3.53, 7.49, 2.79, 2.26, 7.01, 1.19, 5.06, 3.46, 3.24, 4.47, 5.06], [7.93, 2.17, 4.1, 0.31, 8.38, 0.8, 3.18, 6.43, 0.87, 2.13, 1.56, 1.75, 3.04, 1.42, 6.7, 3.19, 2.17, 8.06, 2.0, 2.99, 3.89, 6.9, 2.33, 3.57, 2.09, 1.11, 2.97, 1.6, 4.05, 6.48, 4.7, 7.31, 1.72, 8.05, 4.34, 2.43, 3.64, 3.68, 5.85, 4.28, 6.37, 1.1, 0.0, 3.19, 1.87, 0.51, 7.8, 3.17, 6.88, 6.99, 1.31, 8.92, 1.56, 2.37, 7.06, 3.24, 8.84, 2.09, 7.51, 9.84, 4.73, 3.83, 3.91, 2.13, 7.53, 1.01, 1.83, 6.89, 8.15, 3.32, 6.76, 4.5, 6.32, 1.4, 1.14], [2.46, 6.37, 1.81, 7.16, 12.45, 4.5, 3.18, 4.24, 9.35, 8.73, 6.57, 4.9, 6.39, 10.09, 6.95, 5.93, 5.67, 2.77, 2.48, 4.46, 9.71, 6.33, 6.74, 3.26, 10.04, 11.27, 9.52, 0.26, 6.88, 3.29, 0.33, 11.14, 8.6, 1.33, 3.02, 6.7, 0.89, 1.35, 5.36, 4.63, 4.75, 2.37, 2.02, 0.0, 2.51, 4.12, 6.8, 3.04, 2.84, 5.14, 4.68, 14.51, 5.26, 11.0, 11.54, 2.65, 9.79, 2.82, 12.58, 2.5, 0.71, 3.75, 5.15, 4.85, 1.6, 3.05, 7.88, 0.81, 1.58, 4.73, 5.51, 4.32, 3.52, 1.14, 4.2], [7.28, 0.99, 5.05, 3.9, 2.4, 3.54, 2.37, 1.66, 2.32, 5.25, 1.54, 4.97, 1.33, 1.29, 2.1, 5.25, 1.63, 4.67, 6.79, 8.05, 0.43, 1.25, 0.92, 6.71, 11.86, 0.9, 4.62, 1.74, 7.49, 9.16, 11.17, 1.47, 0.84, 2.9, 10.74, 5.9, 9.15, 11.12, 16.37, 13.59, 1.52, 5.48, 3.49, 11.01, 0.0, 0.9, 10.26, 7.47, 5.03, 3.72, 2.18, 7.42, 4.81, 1.73, 7.51, 2.76, 4.72, 9.56, 0.91, 13.97, 3.94, 5.04, 6.11, 12.48, 9.07, 3.94, 2.66, 1.7, 4.28, 1.28, 8.22, 7.38, 9.35, 5.36, 1.59], [6.48, 0.41, 7.73, 1.8, 7.11, 6.09, 8.77, 3.66, 3.56, 1.37, 1.25, 2.12, 11.21, 2.55, 8.28, 5.11, 4.56, 2.03, 5.92, 5.2, 8.47, 3.17, 1.25, 1.43, 3.69, 2.71, 1.79, 3.29, 4.04, 3.69, 5.74, 4.43, 1.72, 12.23, 9.92, 4.33, 1.15, 2.85, 11.27, 2.02, 2.05, 5.64, 3.7, 6.68, 1.78, 0.0, 4.96, 0.69, 2.99, 7.87, 2.26, 7.34, 2.13, 7.79, 13.92, 4.03, 2.12, 2.11, 5.15, 1.94, 7.66, 6.72, 4.01, 2.79, 1.35, 5.33, 3.51, 9.55, 8.79, 4.91, 2.68, 4.05, 3.39, 2.31, 1.65], [4.53, 5.65, 3.08, 7.16, 15.71, 3.29, 1.33, 0.86, 3.96, 7.84, 7.6, 8.34, 10.73, 3.31, 4.33, 0.97, 9.85, 4.14, 2.34, 0.32, 9.61, 6.25, 4.74, 4.97, 1.52, 11.69, 4.09, 6.03, 22.41, 10.24, 2.63, 14.73, 8.4, 2.34, 1.7, 2.23, 5.55, 1.68, 2.13, 2.15, 6.51, 5.24, 2.18, 5.3, 12.01, 4.07, 0.0, 5.9, 14.42, 1.74, 9.36, 7.07, 5.43, 1.43, 8.86, 3.93, 8.15, 7.22, 4.44, 12.54, 2.64, 2.8, 5.43, 0.54, 3.34, 8.22, 10.66, 0.83, 4.31, 6.96, 4.8, 4.24, 9.81, 2.9, 12.04], [2.72, 1.74, 6.14, 5.4, 3.28, 1.49, 4.94, 2.0, 1.2, 1.16, 3.54, 5.88, 3.55, 4.22, 4.22, 3.3, 4.12, 0.65, 8.27, 3.8, 2.75, 2.36, 0.84, 4.43, 12.15, 3.01, 0.56, 6.58, 9.19, 4.78, 7.28, 9.2, 6.25, 3.92, 4.49, 9.28, 5.4, 3.3, 10.98, 4.78, 1.37, 5.95, 2.25, 7.7, 1.14, 1.83, 14.0, 0.0, 1.2, 2.27, 1.03, 7.3, 1.26, 7.21, 4.52, 8.73, 4.64, 6.7, 4.18, 5.83, 1.73, 2.98, 10.78, 6.33, 4.4, 10.76, 5.59, 12.01, 15.78, 5.69, 10.5, 2.2, 2.64, 8.19, 0.64], [0.89, 1.89, 10.59, 1.11, 1.09, 9.65, 1.53, 11.25, 3.35, 2.03, 1.92, 3.73, 14.11, 3.15, 5.25, 13.04, 2.45, 0.85, 8.94, 11.36, 2.1, 0.67, 0.65, 0.63, 6.23, 4.52, 1.15, 5.13, 4.1, 4.2, 2.37, 7.67, 3.21, 4.43, 5.46, 7.3, 2.12, 1.51, 10.56, 5.08, 2.01, 5.73, 3.54, 5.86, 8.01, 2.29, 7.42, 1.15, 0.0, 10.82, 2.61, 11.68, 0.0, 4.89, 11.92, 7.34, 1.85, 6.28, 3.1, 3.84, 1.84, 6.17, 12.35, 9.61, 1.58, 8.88, 4.76, 4.08, 5.39, 9.22, 4.58, 2.83, 13.4, 6.76, 0.72], [10.69, 3.45, 5.63, 4.4, 4.05, 4.9, 4.6, 3.38, 13.06, 3.27, 3.74, 1.44, 7.91, 10.68, 3.77, 1.54, 2.45, 3.61, 2.93, 4.61, 6.85, 3.84, 16.21, 5.87, 2.13, 9.76, 7.23, 10.84, 15.48, 11.94, 4.89, 3.03, 2.74, 1.72, 3.42, 4.37, 3.43, 2.36, 7.36, 16.18, 15.08, 6.12, 6.47, 7.78, 4.62, 7.47, 4.97, 2.85, 15.76, 0.0, 7.14, 1.7, 10.64, 1.62, 1.06, 4.63, 14.11, 4.86, 11.61, 11.45, 3.47, 0.48, 1.01, 8.64, 5.11, 3.62, 7.46, 1.48, 1.48, 7.08, 0.3, 9.14, 0.71, 3.55, 1.23], [2.53, 1.33, 7.76, 0.65, 3.74, 3.53, 3.36, 4.15, 1.95, 1.21, 2.17, 3.37, 4.21, 0.72, 3.42, 2.8, 1.07, 3.75, 1.16, 11.47, 5.26, 5.37, 2.74, 2.83, 4.99, 1.51, 2.79, 2.26, 3.09, 7.71, 2.18, 9.08, 2.88, 12.21, 2.4, 8.44, 6.16, 2.04, 1.91, 7.34, 5.62, 4.76, 1.3, 1.57, 4.12, 0.76, 8.27, 2.53, 4.91, 10.08, 0.0, 11.3, 1.3, 6.83, 2.25, 0.95, 2.64, 8.92, 3.33, 5.46, 3.25, 4.49, 3.79, 8.04, 5.66, 1.53, 1.58, 1.42, 4.53, 5.42, 6.09, 7.75, 13.19, 1.75, 3.01], [22.03, 9.04, 1.93, 5.95, 3.88, 8.93, 9.65, 1.85, 9.04, 12.16, 1.44, 2.44, 0.73, 7.09, 4.16, 3.9, 6.03, 8.14, 13.74, 5.99, 3.26, 8.0, 5.01, 8.08, 6.16, 1.28, 5.24, 11.11, 9.83, 6.49, 17.32, 1.68, 9.33, 9.63, 7.28, 6.51, 13.41, 17.34, 15.37, 17.15, 17.77, 3.83, 6.41, 7.14, 3.14, 5.3, 3.41, 17.12, 14.82, 4.96, 3.73, 0.0, 9.43, 4.38, 7.72, 2.51, 3.91, 16.41, 5.95, 17.32, 1.76, 4.04, 2.23, 4.82, 13.04, 5.33, 8.36, 11.7, 6.28, 1.2, 3.43, 19.78, 6.87, 5.43, 2.28], [3.21, 1.33, 1.77, 1.25, 1.59, 2.76, 8.16, 6.6, 2.75, 1.45, 1.86, 3.72, 13.36, 6.54, 10.97, 5.76, 2.99, 0.8, 3.41, 2.94, 4.06, 0.34, 1.44, 3.69, 5.25, 4.83, 1.4, 6.28, 2.47, 1.75, 7.82, 2.93, 4.15, 8.72, 13.16, 2.73, 2.18, 3.36, 14.28, 5.3, 3.6, 8.32, 6.32, 2.3, 3.14, 1.88, 9.33, 1.14, 0.0, 5.11, 4.56, 10.96, 0.0, 5.87, 14.56, 1.62, 1.27, 6.11, 1.02, 2.19, 3.44, 5.73, 8.4, 4.96, 1.48, 9.98, 3.59, 4.78, 6.36, 7.02, 7.24, 3.34, 10.28, 5.41, 3.55], [2.84, 8.03, 1.92, 2.82, 6.16, 1.61, 1.25, 4.22, 7.4, 5.3, 0.7, 3.9, 3.43, 1.1, 2.89, 8.81, 1.53, 7.3, 3.1, 6.61, 2.33, 1.74, 6.24, 8.82, 9.73, 1.97, 9.47, 6.37, 5.78, 11.63, 5.07, 2.64, 1.83, 7.88, 9.66, 2.43, 6.77, 11.93, 12.85, 12.36, 7.47, 2.44, 4.57, 8.44, 0.85, 2.1, 9.38, 3.43, 6.28, 1.14, 2.65, 4.62, 3.56, 0.0, 4.09, 2.52, 6.71, 2.67, 2.4, 9.04, 9.54, 6.58, 3.8, 3.48, 4.4, 0.31, 1.94, 9.3, 2.18, 1.77, 3.73, 4.03, 2.39, 0.56, 1.24], [17.43, 13.23, 4.11, 3.27, 20.06, 4.12, 4.61, 3.42, 5.3, 4.5, 10.21, 8.31, 4.91, 9.33, 3.43, 3.64, 1.26, 15.0, 6.06, 2.36, 6.09, 4.55, 10.85, 5.08, 2.17, 9.63, 2.9, 12.17, 7.12, 6.04, 10.62, 2.66, 3.36, 2.58, 7.15, 2.32, 8.1, 3.57, 4.31, 10.58, 15.22, 2.7, 1.19, 3.4, 8.48, 7.26, 5.5, 3.8, 7.19, 1.57, 7.59, 4.63, 10.32, 5.19, 0.0, 3.85, 9.36, 9.98, 8.28, 16.7, 5.09, 1.07, 3.92, 4.02, 16.5, 4.79, 2.27, 4.18, 0.48, 1.4, 0.48, 3.96, 0.38, 5.54, 7.58], [4.61, 4.3, 4.89, 3.52, 8.82, 0.45, 0.84, 1.95, 10.99, 2.46, 5.76, 2.37, 6.43, 4.6, 8.78, 2.2, 1.72, 2.38, 1.05, 3.27, 2.6, 5.43, 3.57, 6.08, 2.45, 4.73, 6.58, 3.77, 14.3, 2.48, 2.57, 4.14, 0.97, 1.48, 2.03, 1.51, 1.59, 3.62, 9.69, 6.67, 10.51, 1.38, 2.48, 6.54, 2.05, 7.7, 5.01, 3.78, 3.13, 2.44, 7.68, 6.94, 9.87, 3.68, 6.01, 0.0, 5.97, 1.52, 12.07, 13.67, 4.74, 0.61, 2.8, 2.85, 9.01, 1.08, 1.33, 4.8, 4.68, 0.81, 0.75, 2.67, 1.05, 0.25, 2.41], [4.19, 2.7, 12.76, 1.64, 1.81, 8.23, 5.55, 7.95, 1.33, 0.64, 5.64, 6.62, 5.12, 5.63, 1.42, 7.84, 1.75, 1.65, 14.77, 18.45, 5.87, 5.01, 3.91, 2.84, 2.43, 3.8, 3.61, 10.37, 2.74, 7.91, 7.48, 5.04, 6.71, 12.7, 4.94, 12.52, 4.63, 8.41, 6.24, 7.91, 5.1, 11.71, 5.01, 2.64, 1.83, 4.0, 2.93, 2.58, 4.65, 15.66, 3.77, 3.85, 3.67, 2.71, 5.78, 12.29, 0.0, 8.75, 1.03, 2.91, 12.44, 9.41, 2.59, 7.64, 12.5, 4.21, 7.78, 15.24, 5.7, 11.06, 10.82, 8.4, 11.69, 10.72, 5.36], [4.45, 6.21, 9.83, 5.12, 12.08, 6.08, 9.72, 10.6, 3.2, 4.03, 3.1, 2.69, 1.91, 11.06, 11.41, 10.62, 6.32, 3.45, 2.03, 5.5, 11.02, 1.07, 8.28, 2.51, 11.48, 11.38, 8.68, 1.17, 8.85, 4.44, 2.96, 16.29, 6.46, 5.43, 9.73, 7.06, 1.13, 0.95, 8.48, 0.8, 0.98, 4.64, 3.79, 1.63, 5.51, 4.32, 3.21, 3.06, 5.67, 10.69, 8.14, 17.8, 3.68, 7.73, 15.91, 4.32, 2.6, 0.0, 10.0, 4.66, 2.41, 4.32, 3.93, 6.09, 1.26, 3.01, 6.06, 3.74, 9.29, 9.84, 12.22, 4.28, 16.22, 4.24, 2.13], [8.5, 4.08, 8.26, 2.54, 0.95, 3.87, 1.77, 16.5, 0.54, 3.54, 7.31, 1.51, 11.65, 5.34, 7.13, 13.08, 2.72, 3.75, 14.39, 11.99, 3.41, 1.23, 0.81, 12.36, 19.96, 0.85, 0.69, 7.19, 1.58, 3.29, 2.31, 11.16, 3.62, 13.57, 21.16, 11.52, 12.51, 14.48, 22.11, 13.38, 9.16, 5.24, 4.71, 12.59, 4.3, 3.64, 18.87, 5.22, 1.16, 7.56, 5.65, 5.23, 7.45, 6.4, 2.0, 3.12, 0.22, 11.98, 0.0, 5.62, 15.79, 3.93, 2.45, 10.59, 10.62, 9.82, 5.91, 9.47, 12.89, 10.57, 3.42, 7.66, 3.73, 10.53, 8.1], [0.77, 3.77, 8.79, 4.48, 6.84, 3.72, 14.19, 4.81, 9.54, 2.88, 1.68, 4.71, 7.88, 2.17, 16.69, 4.29, 8.18, 2.37, 7.25, 7.87, 3.11, 4.06, 1.82, 3.65, 5.02, 3.44, 3.09, 1.61, 2.05, 0.29, 7.44, 17.27, 12.71, 14.4, 9.18, 12.49, 5.94, 7.0, 3.54, 1.2, 2.69, 10.79, 10.65, 4.94, 10.93, 3.45, 3.9, 5.32, 1.11, 17.22, 3.66, 9.08, 1.9, 6.76, 4.62, 14.5, 5.48, 5.24, 2.84, 0.0, 5.51, 17.15, 6.14, 11.47, 2.59, 4.67, 12.13, 8.99, 20.08, 12.45, 5.1, 1.81, 10.17, 12.28, 4.9], [9.06, 8.83, 4.58, 1.4, 4.61, 0.95, 1.28, 3.28, 10.03, 6.01, 1.39, 4.42, 7.95, 12.0, 13.98, 6.1, 2.46, 1.58, 0.0, 2.22, 11.03, 7.03, 2.65, 3.55, 3.77, 7.29, 8.97, 2.63, 10.78, 11.16, 0.63, 3.35, 3.55, 4.92, 5.97, 2.35, 5.2, 4.8, 1.47, 6.84, 3.99, 1.16, 3.72, 1.99, 9.77, 1.01, 0.53, 7.37, 5.67, 2.81, 8.47, 15.1, 4.21, 1.36, 1.08, 2.28, 11.29, 3.83, 12.41, 3.02, 0.0, 4.26, 12.59, 1.24, 5.85, 9.62, 4.27, 2.71, 5.42, 2.19, 2.41, 5.08, 3.86, 2.24, 1.31], [12.81, 10.53, 4.46, 6.05, 4.49, 0.74, 2.11, 1.21, 14.34, 7.02, 4.84, 0.72, 7.89, 7.64, 4.4, 0.48, 2.39, 4.05, 2.76, 5.79, 8.3, 3.85, 11.41, 5.57, 2.63, 8.44, 2.61, 7.72, 7.36, 13.76, 7.15, 1.44, 5.1, 1.07, 2.14, 0.77, 6.8, 4.93, 6.44, 2.78, 1.82, 4.05, 2.06, 7.26, 6.61, 8.13, 1.96, 7.89, 14.02, 1.8, 4.31, 7.94, 13.72, 1.67, 1.21, 1.59, 3.37, 9.46, 15.79, 5.31, 4.97, 0.0, 6.12, 5.41, 12.95, 5.79, 5.89, 2.75, 2.78, 4.16, 1.1, 3.27, 0.78, 2.32, 4.02], [12.19, 5.29, 0.44, 7.62, 11.87, 5.25, 4.11, 9.55, 14.52, 9.9, 12.92, 7.42, 4.23, 8.73, 3.47, 1.01, 5.95, 17.26, 6.38, 4.93, 7.13, 15.61, 14.44, 12.07, 9.9, 10.51, 9.96, 5.99, 18.75, 12.76, 6.53, 4.47, 4.11, 4.93, 6.65, 3.45, 1.83, 14.92, 9.37, 14.07, 16.21, 4.48, 5.5, 9.5, 7.03, 8.02, 8.97, 14.52, 13.69, 1.38, 6.07, 1.88, 3.01, 4.97, 3.48, 6.79, 13.37, 9.17, 8.4, 18.84, 12.8, 2.22, 0.0, 12.39, 16.02, 2.48, 4.62, 5.12, 4.12, 1.93, 3.57, 19.31, 3.98, 2.15, 7.83], [5.97, 5.84, 11.37, 11.12, 7.19, 9.94, 6.66, 1.5, 3.77, 2.93, 3.17, 7.87, 7.04, 1.9, 6.03, 0.83, 11.06, 9.32, 1.61, 2.31, 4.71, 11.5, 4.75, 2.06, 4.01, 6.88, 12.68, 0.73, 8.13, 8.89, 3.31, 6.26, 2.03, 3.21, 1.07, 1.37, 1.77, 1.84, 2.04, 6.62, 1.59, 5.26, 8.87, 3.21, 13.56, 9.71, 0.57, 3.4, 8.2, 4.77, 11.75, 9.17, 8.74, 1.98, 6.24, 5.49, 10.2, 3.22, 6.49, 6.35, 0.42, 6.81, 12.04, 0.0, 3.88, 3.02, 2.99, 3.02, 7.03, 6.93, 7.45, 9.67, 9.98, 8.44, 3.64], [4.54, 5.24, 13.99, 7.88, 13.61, 2.12, 7.09, 10.1, 3.78, 6.14, 3.2, 2.95, 9.17, 14.09, 6.8, 9.57, 2.33, 3.09, 2.57, 5.99, 3.8, 7.64, 7.47, 5.86, 12.37, 2.62, 9.64, 2.81, 7.89, 5.5, 4.98, 7.65, 7.09, 11.03, 6.71, 4.83, 2.3, 1.83, 6.38, 1.87, 3.05, 2.42, 5.46, 0.94, 9.23, 3.07, 2.7, 6.82, 8.09, 10.08, 12.13, 16.22, 1.85, 1.96, 7.43, 3.8, 8.25, 0.59, 11.93, 1.55, 3.61, 1.86, 15.05, 6.62, 0.0, 14.11, 12.11, 2.61, 9.06, 8.68, 10.11, 7.7, 2.36, 9.74, 1.62], [10.05, 6.98, 0.71, 3.79, 7.87, 3.56, 1.4, 9.39, 8.88, 5.1, 5.14, 6.49, 2.36, 1.42, 0.77, 4.62, 3.04, 12.06, 2.16, 2.2, 1.77, 5.17, 3.05, 2.03, 1.48, 3.53, 7.34, 1.88, 9.84, 15.64, 10.01, 3.26, 1.83, 5.47, 4.4, 2.26, 10.45, 9.13, 13.44, 11.17, 10.96, 4.36, 5.04, 2.06, 3.01, 4.77, 11.72, 10.74, 12.45, 3.53, 2.7, 1.22, 2.07, 0.89, 2.84, 0.51, 5.99, 13.2, 8.55, 8.17, 8.49, 5.79, 3.53, 1.41, 5.79, 0.0, 4.01, 1.9, 6.08, 3.52, 3.52, 11.52, 6.16, 1.33, 1.03], [2.03, 2.43, 7.44, 0.28, 6.79, 0.21, 3.01, 2.73, 3.35, 1.42, 0.49, 3.58, 2.71, 0.46, 2.29, 4.51, 0.8, 5.8, 7.52, 6.67, 1.61, 2.75, 4.96, 4.38, 8.71, 0.88, 1.3, 6.31, 3.7, 2.2, 8.46, 2.16, 1.29, 1.15, 6.12, 5.59, 3.62, 2.47, 2.12, 10.25, 4.8, 3.14, 1.98, 7.76, 1.43, 1.86, 3.96, 1.35, 3.34, 4.41, 1.16, 9.97, 7.02, 2.18, 7.45, 0.68, 3.48, 3.88, 8.09, 4.14, 5.09, 1.67, 9.41, 5.13, 2.2, 2.47, 0.0, 2.84, 1.83, 0.52, 4.91, 2.71, 6.68, 4.03, 1.02], [10.17, 6.49, 7.48, 5.28, 13.92, 8.5, 2.02, 1.34, 7.86, 11.0, 6.27, 5.37, 7.67, 3.25, 11.15, 1.46, 7.26, 2.61, 4.06, 0.43, 3.18, 11.36, 3.14, 7.95, 2.84, 9.98, 8.11, 4.28, 10.87, 15.14, 4.84, 5.78, 3.15, 0.72, 0.92, 4.94, 9.5, 2.63, 5.28, 10.14, 9.68, 0.78, 4.15, 3.67, 3.86, 2.83, 2.07, 2.0, 13.2, 2.03, 2.69, 8.19, 2.33, 3.13, 6.66, 4.73, 15.16, 4.31, 7.19, 7.56, 3.87, 0.77, 2.03, 3.22, 8.03, 6.12, 4.17, 0.0, 1.11, 2.56, 5.47, 3.42, 2.07, 4.22, 6.89], [5.17, 2.86, 5.54, 7.64, 3.01, 7.33, 4.23, 3.88, 7.69, 12.4, 6.13, 3.96, 5.27, 7.61, 5.54, 2.53, 4.1, 6.45, 3.0, 3.34, 3.49, 14.8, 7.71, 11.35, 4.87, 4.24, 2.75, 10.3, 16.45, 16.61, 8.33, 6.75, 5.46, 4.12, 7.29, 0.87, 9.65, 6.47, 1.41, 17.09, 2.82, 7.22, 4.6, 7.96, 8.95, 3.52, 9.24, 8.26, 4.82, 2.14, 6.43, 2.5, 16.83, 3.48, 0.93, 5.14, 16.57, 3.0, 12.52, 10.86, 5.97, 1.45, 2.76, 2.95, 14.98, 2.73, 2.76, 1.34, 0.0, 5.22, 0.46, 14.74, 0.36, 0.76, 11.0], [6.05, 5.79, 6.42, 3.74, 10.6, 1.02, 0.32, 1.43, 9.78, 4.75, 0.98, 0.88, 4.16, 5.67, 4.24, 6.04, 0.44, 4.2, 3.1, 7.72, 3.23, 7.36, 8.88, 5.94, 5.88, 6.54, 2.31, 3.46, 6.63, 15.65, 5.17, 4.64, 1.72, 3.41, 9.23, 0.29, 4.15, 6.98, 6.02, 3.09, 6.0, 1.53, 1.95, 7.14, 3.18, 1.62, 5.81, 3.83, 1.16, 4.82, 4.51, 5.9, 3.81, 1.66, 2.33, 0.85, 1.46, 1.69, 10.12, 5.36, 4.75, 1.2, 4.91, 1.04, 6.38, 2.85, 1.29, 0.77, 3.84, 0.0, 4.69, 9.0, 6.56, 1.22, 3.39], [11.65, 12.31, 0.88, 6.91, 12.07, 2.8, 2.14, 4.17, 4.97, 3.02, 7.52, 5.58, 6.28, 1.25, 9.57, 4.57, 4.91, 13.02, 5.2, 2.92, 3.84, 7.97, 6.82, 11.43, 3.27, 10.93, 15.32, 7.61, 4.13, 4.25, 2.58, 7.38, 3.19, 2.69, 7.57, 0.89, 12.95, 10.65, 3.75, 9.18, 1.87, 4.69, 1.27, 11.53, 2.2, 2.31, 1.59, 9.14, 5.32, 2.52, 9.0, 4.13, 9.62, 3.53, 1.74, 0.78, 13.81, 2.41, 9.8, 2.37, 1.48, 1.49, 2.61, 2.14, 8.84, 5.67, 2.96, 3.24, 0.42, 2.64, 0.0, 3.25, 1.81, 2.98, 3.91], [0.94, 4.32, 16.27, 4.88, 12.34, 6.11, 11.54, 10.87, 4.47, 5.32, 3.08, 5.6, 18.8, 7.02, 9.85, 16.16, 8.66, 0.45, 1.69, 5.0, 5.07, 2.11, 3.92, 2.88, 9.99, 3.0, 4.74, 2.63, 5.84, 2.13, 10.2, 2.2, 7.85, 8.41, 9.96, 11.46, 3.48, 6.75, 3.13, 3.77, 4.27, 4.04, 7.13, 1.78, 5.1, 3.65, 2.09, 3.97, 1.44, 6.67, 1.57, 14.59, 2.5, 11.91, 5.42, 6.04, 9.51, 5.06, 10.5, 0.51, 1.85, 8.3, 8.85, 4.87, 4.03, 3.62, 10.98, 10.77, 3.36, 4.86, 17.08, 0.0, 15.96, 4.55, 5.48], [22.55, 9.51, 4.99, 6.13, 5.26, 3.54, 3.28, 1.57, 3.29, 8.51, 11.93, 4.17, 5.24, 8.75, 2.99, 5.67, 2.06, 14.11, 8.64, 6.98, 3.52, 16.21, 15.4, 3.14, 5.3, 4.69, 11.64, 11.29, 12.95, 19.61, 12.73, 4.04, 3.31, 4.49, 8.28, 1.08, 13.18, 8.34, 9.79, 5.88, 5.29, 1.14, 1.8, 1.72, 2.21, 12.51, 9.48, 13.24, 12.7, 2.04, 3.85, 1.89, 10.77, 5.35, 0.8, 3.42, 14.49, 6.75, 10.1, 18.1, 7.79, 1.53, 2.55, 6.93, 9.93, 4.26, 8.61, 4.27, 0.98, 0.89, 1.93, 18.79, 0.0, 0.96, 2.44], [9.34, 3.87, 5.62, 4.13, 10.48, 2.14, 0.46, 1.54, 11.8, 9.57, 6.36, 0.77, 5.72, 2.45, 6.32, 0.9, 0.23, 10.33, 3.15, 7.22, 1.68, 7.68, 2.01, 0.96, 5.37, 3.24, 10.22, 4.47, 5.15, 4.34, 5.02, 4.54, 2.41, 6.7, 5.18, 0.73, 3.27, 9.66, 6.33, 5.78, 8.46, 3.61, 2.4, 6.73, 2.45, 4.08, 2.66, 9.6, 5.72, 1.49, 6.76, 1.89, 3.03, 2.27, 1.41, 1.39, 3.85, 4.07, 2.26, 7.07, 6.85, 3.34, 1.01, 5.07, 10.15, 2.78, 4.41, 5.17, 1.47, 0.66, 0.44, 6.26, 1.27, 0.0, 1.77], [5.34, 1.1, 3.19, 0.57, 4.67, 1.33, 5.44, 9.93, 2.77, 1.73, 0.89, 2.79, 6.44, 1.18, 5.92, 8.35, 3.38, 2.0, 2.82, 2.53, 2.45, 6.69, 4.45, 4.32, 7.04, 4.39, 4.75, 1.99, 9.31, 1.46, 4.73, 8.62, 0.54, 4.62, 2.52, 6.6, 5.57, 1.81, 12.65, 3.56, 6.02, 2.11, 1.02, 2.83, 1.37, 2.54, 5.77, 1.45, 1.46, 11.75, 1.26, 5.13, 5.59, 4.91, 3.62, 2.2, 5.26, 5.03, 2.43, 9.92, 0.83, 2.4, 9.63, 1.37, 10.57, 5.43, 1.01, 5.83, 2.13, 4.83, 5.06, 2.25, 3.21, 5.15, 0.0]]
vans = [6, 10, 6, 8]

