J = [0, 1, 2]
K = [3, 4, 5]
L = [6, 7, 8]
I = [0, 1, 2, 3, 4, 5, 6, 7, 8]
N = [0, 1, 2, 3, 4, 5, 6, 7, 8, 9, 10, 11, 12, 13, 14, 15, 16, 17, 18, 19, 20, 21, 22, 23, 24, 25, 26, 27, 28, 29, 30, 31, 32, 33, 34, 35, 36, 37, 38, 39, 40, 41, 42, 43, 44, 45, 46, 47, 48, 49]
demand = [693, 923, 761, 852, 611, 1022, 858, 992, 1062, 582, 763, 716, 712, 1097, 532, 1100, 782, 662, 1112, 1175, 416, 1077, 539, 967, 463, 811, 869, 932, 675, 1066, 1170, 624, 1093, 812, 549, 929, 1156, 1187, 681, 804, 431, 773, 907, 964, 941, 506, 556, 887, 572, 1155]
hub = [1, 0, 0, 1, 1, 1, 1, 2, 1, 0, 1, 2, 0, 0, 1, 0, 0, 0, 1, 0, 1, 2, 0, 1, 1, 0, 1, 1, 0, 2, 2, 2, 2, 0, 2, 0, 2, 0, 1, 0, 0, 2, 2, 1, 0, 2, 2, 2, 2, 0]
release = [38, 37, 19, 39, 4, 16, 38, 15, 39, 35, 9, 21, 12, 46, 40, 35, 21, 48, 46, 46, 4, 3, 16, 32, 30, 31, 37, 18, 5, 28, 27, 20, 1, 16, 34, 18, 13, 3, 9, 42, 3, 22, 19, 24, 26, 12, 41, 25, 16, 37]
Nj = [[1, 2, 9, 12, 13, 15, 16, 17, 19, 22, 25, 28, 33, 35, 37, 39, 40, 44, 49], [0, 3, 4, 5, 6, 8, 10, 14, 18, 20, 23, 24, 26, 27, 38, 43], [7, 11, 21, 29, 30, 31, 32, 34, 36, 41, 42, 45, 46, 47, 48]]
Gj = [[0, 1, 2, 3, 4, 5, 6, 7, 8, 9, 10, 11, 12, 13, 14, 15, 16, 17, 18], [19, 20, 21, 22, 23, 24, 25, 26, 27, 28, 29, 30, 31, 32, 33, 34], [35, 36, 37, 38, 39, 40, 41, 42, 43, 44, 45, 46, 47, 48, 49]]
G = [0, 1, 2, 3, 4, 5, 6, 7, 8, 9, 10, 11, 12, 13, 14, 15, 16, 17, 18, 19, 20, 21, 22, 23, 24, 25, 26, 27, 28, 29, 30, 31, 32, 33, 34, 35, 36, 37, 38, 39, 40, 41, 42, 43, 44, 45, 46, 47, 48, 49]
deadline = [192, 240, 192, 192, 192, 216, 168, 192, 192, 168, 192, 240, 216, 192, 168, 168, 192, 240, 192, 240, 216, 216, 216, 240, 216, 168, 240, 168, 216, 216, 240, 192, 168, 192, 192, 216, 240, 240, 168, 168, 240, 168, 168, 216, 240, 168, 216, 216, 216, 192]
weight = [80, 40, 50, 100, 80, 50, 40, 90, 60, 30, 50, 90, 10, 50, 20, 70, 20, 10, 50, 30, 60, 70, 40, 70, 10, 80, 10, 30, 100, 60, 50, 60, 60, 40, 70, 100, 100, 100, 30, 90, 40, 100, 60, 20, 90, 90, 20, 60, 90, 60]
q = 2000
M = [0, 1, 2]
M_description = ['Road', 'Rail', 'Ship']
accessibility = [[1, 0, 0], [1, 1, 0], [1, 0, 0], [1, 1, 1], [1, 1, 1], [1, 1, 1], [1, 0, 0], [1, 0, 1], [1, 0, 1]]
S = [0, 1, 2, 3, 4, 5, 6, 7, 8, 9, 10, 11, 12, 13, 14, 15, 16, 17, 18, 19, 20, 21, 22, 23, 24, 25, 26, 27, 28, 29, 30, 31, 32, 33, 34, 35, 36, 37, 38, 39, 40, 41, 42, 43, 44, 45, 46, 47, 48, 49, 50, 51, 52, 53, 54, 55, 56, 57, 58, 59, 60, 61, 62, 63, 64, 65, 66, 67, 68, 69, 70, 71, 72, 73, 74, 75, 76, 77, 78, 79, 80, 81, 82, 83, 84, 85, 86, 87, 88, 89, 90, 91, 92, 93, 94, 95, 96, 97, 98, 99, 100, 101, 102, 103, 104, 105, 106, 107, 108, 109, 110, 111, 112, 113, 114, 115, 116, 117, 118, 119, 120, 121, 122, 123, 124, 125, 126, 127, 128, 129, 130, 131, 132, 133, 134, 135, 136, 137, 138, 139, 140, 141, 142, 143, 144, 145, 146, 147, 148, 149, 150, 151, 152, 153, 154, 155, 156, 157, 158, 159, 160, 161, 162, 163, 164, 165, 166, 167, 168, 169, 170, 171, 172, 173, 174, 175, 176, 177, 178, 179, 180, 181, 182, 183, 184, 185, 186, 187, 188, 189, 190, 191, 192, 193, 194, 195, 196, 197, 198, 199, 200, 201, 202, 203, 204, 205, 206, 207, 208, 209, 210, 211, 212, 213, 214, 215, 216, 217, 218, 219, 220, 221, 222, 223, 224, 225, 226, 227, 228, 229, 230, 231, 232, 233, 234, 235, 236, 237, 238, 239, 240, 241, 242, 243, 244, 245, 246, 247, 248, 249, 250, 251, 252, 253, 254, 255, 256, 257, 258, 259, 260, 261, 262, 263]
origin = [0, 0, 0, 0, 0, 0, 0, 0, 0, 0, 0, 0, 0, 0, 0, 0, 0, 0, 0, 0, 0, 0, 0, 0, 0, 0, 0, 0, 0, 0, 0, 0, 1, 1, 1, 1, 1, 1, 1, 1, 1, 1, 1, 1, 1, 1, 1, 1, 1, 1, 1, 1, 1, 1, 1, 1, 1, 1, 1, 1, 1, 1, 1, 1, 2, 2, 2, 2, 2, 2, 2, 2, 2, 2, 2, 2, 2, 2, 2, 2, 2, 2, 2, 2, 2, 2, 2, 2, 2, 2, 2, 2, 2, 2, 2, 2, 3, 3, 3, 3, 3, 3, 3, 3, 3, 3, 3, 3, 3, 3, 3, 3, 3, 3, 3, 3, 3, 3, 3, 3, 3, 3, 3, 3, 3, 3, 3, 3, 4, 4, 4, 4, 4, 4, 4, 4, 4, 4, 4, 4, 4, 4, 4, 4, 4, 4, 4, 4, 4, 4, 4, 4, 4, 4, 4, 4, 4, 4, 4, 4, 5, 5, 5, 5, 5, 5, 5, 5, 5, 5, 5, 5, 5, 5, 5, 5, 5, 5, 5, 5, 5, 5, 5, 5, 5, 5, 5, 5, 5, 5, 5, 5, 1, 1, 1, 1, 1, 1, 1, 1, 1, 3, 3, 3, 3, 3, 3, 3, 3, 3, 4, 4, 4, 4, 4, 4, 4, 4, 4, 5, 5, 5, 5, 5, 5, 5, 5, 5, 3, 3, 3, 3, 3, 3, 3, 3, 3, 3, 3, 3, 4, 4, 4, 4, 4, 4, 4, 4, 4, 4, 4, 4, 5, 5, 5, 5, 5, 5, 5, 5, 5, 5, 5, 5]
destination = [1, 1, 1, 1, 2, 2, 2, 2, 3, 3, 3, 3, 4, 4, 4, 4, 5, 5, 5, 5, 6, 6, 6, 6, 7, 7, 7, 7, 8, 8, 8, 8, 0, 0, 0, 0, 2, 2, 2, 2, 3, 3, 3, 3, 4, 4, 4, 4, 5, 5, 5, 5, 6, 6, 6, 6, 7, 7, 7, 7, 8, 8, 8, 8, 0, 0, 0, 0, 1, 1, 1, 1, 3, 3, 3, 3, 4, 4, 4, 4, 5, 5, 5, 5, 6, 6, 6, 6, 7, 7, 7, 7, 8, 8, 8, 8, 0, 0, 0, 0, 1, 1, 1, 1, 2, 2, 2, 2, 4, 4, 4, 4, 5, 5, 5, 5, 6, 6, 6, 6, 7, 7, 7, 7, 8, 8, 8, 8, 0, 0, 0, 0, 1, 1, 1, 1, 2, 2, 2, 2, 3, 3, 3, 3, 5, 5, 5, 5, 6, 6, 6, 6, 7, 7, 7, 7, 8, 8, 8, 8, 0, 0, 0, 0, 1, 1, 1, 1, 2, 2, 2, 2, 3, 3, 3, 3, 4, 4, 4, 4, 6, 6, 6, 6, 7, 7, 7, 7, 8, 8, 8, 8, 3, 3, 3, 4, 4, 4, 5, 5, 5, 1, 1, 1, 4, 4, 4, 5, 5, 5, 1, 1, 1, 3, 3, 3, 5, 5, 5, 1, 1, 1, 3, 3, 3, 4, 4, 4, 4, 4, 4, 5, 5, 5, 7, 7, 7, 8, 8, 8, 3, 3, 3, 5, 5, 5, 7, 7, 7, 8, 8, 8, 3, 3, 3, 4, 4, 4, 7, 7, 7, 8, 8, 8]
departure = [8, 56, 104, 152, 8, 56, 104, 152, 8, 56, 104, 152, 8, 56, 104, 152, 8, 56, 104, 152, 8, 56, 104, 152, 8, 56, 104, 152, 8, 56, 104, 152, 8, 56, 104, 152, 8, 56, 104, 152, 8, 56, 104, 152, 8, 56, 104, 152, 8, 56, 104, 152, 8, 56, 104, 152, 8, 56, 104, 152, 8, 56, 104, 152, 8, 56, 104, 152, 8, 56, 104, 152, 8, 56, 104, 152, 8, 56, 104, 152, 8, 56, 104, 152, 8, 56, 104, 152, 8, 56, 104, 152, 8, 56, 104, 152, 12, 60, 108, 156, 12, 60, 108, 156, 12, 60, 108, 156, 12, 60, 108, 156, 12, 60, 108, 156, 12, 60, 108, 156, 12, 60, 108, 156, 12, 60, 108, 156, 12, 60, 108, 156, 12, 60, 108, 156, 12, 60, 108, 156, 12, 60, 108, 156, 12, 60, 108, 156, 12, 60, 108, 156, 12, 60, 108, 156, 12, 60, 108, 156, 12, 60, 108, 156, 12, 60, 108, 156, 12, 60, 108, 156, 12, 60, 108, 156, 12, 60, 108, 156, 12, 60, 108, 156, 12, 60, 108, 156, 12, 60, 108, 156, 33, 81, 129, 33, 81, 129, 33, 81, 129, 37, 85, 133, 37, 85, 133, 37, 85, 133, 37, 85, 133, 37, 85, 133, 37, 85, 133, 37, 85, 133, 37, 85, 133, 37, 85, 133, 13, 61, 109, 13, 61, 109, 13, 61, 109, 13, 61, 109, 13, 61, 109, 13, 61, 109, 13, 61, 109, 13, 61, 109, 13, 61, 109, 13, 61, 109, 13, 61, 109, 13, 61, 109]
arrival = [100, 100, 148, 196, 28, 124, 196, 172, 108, 132, 156, 204, 108, 132, 156, 252, 60, 156, 156, 228, 88, 160, 184, 232, 112, 208, 208, 232, 160, 136, 208, 256, 76, 100, 196, 196, 76, 100, 172, 172, 60, 108, 204, 252, 60, 108, 204, 228, 108, 108, 204, 252, 160, 208, 208, 304, 160, 160, 208, 232, 88, 136, 232, 304, 100, 148, 148, 244, 28, 76, 172, 196, 108, 156, 180, 204, 60, 132, 180, 252, 108, 156, 204, 204, 112, 136, 208, 304, 88, 208, 232, 232, 136, 160, 232, 256, 32, 128, 152, 176, 32, 152, 176, 248, 80, 104, 200, 248, 64, 112, 160, 232, 88, 136, 208, 208, 116, 140, 236, 284, 116, 188, 260, 284, 116, 188, 188, 284, 104, 152, 152, 224, 104, 128, 152, 248, 32, 104, 152, 224, 64, 136, 184, 208, 88, 160, 184, 256, 140, 188, 260, 236, 164, 188, 188, 260, 164, 212, 188, 260, 104, 152, 200, 248, 80, 152, 200, 200, 32, 104, 152, 248, 112, 112, 208, 256, 112, 112, 208, 256, 116, 212, 188, 236, 164, 212, 260, 260, 140, 140, 212, 284, 86, 182, 206, 110, 134, 206, 110, 182, 206, 130, 106, 202, 90, 186, 210, 114, 186, 234, 106, 130, 154, 138, 186, 186, 114, 138, 210, 130, 130, 202, 138, 186, 234, 90, 186, 210, 114, 114, 186, 66, 162, 210, 118, 142, 214, 118, 166, 214, 90, 114, 186, 90, 114, 162, 94, 190, 190, 94, 166, 262, 114, 162, 210, 90, 162, 210, 142, 190, 238, 118, 190, 238]
Q = [2, 2, 2, 2, 2, 4, 2, 2, 2, 4, 2, 4, 4, 2, 4, 4, 4, 2, 2, 4, 4, 4, 2, 2, 2, 4, 4, 2, 2, 2, 4, 2, 2, 2, 2, 2, 4, 2, 4, 4, 2, 4, 4, 4, 4, 4, 2, 4, 4, 2, 2, 2, 2, 2, 2, 2, 2, 2, 4, 2, 4, 4, 2, 4, 2, 2, 2, 4, 4, 2, 4, 2, 2, 4, 2, 4, 2, 4, 4, 2, 4, 2, 2, 4, 2, 4, 2, 2, 4, 4, 2, 4, 2, 2, 4, 2, 2, 4, 2, 4, 2, 4, 4, 4, 4, 4, 2, 2, 4, 2, 2, 2, 2, 4, 2, 4, 4, 2, 2, 4, 4, 4, 2, 2, 4, 2, 4, 2, 4, 4, 2, 4, 4, 4, 4, 4, 4, 4, 2, 4, 4, 2, 4, 2, 4, 4, 4, 2, 4, 2, 2, 2, 4, 2, 2, 4, 2, 2, 4, 4, 2, 2, 4, 2, 2, 4, 2, 4, 4, 2, 4, 2, 4, 4, 4, 2, 2, 4, 2, 2, 4, 4, 4, 4, 2, 4, 2, 2, 2, 2, 4, 4, 3, 3, 6, 6, 3, 6, 6, 6, 6, 3, 6, 3, 3, 6, 6, 3, 3, 3, 3, 3, 6, 3, 6, 3, 3, 3, 6, 3, 6, 6, 3, 6, 6, 6, 3, 6, 5, 10, 5, 10, 10, 10, 10, 5, 10, 10, 5, 10, 10, 5, 5, 5, 10, 10, 5, 5, 10, 5, 5, 5, 10, 10, 5, 5, 5, 10, 5, 10, 5, 10, 5, 5]
cfixed = [217, 203, 208, 210, 201, 299, 215, 243, 257, 228, 288, 269, 256, 271, 228, 258, 213, 226, 247, 297, 208, 285, 224, 211, 289, 276, 201, 201, 285, 234, 201, 255, 231, 246, 267, 208, 245, 288, 256, 243, 269, 233, 241, 239, 284, 254, 263, 243, 273, 241, 218, 244, 284, 267, 276, 221, 288, 261, 247, 273, 247, 287, 286, 214, 244, 207, 246, 239, 285, 255, 228, 271, 272, 284, 283, 294, 290, 256, 208, 283, 233, 203, 283, 210, 294, 228, 297, 212, 299, 276, 277, 276, 257, 228, 207, 274, 212, 241, 226, 276, 246, 260, 279, 232, 288, 207, 240, 255, 295, 271, 256, 298, 270, 231, 289, 215, 290, 268, 211, 277, 275, 268, 278, 223, 230, 233, 295, 241, 234, 276, 243, 234, 283, 249, 251, 286, 271, 287, 285, 228, 237, 297, 255, 265, 262, 291, 247, 250, 251, 208, 217, 242, 275, 245, 284, 242, 257, 267, 218, 233, 244, 219, 265, 218, 242, 296, 277, 211, 233, 209, 298, 271, 251, 293, 288, 248, 242, 297, 218, 215, 243, 258, 249, 262, 231, 290, 249, 258, 257, 225, 218, 241, 359, 303, 349, 321, 478, 472, 363, 334, 500, 459, 465, 305, 481, 439, 400, 318, 386, 369, 417, 331, 360, 428, 442, 301, 366, 431, 350, 429, 465, 415, 413, 323, 323, 308, 436, 374, 569, 524, 689, 566, 571, 652, 613, 625, 520, 528, 507, 551, 618, 588, 647, 616, 628, 667, 687, 640, 586, 550, 577, 501, 695, 680, 651, 528, 631, 563, 630, 610, 583, 653, 698, 522]
ctravel = [92, 44, 44, 44, 20, 68, 92, 20, 100, 76, 52, 52, 100, 76, 52, 100, 52, 100, 52, 76, 80, 104, 80, 80, 104, 152, 104, 80, 152, 80, 104, 104, 68, 44, 92, 44, 68, 44, 68, 20, 52, 52, 100, 100, 52, 52, 100, 76, 100, 52, 100, 100, 152, 152, 104, 152, 152, 104, 104, 80, 80, 80, 128, 152, 92, 92, 44, 92, 20, 20, 68, 44, 100, 100, 76, 52, 52, 76, 76, 100, 100, 100, 100, 52, 104, 80, 104, 152, 80, 152, 128, 80, 128, 104, 128, 104, 20, 68, 44, 20, 20, 92, 68, 92, 68, 44, 92, 92, 52, 52, 52, 76, 76, 76, 100, 52, 104, 80, 128, 128, 104, 128, 152, 128, 104, 128, 80, 128, 92, 92, 44, 68, 92, 68, 44, 92, 20, 44, 44, 68, 52, 76, 76, 52, 76, 100, 76, 100, 128, 128, 152, 80, 152, 128, 80, 104, 152, 152, 80, 104, 92, 92, 92, 92, 68, 92, 92, 44, 20, 44, 44, 92, 100, 52, 100, 100, 100, 52, 100, 100, 104, 152, 80, 80, 152, 152, 152, 104, 128, 80, 104, 128, 42.400000000000006, 80.80000000000001, 61.6, 61.6, 42.400000000000006, 61.6, 61.6, 80.80000000000001, 61.6, 74.4, 16.8, 55.2, 42.400000000000006, 80.80000000000001, 61.6, 61.6, 80.80000000000001, 80.80000000000001, 55.2, 36.0, 16.8, 80.80000000000001, 80.80000000000001, 42.400000000000006, 61.6, 42.400000000000006, 61.6, 74.4, 36.0, 55.2, 80.80000000000001, 80.80000000000001, 80.80000000000001, 42.400000000000006, 80.80000000000001, 61.6, 60.599999999999994, 31.799999999999997, 46.199999999999996, 31.799999999999997, 60.599999999999994, 60.599999999999994, 63.0, 48.6, 63.0, 63.0, 63.0, 63.0, 46.199999999999996, 31.799999999999997, 46.199999999999996, 46.199999999999996, 31.799999999999997, 31.799999999999997, 48.6, 77.39999999999999, 48.6, 48.6, 63.0, 91.8, 60.599999999999994, 60.599999999999994, 60.599999999999994, 46.199999999999996, 60.599999999999994, 60.599999999999994, 77.39999999999999, 77.39999999999999, 77.39999999999999, 63.0, 77.39999999999999, 77.39999999999999]
mode = [0, 0, 0, 0, 0, 0, 0, 0, 0, 0, 0, 0, 0, 0, 0, 0, 0, 0, 0, 0, 0, 0, 0, 0, 0, 0, 0, 0, 0, 0, 0, 0, 0, 0, 0, 0, 0, 0, 0, 0, 0, 0, 0, 0, 0, 0, 0, 0, 0, 0, 0, 0, 0, 0, 0, 0, 0, 0, 0, 0, 0, 0, 0, 0, 0, 0, 0, 0, 0, 0, 0, 0, 0, 0, 0, 0, 0, 0, 0, 0, 0, 0, 0, 0, 0, 0, 0, 0, 0, 0, 0, 0, 0, 0, 0, 0, 0, 0, 0, 0, 0, 0, 0, 0, 0, 0, 0, 0, 0, 0, 0, 0, 0, 0, 0, 0, 0, 0, 0, 0, 0, 0, 0, 0, 0, 0, 0, 0, 0, 0, 0, 0, 0, 0, 0, 0, 0, 0, 0, 0, 0, 0, 0, 0, 0, 0, 0, 0, 0, 0, 0, 0, 0, 0, 0, 0, 0, 0, 0, 0, 0, 0, 0, 0, 0, 0, 0, 0, 0, 0, 0, 0, 0, 0, 0, 0, 0, 0, 0, 0, 0, 0, 0, 0, 0, 0, 0, 0, 0, 0, 0, 0, 1, 1, 1, 1, 1, 1, 1, 1, 1, 1, 1, 1, 1, 1, 1, 1, 1, 1, 1, 1, 1, 1, 1, 1, 1, 1, 1, 1, 1, 1, 1, 1, 1, 1, 1, 1, 2, 2, 2, 2, 2, 2, 2, 2, 2, 2, 2, 2, 2, 2, 2, 2, 2, 2, 2, 2, 2, 2, 2, 2, 2, 2, 2, 2, 2, 2, 2, 2, 2, 2, 2, 2]
delivery_process = ['Direct-Shipment', 'Cross-Docking', 'Direct-Shipment']
distance_ln = [[1.18, 2.27, 5.91, 3.71, 11.94, 2.84, 4.74, 4.55, 9.84, 11.63, 3.47, 10.2, 4.48, 5.54, 14.56, 10.73, 15.9, 12.65, 5.52, 5.77, 7.67, 6.31, 2.69, 6.89, 4.41, 11.97, 7.15, 3.77, 1.34, 4.73, 6.55, 2.59, 5.79, 1.36, 12.61, 4.51, 4.85, 3.37, 4.3, 5.26, 4.73, 9.35, 5.33, 1.96, 2.63, 0.83, 4.22, 3.85, 2.97, 4.26], [3.69, 8.34, 5.74, 1.68, 13.76, 3.34, 2.63, 12.07, 2.86, 10.05, 5.52, 4.25, 7.44, 5.13, 2.01, 8.46, 11.89, 5.51, 0.84, 13.01, 8.97, 2.59, 2.8, 5.84, 3.24, 2.53, 1.31, 12.02, 4.28, 6.96, 12.17, 7.03, 1.71, 1.87, 4.25, 2.99, 0.45, 4.78, 1.93, 8.16, 7.26, 6.24, 3.99, 4.05, 3.43, 0.98, 14.0, 5.45, 3.93, 5.91], [0.0, 5.86, 5.23, 2.59, 14.63, 15.18, 2.58, 9.8, 8.76, 4.77, 3.99, 3.59, 3.03, 9.69, 7.8, 5.74, 10.14, 17.44, 2.4, 16.36, 3.55, 0.79, 3.5, 11.36, 6.04, 16.11, 11.03, 8.0, 4.18, 13.14, 13.99, 2.6, 0.89, 4.59, 3.19, 0.94, 1.8, 6.11, 10.92, 9.78, 3.21, 3.02, 5.81, 3.45, 6.06, 1.78, 9.13, 7.4, 8.06, 1.85]]
distance_nn = [[0.0, 1.5, 6.82, 3.92, 16.09, 4.05, 20.79, 5.51, 1.85, 3.28, 9.29, 10.0, 1.82, 4.63, 4.34, 4.98, 15.43, 8.3, 2.89, 2.25, 4.01, 1.55, 3.03, 5.58, 5.89, 3.44, 11.32, 4.3, 4.87, 5.92, 15.47, 0.66, 4.44, 6.2, 8.73, 1.34, 0.89, 4.21, 12.98, 1.9, 4.11, 10.59, 12.3, 7.76, 6.68, 0.46, 8.3, 9.49, 9.93, 3.94], [6.1, 0.0, 13.86, 1.39, 1.83, 3.66, 15.24, 10.39, 4.98, 7.76, 9.45, 2.97, 4.61, 4.75, 11.79, 4.16, 12.76, 2.96, 0.65, 7.73, 3.44, 5.61, 1.45, 12.74, 8.46, 11.65, 6.4, 10.33, 0.63, 2.63, 5.89, 9.07, 4.5, 0.97, 9.22, 2.39, 1.33, 7.31, 9.25, 10.31, 4.01, 3.82, 15.84, 4.08, 3.76, 3.99, 9.34, 2.22, 4.47, 0.63], [4.83, 3.73, 0.0, 6.33, 4.13, 3.45, 13.96, 8.44, 0.79, 2.47, 2.2, 4.03, 3.44, 21.12, 0.0, 15.13, 5.59, 10.13, 1.63, 10.5, 5.49, 9.52, 2.21, 3.98, 3.27, 1.75, 2.62, 2.31, 13.6, 11.26, 7.51, 8.3, 2.94, 5.01, 5.0, 7.84, 5.03, 6.45, 2.79, 1.67, 7.11, 9.28, 1.57, 7.22, 8.51, 11.87, 2.03, 2.09, 1.82, 4.5], [6.66, 1.16, 4.38, 0.0, 11.3, 6.12, 9.81, 5.04, 9.73, 5.3, 12.64, 11.26, 6.37, 7.1, 16.95, 2.16, 8.59, 5.76, 0.38, 8.07, 1.06, 4.07, 1.44, 6.33, 14.01, 15.46, 6.31, 3.18, 1.01, 6.56, 7.3, 1.33, 4.31, 2.98, 7.63, 0.92, 3.11, 5.87, 6.2, 6.16, 3.06, 4.16, 10.46, 8.74, 4.05, 0.7, 2.45, 5.0, 15.16, 0.45], [6.53, 2.08, 4.75, 12.52, 0.0, 14.1, 1.88, 3.72, 4.79, 3.79, 2.15, 3.53, 14.96, 5.37, 5.32, 2.78, 3.01, 3.05, 14.12, 9.6, 5.44, 1.99, 11.22, 4.42, 7.27, 7.99, 5.13, 4.22, 6.93, 5.86, 13.75, 12.91, 12.8, 10.46, 4.86, 2.7, 13.59, 8.02, 0.71, 9.56, 8.83, 1.38, 3.7, 4.95, 5.16, 5.83, 7.2, 5.41, 0.33, 10.31], [2.52, 5.97, 3.76, 3.66, 7.74, 0.0, 5.19, 4.01, 16.02, 4.64, 5.2, 3.13, 1.95, 2.24, 10.96, 3.18, 4.22, 1.68, 3.78, 1.21, 7.32, 12.42, 3.83, 2.72, 10.52, 7.08, 7.16, 4.83, 4.95, 2.33, 2.28, 12.48, 3.42, 5.06, 5.03, 15.66, 15.24, 3.2, 7.89, 19.02, 8.93, 2.58, 5.91, 8.22, 1.93, 12.65, 5.49, 6.13, 11.43, 9.98], [4.57, 4.6, 6.78, 7.14, 2.13, 5.73, 0.0, 4.08, 3.41, 4.28, 16.06, 1.33, 9.4, 7.46, 5.08, 4.78, 1.24, 5.38, 10.3, 5.4, 1.59, 8.91, 4.68, 11.68, 17.34, 1.62, 5.14, 1.89, 8.26, 8.61, 16.94, 12.44, 11.31, 12.87, 12.69, 19.82, 3.28, 12.5, 6.61, 2.28, 20.99, 4.49, 8.13, 13.37, 12.15, 18.43, 1.88, 4.29, 3.7, 11.27], [2.87, 5.54, 6.83, 12.54, 1.31, 4.22, 2.59, 0.0, 9.68, 4.09, 9.55, 0.68, 10.16, 3.72, 8.98, 1.04, 0.17, 3.04, 6.98, 3.29, 8.5, 8.19, 12.14, 4.47, 6.1, 1.62, 3.14, 4.14, 3.65, 2.06, 11.04, 6.01, 8.42, 10.13, 4.94, 13.87, 7.19, 1.17, 3.85, 7.36, 15.17, 4.31, 8.69, 8.12, 5.2, 14.4, 1.51, 4.09, 3.25, 1.96], [9.12, 10.62, 2.81, 10.69, 0.89, 5.61, 6.53, 4.69, 0.0, 1.69, 1.31, 2.21, 14.72, 17.04, 3.84, 6.61, 9.09, 10.28, 7.24, 14.31, 2.48, 6.05, 2.34, 0.88, 4.11, 10.27, 7.81, 2.18, 10.76, 6.31, 5.28, 13.56, 2.25, 10.77, 1.07, 8.13, 8.74, 0.34, 0.33, 3.13, 5.74, 3.08, 3.73, 1.23, 5.02, 2.86, 4.02, 6.1, 7.83, 6.08], [4.19, 5.94, 11.59, 8.71, 1.76, 1.24, 2.15, 2.17, 4.97, 0.0, 9.58, 0.69, 3.38, 2.34, 1.94, 1.41, 4.29, 2.77, 9.19, 1.4, 0.66, 7.23, 5.38, 6.36, 9.88, 4.4, 1.73, 2.66, 10.28, 3.45, 9.17, 7.96, 3.46, 3.43, 6.49, 5.85, 2.24, 5.49, 3.06, 7.62, 2.26, 2.14, 4.33, 10.33, 3.73, 4.38, 1.0, 0.0, 3.58, 1.56], [8.79, 5.28, 4.6, 6.84, 6.84, 13.86, 13.14, 1.84, 1.26, 2.24, 0.0, 5.76, 9.11, 11.72, 2.55, 11.43, 4.76, 9.19, 2.4, 15.43, 1.97, 3.17, 0.89, 0.93, 2.22, 6.96, 6.91, 4.66, 7.23, 12.55, 12.11, 12.28, 4.47, 4.08, 1.29, 3.05, 3.87, 0.84, 2.71, 1.04, 7.64, 9.18, 0.51, 3.08, 15.1, 6.16, 3.56, 4.6, 3.06, 4.15], [14.68, 10.95, 8.56, 6.39, 1.9, 0.61, 5.82, 0.57, 7.29, 1.3, 7.76, 0.0, 6.78, 8.36, 7.05, 1.05, 3.26, 1.22, 1.9, 0.71, 1.45, 9.42, 11.41, 3.54, 8.55, 3.51, 1.88, 2.8, 2.11, 4.31, 7.96, 9.24, 7.56, 4.19, 7.06, 12.0, 12.27, 5.24, 5.04, 8.99, 10.86, 2.48, 5.12, 9.28, 4.43, 8.12, 0.29, 2.13, 7.67, 7.87], [4.18, 1.68, 14.05, 4.21, 8.3, 2.55, 15.81, 12.57, 5.59, 1.34, 5.16, 5.44, 0.0, 5.54, 4.03, 7.81, 12.17, 2.67, 3.67, 7.11, 5.94, 3.58, 11.01, 17.49, 8.98, 10.62, 14.22, 7.16, 5.12, 5.27, 2.75, 6.86, 12.26, 3.65, 14.83, 9.25, 9.11, 11.42, 13.65, 12.17, 5.25, 5.33, 9.31, 12.39, 0.93, 5.57, 3.75, 5.41, 20.33, 3.42], [4.95, 5.8, 10.83, 6.56, 8.3, 3.76, 6.29, 3.69, 11.8, 4.29, 6.23, 3.77, 1.6, 0.0, 19.51, 2.47, 11.14, 4.59, 3.01, 0.95, 6.35, 2.7, 8.51, 9.29, 8.57, 3.61, 10.2, 6.14, 10.06, 0.45, 1.62, 11.04, 11.88, 1.03, 6.51, 3.39, 2.37, 4.81, 18.84, 14.71, 9.75, 2.4, 5.13, 13.8, 2.56, 6.58, 1.84, 6.47, 6.26, 9.23], [8.84, 6.19, 0.0, 15.1, 7.98, 18.31, 5.88, 11.71, 3.86, 4.11, 2.81, 8.58, 11.68, 5.51, 0.0, 13.16, 4.0, 10.92, 13.4, 4.48, 5.97, 1.85, 2.83, 4.07, 1.06, 1.85, 1.19, 7.27, 12.99, 15.17, 13.16, 15.8, 7.84, 14.05, 4.52, 8.11, 6.69, 8.1, 2.4, 1.59, 9.27, 3.51, 0.49, 0.86, 9.66, 16.07, 11.57, 6.18, 6.54, 11.64], [6.81, 1.03, 9.69, 3.7, 5.83, 3.08, 9.54, 2.33, 3.9, 0.88, 2.63, 3.14, 9.98, 5.92, 2.73, 0.0, 7.27, 2.26, 1.48, 4.74, 0.81, 1.47, 6.56, 8.9, 13.89, 2.03, 2.67, 3.3, 7.12, 3.17, 1.91, 10.18, 5.56, 4.48, 4.19, 5.94, 5.72, 2.89, 3.49, 14.29, 8.57, 0.63, 3.99, 8.71, 5.41, 10.18, 3.63, 1.07, 2.15, 4.93], [4.18, 3.26, 11.76, 3.99, 6.15, 8.35, 2.58, 1.25, 5.51, 1.49, 10.49, 2.73, 14.34, 11.59, 6.97, 2.67, 0.0, 1.57, 6.79, 4.87, 4.79, 7.04, 7.91, 7.49, 7.18, 1.27, 3.66, 1.74, 14.26, 2.66, 10.43, 13.96, 10.41, 10.36, 10.67, 18.01, 7.17, 9.37, 3.42, 9.11, 20.23, 2.01, 8.35, 4.66, 1.87, 7.41, 3.52, 1.66, 4.58, 12.9], [11.48, 7.02, 2.47, 5.22, 1.48, 3.47, 2.51, 2.96, 1.57, 0.71, 7.19, 1.08, 2.5, 6.71, 16.26, 4.13, 3.17, 0.0, 7.11, 2.78, 5.59, 9.95, 10.96, 4.25, 3.8, 0.51, 4.29, 0.61, 12.34, 3.74, 10.66, 16.02, 6.58, 3.59, 6.53, 6.46, 9.2, 10.98, 9.94, 15.65, 10.18, 1.6, 2.1, 12.57, 7.03, 7.35, 2.21, 0.52, 1.71, 14.4], [3.68, 4.35, 2.92, 2.32, 10.34, 13.93, 14.26, 8.91, 6.15, 4.71, 8.18, 12.32, 10.67, 2.43, 6.69, 4.87, 14.24, 8.91, 0.0, 11.95, 5.66, 0.42, 0.86, 2.21, 7.04, 2.49, 6.9, 13.46, 3.29, 6.38, 5.6, 3.93, 1.49, 3.47, 3.21, 2.17, 0.47, 3.48, 4.03, 5.44, 2.7, 8.33, 11.01, 2.62, 1.31, 1.79, 11.35, 9.78, 3.94, 3.81], [13.87, 1.96, 19.53, 8.12, 7.81, 0.23, 4.08, 5.2, 9.69, 3.11, 14.73, 3.4, 12.92, 0.83, 1.98, 3.81, 3.47, 0.33, 6.44, 0.0, 5.26, 4.25, 14.68, 1.79, 2.69, 3.65, 2.7, 0.94, 11.64, 0.51, 9.05, 9.9, 6.8, 6.66, 7.95, 15.76, 15.1, 4.64, 7.39, 2.86, 5.22, 2.73, 6.91, 7.71, 11.08, 4.39, 1.25, 5.79, 5.39, 3.27], [6.57, 3.58, 8.13, 4.06, 8.24, 7.94, 5.25, 3.28, 3.18, 2.51, 3.41, 6.17, 4.06, 4.4, 3.98, 1.86, 6.62, 4.97, 4.6, 2.5, 0.0, 6.1, 4.78, 9.76, 9.98, 2.72, 0.88, 8.64, 4.9, 1.77, 8.15, 3.65, 5.44, 3.42, 7.48, 1.22, 1.04, 3.4, 6.32, 4.6, 8.7, 2.94, 8.39, 7.31, 5.32, 4.19, 4.21, 1.39, 8.56, 1.92], [0.74, 1.46, 12.23, 1.62, 6.64, 2.21, 15.72, 1.83, 2.94, 4.16, 4.16, 5.28, 9.48, 10.53, 6.5, 4.0, 1.57, 4.93, 0.32, 9.8, 1.76, 0.0, 0.8, 6.74, 10.02, 7.23, 5.9, 9.7, 1.2, 3.41, 7.23, 6.33, 1.17, 7.61, 6.08, 2.86, 1.08, 2.96, 4.87, 9.67, 2.27, 9.06, 6.83, 3.33, 9.49, 0.97, 5.07, 2.8, 11.17, 1.47], [2.37, 5.01, 2.46, 1.83, 2.14, 5.71, 12.63, 5.05, 5.68, 5.49, 4.09, 8.41, 3.94, 6.55, 13.2, 5.26, 14.17, 1.43, 0.33, 15.68, 4.46, 0.16, 0.0, 3.61, 8.46, 9.1, 6.96, 7.94, 0.59, 10.82, 7.51, 2.01, 0.28, 8.32, 0.81, 2.17, 0.16, 1.33, 10.65, 1.74, 1.17, 8.42, 5.97, 1.53, 2.87, 3.3, 9.17, 10.32, 6.6, 2.35], [7.46, 7.87, 2.72, 8.75, 3.59, 9.59, 3.53, 6.09, 0.46, 6.49, 0.63, 2.01, 8.6, 5.59, 3.42, 9.03, 8.61, 9.71, 4.52, 8.13, 1.61, 1.41, 2.43, 0.0, 4.4, 7.07, 3.21, 4.79, 6.54, 13.68, 2.48, 9.41, 4.34, 12.86, 2.18, 2.65, 8.12, 1.14, 0.55, 4.6, 14.57, 10.52, 0.32, 2.54, 10.09, 9.15, 8.51, 7.42, 2.63, 7.96], [6.42, 4.39, 0.99, 6.76, 3.52, 6.52, 8.15, 12.82, 3.61, 2.0, 2.14, 15.12, 21.5, 16.89, 1.64, 14.77, 5.88, 3.1, 8.67, 10.74, 4.84, 2.91, 8.22, 4.23, 0.0, 3.19, 5.71, 3.75, 11.87, 14.47, 10.44, 2.25, 5.63, 13.52, 3.04, 11.15, 5.6, 2.42, 1.25, 0.0, 12.19, 3.15, 1.93, 2.03, 11.13, 9.76, 8.39, 7.23, 4.77, 4.67], [12.68, 14.58, 7.74, 13.48, 2.66, 4.07, 0.68, 0.33, 13.47, 0.75, 8.6, 3.41, 8.05, 4.73, 12.41, 7.73, 0.67, 2.93, 6.35, 1.57, 7.51, 14.55, 16.07, 9.19, 7.99, 0.0, 4.1, 2.18, 1.83, 4.46, 3.42, 17.79, 5.36, 11.62, 11.49, 2.5, 15.56, 8.74, 2.07, 9.67, 3.3, 0.77, 6.68, 7.48, 13.42, 17.42, 3.13, 3.45, 6.65, 18.48], [2.78, 8.99, 6.16, 10.14, 5.46, 3.65, 6.47, 2.62, 4.07, 1.86, 9.15, 2.96, 13.71, 3.53, 11.33, 0.56, 3.97, 3.1, 1.34, 6.77, 4.39, 7.71, 9.8, 4.27, 9.51, 4.38, 0.0, 0.73, 1.81, 2.43, 7.7, 14.93, 8.01, 7.86, 0.93, 11.6, 6.99, 6.7, 2.47, 7.22, 4.53, 1.75, 4.2, 4.9, 9.61, 2.48, 2.52, 1.49, 2.11, 1.51], [16.05, 6.18, 13.48, 14.09, 3.58, 4.94, 2.31, 3.96, 12.61, 3.08, 8.83, 2.97, 4.98, 7.09, 2.48, 0.97, 3.22, 1.95, 8.57, 1.87, 2.75, 1.57, 2.66, 4.25, 2.79, 1.01, 4.59, 0.0, 8.88, 3.12, 4.26, 8.09, 7.78, 5.14, 6.33, 11.66, 7.74, 9.22, 7.53, 18.76, 4.37, 1.31, 10.08, 10.17, 4.73, 9.52, 1.53, 1.45, 2.11, 2.33], [4.01, 0.6, 17.18, 1.48, 7.72, 7.96, 17.89, 4.5, 12.52, 11.18, 5.04, 2.25, 4.08, 10.33, 9.16, 8.94, 15.62, 6.46, 0.79, 10.39, 6.96, 0.9, 2.48, 8.9, 7.37, 12.52, 6.45, 8.55, 0.0, 1.9, 7.79, 7.01, 1.54, 3.4, 3.3, 0.85, 3.37, 10.09, 13.64, 11.28, 3.16, 10.98, 10.34, 3.45, 3.97, 1.64, 4.83, 8.38, 10.52, 1.6], [7.85, 1.19, 15.35, 4.01, 8.07, 1.0, 1.22, 2.64, 2.72, 1.0, 12.68, 4.33, 3.82, 1.77, 17.01, 1.87, 3.56, 1.09, 6.96, 1.41, 5.36, 3.32, 2.47, 2.35, 7.58, 3.88, 8.33, 3.59, 3.02, 0.0, 5.97, 12.23, 11.11, 2.69, 3.49, 11.7, 8.29, 11.95, 3.43, 7.75, 14.51, 3.18, 9.29, 14.4, 2.8, 7.23, 3.59, 0.9, 5.07, 12.66], [4.54, 6.92, 12.53, 4.47, 17.07, 8.12, 8.86, 7.71, 19.5, 2.61, 16.67, 1.64, 2.88, 2.84, 14.73, 2.26, 7.15, 10.94, 8.47, 9.89, 6.39, 3.09, 9.98, 3.23, 9.84, 6.06, 10.7, 6.99, 7.49, 2.37, 0.0, 15.93, 14.74, 4.82, 13.93, 14.35, 6.32, 10.26, 20.37, 7.76, 13.71, 6.6, 16.0, 10.14, 1.79, 12.01, 7.26, 7.5, 13.51, 1.5], [1.07, 1.44, 9.99, 6.4, 3.21, 8.9, 8.13, 5.92, 4.15, 9.82, 12.12, 14.79, 8.07, 8.16, 12.83, 9.9, 2.32, 5.24, 5.29, 11.02, 9.18, 4.15, 2.72, 14.52, 13.87, 3.76, 14.8, 19.15, 1.13, 17.73, 7.99, 0.0, 2.7, 5.89, 5.36, 1.14, 1.55, 4.33, 8.76, 5.08, 0.88, 3.63, 8.14, 3.59, 2.07, 1.19, 14.79, 6.23, 5.41, 2.98], [2.69, 6.61, 7.15, 0.82, 8.23, 8.33, 13.44, 10.4, 0.93, 4.08, 7.25, 3.27, 2.9, 2.16, 3.29, 5.42, 12.89, 4.03, 1.05, 5.97, 6.22, 1.03, 0.68, 4.08, 4.71, 5.85, 7.24, 15.03, 4.68, 9.9, 4.73, 0.87, 0.0, 4.73, 1.91, 2.05, 1.86, 1.51, 5.14, 7.25, 3.47, 9.27, 6.87, 1.19, 8.48, 3.53, 8.41, 1.24, 10.6, 2.52], [1.81, 3.02, 8.14, 2.0, 3.71, 2.05, 6.02, 8.25, 13.54, 4.47, 5.34, 4.77, 0.56, 2.74, 10.58, 4.41, 8.83, 7.56, 1.95, 8.94, 1.15, 5.38, 6.64, 10.89, 3.84, 7.17, 6.9, 9.51, 6.1, 4.56, 2.28, 11.84, 7.36, 0.0, 3.73, 4.17, 3.42, 2.64, 7.44, 16.58, 1.97, 2.65, 12.31, 12.34, 1.34, 7.12, 8.69, 1.57, 3.17, 1.03], [1.3, 4.41, 6.64, 4.58, 4.29, 14.76, 3.34, 4.58, 1.7, 2.43, 2.05, 6.26, 6.97, 12.2, 5.35, 1.07, 2.18, 1.92, 4.96, 12.44, 4.66, 1.51, 1.39, 0.43, 5.2, 11.07, 2.86, 7.73, 8.84, 7.27, 14.05, 4.43, 2.29, 4.19, 0.0, 4.61, 6.43, 0.86, 4.0, 3.56, 1.75, 7.34, 5.4, 1.74, 8.29, 4.35, 9.66, 3.81, 6.01, 2.34], [0.23, 1.45, 8.18, 3.3, 11.23, 13.33, 13.41, 12.07, 11.58, 13.9, 2.77, 4.26, 6.82, 11.79, 15.48, 3.67, 15.82, 14.39, 1.63, 14.99, 8.3, 1.73, 2.42, 3.43, 4.88, 3.92, 1.85, 7.92, 3.73, 7.15, 10.25, 1.35, 3.18, 2.6, 1.12, 0.0, 2.51, 7.5, 10.24, 10.45, 2.02, 3.79, 15.12, 7.53, 5.18, 1.82, 15.21, 1.7, 15.79, 1.43], [2.87, 5.01, 14.31, 0.87, 7.04, 14.29, 7.22, 9.8, 8.09, 7.29, 3.49, 2.98, 3.56, 9.61, 1.8, 3.07, 11.78, 13.14, 0.92, 5.65, 6.85, 0.83, 0.23, 1.91, 4.03, 4.99, 5.7, 6.18, 4.03, 1.66, 11.96, 1.7, 1.73, 3.02, 1.54, 1.27, 0.0, 5.38, 6.51, 8.57, 1.4, 4.23, 11.57, 4.44, 3.82, 2.36, 9.73, 4.24, 13.8, 1.42], [5.26, 9.75, 6.96, 4.24, 4.27, 1.58, 5.7, 2.34, 3.13, 4.99, 1.81, 1.73, 14.4, 1.56, 7.12, 4.8, 7.51, 6.55, 5.19, 10.21, 3.46, 4.74, 4.62, 0.58, 5.19, 5.09, 5.59, 6.87, 10.38, 4.24, 7.11, 6.72, 0.85, 5.7, 0.5, 5.63, 4.1, 0.0, 1.47, 4.85, 2.87, 2.23, 6.68, 1.09, 4.96, 7.22, 9.62, 2.99, 1.9, 5.1], [4.89, 7.66, 2.69, 11.5, 6.14, 7.32, 11.56, 2.85, 1.54, 3.51, 0.98, 12.58, 16.52, 12.81, 0.63, 11.65, 4.09, 12.01, 8.37, 3.79, 5.19, 3.19, 1.47, 0.59, 2.16, 11.29, 4.42, 5.56, 15.11, 11.99, 8.54, 11.64, 8.4, 4.58, 4.77, 12.32, 5.13, 0.88, 0.0, 1.14, 13.93, 9.21, 1.33, 2.65, 16.97, 1.76, 4.94, 5.77, 3.35, 15.12], [9.89, 14.83, 1.75, 10.9, 9.62, 7.09, 12.62, 4.0, 0.63, 7.92, 1.68, 12.63, 6.42, 14.0, 1.23, 4.8, 2.25, 7.83, 9.39, 14.5, 2.51, 6.85, 9.95, 3.55, 0.0, 12.83, 3.74, 18.45, 15.65, 10.56, 22.7, 2.71, 6.22, 2.34, 5.19, 5.49, 5.66, 1.58, 4.44, 0.0, 10.83, 2.82, 2.72, 2.34, 14.65, 7.56, 3.82, 2.43, 4.28, 9.92], [3.83, 5.8, 9.14, 0.92, 3.05, 3.84, 11.37, 10.13, 6.09, 2.58, 6.34, 12.92, 2.26, 3.93, 9.89, 6.21, 11.6, 6.11, 3.08, 3.33, 8.01, 1.12, 4.54, 13.68, 10.11, 20.43, 9.57, 19.65, 1.86, 13.64, 7.86, 3.46, 4.65, 9.68, 2.67, 1.5, 4.86, 8.53, 12.4, 1.93, 0.0, 12.33, 6.54, 1.95, 2.57, 0.45, 14.71, 13.6, 16.67, 1.06], [8.1, 2.06, 3.91, 7.95, 2.76, 1.72, 8.54, 0.86, 2.64, 1.2, 12.66, 1.67, 6.61, 3.56, 5.75, 0.28, 4.6, 2.12, 3.49, 2.0, 3.59, 1.56, 2.88, 7.78, 8.3, 3.24, 1.74, 1.88, 8.89, 4.13, 8.62, 9.38, 6.23, 2.15, 3.75, 3.06, 1.63, 8.79, 4.1, 11.39, 5.92, 0.0, 3.36, 2.35, 5.46, 6.02, 0.73, 0.94, 3.17, 3.4], [5.72, 4.24, 0.98, 3.25, 4.16, 3.73, 11.38, 6.02, 3.3, 2.12, 1.12, 11.55, 8.0, 7.57, 1.99, 5.47, 10.68, 3.34, 4.94, 11.13, 8.04, 3.41, 7.59, 1.17, 0.69, 8.29, 2.84, 7.14, 16.84, 15.43, 16.4, 3.73, 5.95, 10.47, 1.23, 1.65, 9.57, 5.78, 1.34, 1.24, 4.56, 2.79, 0.0, 2.49, 19.05, 13.41, 8.8, 5.46, 2.27, 15.46], [7.53, 10.42, 4.82, 9.12, 5.25, 14.6, 12.33, 12.68, 2.06, 2.87, 1.85, 7.09, 6.72, 15.71, 1.85, 5.3, 14.07, 9.07, 2.13, 7.94, 3.11, 3.0, 2.47, 3.7, 4.83, 4.28, 4.14, 12.12, 10.58, 8.56, 10.84, 10.68, 1.26, 6.89, 1.11, 0.92, 4.03, 1.32, 4.21, 1.08, 5.83, 1.21, 0.96, 0.0, 14.34, 4.45, 6.14, 8.53, 8.77, 7.26], [8.79, 0.79, 13.22, 5.41, 6.35, 8.57, 14.68, 15.34, 4.21, 7.35, 13.98, 12.25, 0.2, 2.3, 19.06, 4.15, 6.42, 6.26, 6.86, 7.22, 4.44, 8.82, 8.31, 14.95, 10.18, 12.73, 2.81, 7.23, 3.85, 7.83, 0.91, 6.61, 3.71, 2.95, 11.53, 2.04, 8.08, 2.9, 18.37, 19.47, 3.98, 7.98, 12.63, 7.35, 0.0, 7.38, 12.91, 5.19, 2.48, 1.13], [1.26, 4.65, 7.19, 2.53, 15.45, 10.94, 19.13, 5.89, 3.98, 12.0, 3.4, 1.51, 9.12, 11.68, 16.35, 2.66, 10.12, 11.74, 0.9, 3.38, 6.29, 3.42, 0.43, 8.97, 2.01, 4.61, 10.12, 17.6, 2.03, 9.64, 4.8, 1.64, 1.69, 7.52, 2.9, 1.77, 0.72, 2.72, 11.16, 6.88, 1.17, 7.58, 12.22, 1.49, 7.65, 0.0, 3.87, 10.19, 7.53, 0.97], [10.88, 2.36, 4.83, 2.73, 6.07, 2.28, 3.96, 0.75, 2.91, 0.15, 8.84, 0.23, 4.77, 8.24, 12.24, 2.01, 3.7, 1.48, 6.63, 2.85, 5.29, 4.13, 6.86, 4.86, 15.06, 3.0, 0.7, 3.39, 8.68, 2.2, 3.7, 9.78, 3.26, 3.08, 9.17, 9.11, 4.98, 5.19, 11.64, 5.73, 10.42, 2.84, 1.91, 9.21, 4.94, 13.06, 0.0, 0.86, 1.4, 11.91], [7.45, 3.21, 8.33, 2.35, 4.76, 3.37, 4.21, 1.2, 7.65, 0.0, 1.98, 0.76, 4.83, 2.46, 11.2, 1.72, 4.22, 2.67, 2.83, 1.12, 0.67, 9.07, 8.21, 4.37, 10.01, 2.6, 0.68, 4.63, 10.28, 4.75, 7.14, 8.92, 9.77, 3.06, 7.88, 4.98, 10.23, 1.91, 1.32, 7.96, 8.85, 1.8, 1.64, 10.16, 5.95, 8.71, 0.94, 0.0, 7.29, 4.8], [2.69, 15.96, 2.78, 10.43, 0.96, 9.94, 2.28, 1.99, 5.01, 7.14, 4.67, 7.53, 17.16, 4.92, 7.42, 3.84, 3.01, 3.68, 13.63, 4.99, 8.89, 4.95, 12.85, 4.08, 7.96, 1.54, 0.88, 2.91, 11.16, 2.8, 20.52, 9.62, 3.34, 12.87, 1.89, 5.15, 9.26, 9.9, 2.72, 2.14, 19.33, 6.05, 4.33, 7.75, 14.32, 6.09, 5.87, 5.4, 0.0, 4.5], [1.38, 1.59, 6.49, 1.76, 2.0, 14.48, 8.16, 9.65, 1.99, 1.63, 1.64, 5.62, 3.51, 12.27, 16.01, 5.45, 13.01, 3.18, 1.08, 11.84, 5.93, 4.11, 4.4, 9.86, 8.36, 6.11, 4.94, 6.03, 0.6, 9.53, 1.74, 1.73, 4.78, 7.85, 5.63, 1.93, 1.54, 3.2, 9.44, 5.1, 0.36, 6.73, 5.63, 3.3, 7.05, 0.56, 12.01, 11.63, 13.56, 0.0]]
vans = [10, 8, 10]

