J = [0, 1, 2, 3]
K = [4, 5]
L = [6, 7, 8]
I = [0, 1, 2, 3, 4, 5, 6, 7, 8]
N = [0, 1, 2, 3, 4, 5, 6, 7, 8, 9, 10, 11, 12, 13, 14, 15, 16, 17, 18, 19, 20, 21, 22, 23, 24, 25, 26, 27, 28, 29, 30, 31, 32, 33, 34, 35, 36, 37, 38, 39, 40, 41, 42, 43, 44, 45, 46, 47, 48, 49, 50, 51, 52, 53, 54, 55, 56, 57, 58, 59, 60, 61, 62, 63, 64, 65, 66, 67, 68, 69, 70, 71, 72, 73, 74, 75, 76, 77, 78, 79, 80, 81, 82, 83, 84, 85, 86, 87, 88, 89, 90, 91, 92, 93, 94, 95, 96, 97, 98, 99]
demand = [469, 1021, 1020, 863, 1035, 447, 777, 822, 1140, 1000, 792, 447, 666, 551, 581, 543, 1056, 1035, 1156, 548, 489, 581, 991, 700, 550, 1134, 787, 938, 527, 498, 447, 533, 1095, 462, 752, 1176, 1052, 1165, 861, 700, 662, 921, 965, 883, 901, 515, 743, 908, 582, 1020, 543, 1046, 1059, 999, 613, 410, 1187, 663, 723, 484, 697, 891, 1098, 402, 997, 1052, 920, 695, 495, 715, 1082, 486, 1002, 1121, 949, 992, 401, 640, 437, 513, 977, 840, 1087, 769, 794, 911, 1049, 837, 837, 844, 696, 798, 1068, 401, 783, 632, 863, 710, 615, 465]
hub = [0, 0, 3, 2, 3, 3, 1, 0, 2, 3, 2, 3, 0, 3, 0, 3, 2, 3, 3, 3, 3, 0, 1, 3, 0, 3, 3, 2, 0, 3, 3, 3, 0, 1, 1, 0, 1, 1, 3, 0, 1, 0, 2, 2, 2, 2, 3, 3, 1, 2, 3, 0, 3, 0, 2, 3, 3, 0, 2, 0, 3, 0, 0, 1, 1, 2, 1, 0, 0, 3, 1, 1, 2, 2, 3, 0, 1, 3, 1, 2, 0, 1, 2, 0, 3, 2, 3, 3, 1, 3, 0, 3, 3, 0, 0, 3, 3, 0, 2, 1]
release = [7, 47, 25, 9, 9, 18, 1, 23, 13, 38, 44, 44, 17, 3, 48, 2, 32, 9, 17, 14, 46, 25, 23, 46, 47, 21, 0, 18, 16, 42, 16, 39, 26, 19, 12, 27, 16, 48, 35, 22, 40, 6, 1, 21, 23, 1, 36, 23, 23, 25, 34, 26, 19, 23, 11, 15, 16, 25, 9, 10, 27, 30, 46, 39, 29, 0, 22, 16, 8, 20, 29, 1, 27, 34, 14, 38, 29, 36, 27, 40, 2, 22, 14, 15, 8, 24, 33, 31, 10, 4, 18, 34, 30, 45, 18, 10, 23, 24, 3, 19]
Nj = [[0, 1, 7, 12, 14, 21, 24, 28, 32, 35, 39, 41, 51, 53, 57, 59, 61, 62, 67, 68, 75, 80, 83, 90, 93, 94, 97], [6, 22, 33, 34, 36, 37, 40, 48, 63, 64, 66, 70, 71, 76, 78, 81, 88, 99], [3, 8, 10, 16, 27, 42, 43, 44, 45, 49, 54, 58, 65, 72, 73, 79, 82, 85, 98], [2, 4, 5, 9, 11, 13, 15, 17, 18, 19, 20, 23, 25, 26, 29, 30, 31, 38, 46, 47, 50, 52, 55, 56, 60, 69, 74, 77, 84, 86, 87, 89, 91, 92, 95, 96]]
Gj = [[0, 1, 2, 3, 4, 5, 6, 7, 8, 9, 10, 11, 12, 13, 14, 15, 16, 17, 18, 19, 20, 21, 22, 23, 24, 25, 26], [27, 28, 29, 30, 31, 32, 33, 34, 35, 36, 37, 38, 39, 40, 41, 42, 43, 44], [45, 46, 47, 48, 49, 50, 51, 52, 53, 54, 55, 56, 57, 58, 59, 60, 61, 62, 63], [64, 65, 66, 67, 68, 69, 70, 71, 72, 73, 74, 75, 76, 77, 78, 79, 80, 81, 82, 83, 84, 85, 86, 87, 88, 89, 90, 91, 92, 93, 94, 95, 96, 97, 98, 99]]
G = [0, 1, 2, 3, 4, 5, 6, 7, 8, 9, 10, 11, 12, 13, 14, 15, 16, 17, 18, 19, 20, 21, 22, 23, 24, 25, 26, 27, 28, 29, 30, 31, 32, 33, 34, 35, 36, 37, 38, 39, 40, 41, 42, 43, 44, 45, 46, 47, 48, 49, 50, 51, 52, 53, 54, 55, 56, 57, 58, 59, 60, 61, 62, 63, 64, 65, 66, 67, 68, 69, 70, 71, 72, 73, 74, 75, 76, 77, 78, 79, 80, 81, 82, 83, 84, 85, 86, 87, 88, 89, 90, 91, 92, 93, 94, 95, 96, 97, 98, 99]
deadline = [168, 192, 240, 216, 240, 192, 240, 216, 192, 168, 168, 240, 216, 168, 216, 240, 240, 240, 240, 192, 168, 240, 192, 216, 192, 192, 192, 216, 192, 240, 240, 168, 216, 216, 240, 216, 192, 168, 192, 216, 216, 216, 168, 240, 168, 240, 216, 192, 168, 168, 240, 192, 216, 240, 192, 168, 240, 240, 240, 168, 216, 216, 216, 240, 168, 168, 216, 216, 192, 216, 240, 240, 240, 168, 216, 216, 192, 192, 168, 216, 240, 192, 240, 240, 168, 240, 240, 192, 192, 192, 168, 192, 216, 168, 216, 168, 192, 168, 240, 216]
weight = [100, 20, 50, 30, 60, 90, 50, 10, 10, 60, 50, 20, 90, 20, 90, 30, 30, 10, 60, 10, 90, 100, 30, 90, 100, 10, 70, 40, 70, 90, 20, 70, 40, 90, 30, 30, 80, 60, 50, 50, 60, 30, 60, 10, 100, 40, 20, 50, 60, 30, 50, 90, 70, 40, 20, 100, 30, 80, 40, 30, 10, 50, 20, 20, 90, 100, 70, 70, 10, 90, 10, 30, 100, 40, 90, 80, 50, 90, 50, 60, 20, 60, 80, 70, 60, 100, 90, 80, 70, 60, 10, 30, 70, 80, 60, 30, 80, 40, 100, 70]
q = 2000
M = [0, 1, 2]
M_description = ['Road', 'Rail', 'Ship']
accessibility = [[1, 0, 1], [1, 0, 0], [1, 0, 1], [1, 1, 0], [1, 1, 1], [1, 1, 1], [1, 1, 1], [1, 1, 0], [1, 0, 0]]
S = [0, 1, 2, 3, 4, 5, 6, 7, 8, 9, 10, 11, 12, 13, 14, 15, 16, 17, 18, 19, 20, 21, 22, 23, 24, 25, 26, 27, 28, 29, 30, 31, 32, 33, 34, 35, 36, 37, 38, 39, 40, 41, 42, 43, 44, 45, 46, 47, 48, 49, 50, 51, 52, 53, 54, 55, 56, 57, 58, 59, 60, 61, 62, 63, 64, 65, 66, 67, 68, 69, 70, 71, 72, 73, 74, 75, 76, 77, 78, 79, 80, 81, 82, 83, 84, 85, 86, 87, 88, 89, 90, 91, 92, 93, 94, 95, 96, 97, 98, 99, 100, 101, 102, 103, 104, 105, 106, 107, 108, 109, 110, 111, 112, 113, 114, 115, 116, 117, 118, 119, 120, 121, 122, 123, 124, 125, 126, 127, 128, 129, 130, 131, 132, 133, 134, 135, 136, 137, 138, 139, 140, 141, 142, 143, 144, 145, 146, 147, 148, 149, 150, 151, 152, 153, 154, 155, 156, 157, 158, 159, 160, 161, 162, 163, 164, 165, 166, 167, 168, 169, 170, 171, 172, 173, 174, 175, 176, 177, 178, 179, 180, 181, 182, 183, 184, 185, 186, 187, 188, 189, 190, 191, 192, 193, 194, 195, 196, 197, 198, 199, 200, 201, 202, 203, 204, 205, 206, 207, 208, 209, 210, 211, 212, 213, 214, 215, 216, 217, 218, 219, 220, 221, 222, 223, 224, 225, 226, 227, 228, 229, 230, 231, 232, 233, 234, 235, 236, 237, 238, 239, 240, 241, 242, 243, 244, 245, 246, 247, 248, 249, 250, 251, 252, 253, 254, 255, 256, 257, 258, 259, 260, 261, 262, 263, 264, 265, 266, 267, 268, 269, 270, 271, 272, 273, 274, 275]
origin = [0, 0, 0, 0, 0, 0, 0, 0, 0, 0, 0, 0, 0, 0, 0, 0, 0, 0, 0, 0, 0, 0, 0, 0, 0, 0, 0, 0, 0, 0, 0, 0, 1, 1, 1, 1, 1, 1, 1, 1, 1, 1, 1, 1, 1, 1, 1, 1, 1, 1, 1, 1, 1, 1, 1, 1, 1, 1, 1, 1, 1, 1, 1, 1, 2, 2, 2, 2, 2, 2, 2, 2, 2, 2, 2, 2, 2, 2, 2, 2, 2, 2, 2, 2, 2, 2, 2, 2, 2, 2, 2, 2, 2, 2, 2, 2, 3, 3, 3, 3, 3, 3, 3, 3, 3, 3, 3, 3, 3, 3, 3, 3, 3, 3, 3, 3, 3, 3, 3, 3, 3, 3, 3, 3, 3, 3, 3, 3, 4, 4, 4, 4, 4, 4, 4, 4, 4, 4, 4, 4, 4, 4, 4, 4, 4, 4, 4, 4, 4, 4, 4, 4, 4, 4, 4, 4, 4, 4, 4, 4, 5, 5, 5, 5, 5, 5, 5, 5, 5, 5, 5, 5, 5, 5, 5, 5, 5, 5, 5, 5, 5, 5, 5, 5, 5, 5, 5, 5, 5, 5, 5, 5, 3, 3, 3, 3, 3, 3, 3, 3, 3, 3, 3, 3, 4, 4, 4, 4, 4, 4, 4, 4, 4, 4, 4, 4, 5, 5, 5, 5, 5, 5, 5, 5, 5, 5, 5, 5, 0, 0, 0, 0, 0, 0, 0, 0, 0, 0, 0, 0, 2, 2, 2, 2, 2, 2, 2, 2, 2, 2, 2, 2, 4, 4, 4, 4, 4, 4, 4, 4, 4, 4, 4, 4, 5, 5, 5, 5, 5, 5, 5, 5, 5, 5, 5, 5]
destination = [1, 1, 1, 1, 2, 2, 2, 2, 3, 3, 3, 3, 4, 4, 4, 4, 5, 5, 5, 5, 6, 6, 6, 6, 7, 7, 7, 7, 8, 8, 8, 8, 0, 0, 0, 0, 2, 2, 2, 2, 3, 3, 3, 3, 4, 4, 4, 4, 5, 5, 5, 5, 6, 6, 6, 6, 7, 7, 7, 7, 8, 8, 8, 8, 0, 0, 0, 0, 1, 1, 1, 1, 3, 3, 3, 3, 4, 4, 4, 4, 5, 5, 5, 5, 6, 6, 6, 6, 7, 7, 7, 7, 8, 8, 8, 8, 0, 0, 0, 0, 1, 1, 1, 1, 2, 2, 2, 2, 4, 4, 4, 4, 5, 5, 5, 5, 6, 6, 6, 6, 7, 7, 7, 7, 8, 8, 8, 8, 0, 0, 0, 0, 1, 1, 1, 1, 2, 2, 2, 2, 3, 3, 3, 3, 5, 5, 5, 5, 6, 6, 6, 6, 7, 7, 7, 7, 8, 8, 8, 8, 0, 0, 0, 0, 1, 1, 1, 1, 2, 2, 2, 2, 3, 3, 3, 3, 4, 4, 4, 4, 6, 6, 6, 6, 7, 7, 7, 7, 8, 8, 8, 8, 4, 4, 4, 5, 5, 5, 6, 6, 6, 7, 7, 7, 3, 3, 3, 5, 5, 5, 6, 6, 6, 7, 7, 7, 3, 3, 3, 4, 4, 4, 6, 6, 6, 7, 7, 7, 2, 2, 2, 4, 4, 4, 5, 5, 5, 6, 6, 6, 0, 0, 0, 4, 4, 4, 5, 5, 5, 6, 6, 6, 0, 0, 0, 2, 2, 2, 5, 5, 5, 6, 6, 6, 0, 0, 0, 2, 2, 2, 4, 4, 4, 6, 6, 6]
departure = [8, 56, 104, 152, 8, 56, 104, 152, 8, 56, 104, 152, 8, 56, 104, 152, 8, 56, 104, 152, 8, 56, 104, 152, 8, 56, 104, 152, 8, 56, 104, 152, 8, 56, 104, 152, 8, 56, 104, 152, 8, 56, 104, 152, 8, 56, 104, 152, 8, 56, 104, 152, 8, 56, 104, 152, 8, 56, 104, 152, 8, 56, 104, 152, 8, 56, 104, 152, 8, 56, 104, 152, 8, 56, 104, 152, 8, 56, 104, 152, 8, 56, 104, 152, 8, 56, 104, 152, 8, 56, 104, 152, 8, 56, 104, 152, 8, 56, 104, 152, 8, 56, 104, 152, 8, 56, 104, 152, 8, 56, 104, 152, 8, 56, 104, 152, 8, 56, 104, 152, 8, 56, 104, 152, 8, 56, 104, 152, 12, 60, 108, 156, 12, 60, 108, 156, 12, 60, 108, 156, 12, 60, 108, 156, 12, 60, 108, 156, 12, 60, 108, 156, 12, 60, 108, 156, 12, 60, 108, 156, 12, 60, 108, 156, 12, 60, 108, 156, 12, 60, 108, 156, 12, 60, 108, 156, 12, 60, 108, 156, 12, 60, 108, 156, 12, 60, 108, 156, 12, 60, 108, 156, 33, 81, 129, 33, 81, 129, 33, 81, 129, 33, 81, 129, 37, 85, 133, 37, 85, 133, 37, 85, 133, 37, 85, 133, 37, 85, 133, 37, 85, 133, 37, 85, 133, 37, 85, 133, 10, 58, 106, 10, 58, 106, 10, 58, 106, 10, 58, 106, 10, 58, 106, 10, 58, 106, 10, 58, 106, 10, 58, 106, 13, 61, 109, 13, 61, 109, 13, 61, 109, 13, 61, 109, 13, 61, 109, 13, 61, 109, 13, 61, 109, 13, 61, 109]
arrival = [100, 148, 172, 244, 28, 76, 196, 220, 100, 76, 172, 196, 84, 156, 156, 252, 60, 108, 204, 228, 160, 136, 208, 256, 112, 136, 208, 256, 88, 136, 232, 304, 28, 124, 172, 196, 52, 124, 196, 220, 28, 124, 148, 220, 60, 132, 204, 204, 84, 132, 156, 204, 136, 184, 256, 304, 112, 136, 256, 304, 160, 160, 256, 232, 28, 100, 196, 196, 52, 76, 172, 244, 100, 124, 196, 172, 60, 108, 180, 252, 60, 108, 204, 228, 160, 184, 232, 256, 88, 208, 208, 280, 160, 184, 184, 304, 28, 124, 196, 196, 52, 148, 148, 172, 76, 148, 172, 196, 84, 108, 180, 204, 84, 156, 204, 252, 112, 208, 232, 280, 88, 136, 232, 280, 112, 208, 232, 280, 56, 152, 200, 248, 56, 104, 152, 248, 56, 80, 128, 200, 104, 128, 176, 200, 64, 160, 184, 256, 92, 140, 212, 236, 92, 212, 212, 260, 116, 164, 188, 236, 32, 104, 128, 224, 32, 80, 200, 248, 56, 104, 200, 200, 32, 128, 200, 200, 64, 136, 208, 256, 164, 164, 260, 260, 164, 140, 260, 260, 140, 140, 236, 284, 110, 134, 206, 86, 182, 230, 162, 186, 234, 138, 186, 258, 82, 178, 154, 138, 162, 210, 118, 214, 286, 166, 238, 262, 106, 154, 154, 138, 162, 210, 190, 166, 286, 142, 238, 262, 32, 104, 152, 112, 136, 160, 88, 160, 184, 140, 212, 260, 32, 80, 152, 64, 160, 184, 88, 160, 184, 140, 140, 260, 82, 130, 202, 58, 106, 130, 66, 162, 186, 118, 214, 190, 82, 82, 202, 58, 154, 130, 114, 114, 186, 118, 166, 214]
Q = [4, 2, 2, 4, 2, 2, 2, 2, 4, 2, 2, 4, 2, 2, 4, 4, 2, 4, 2, 4, 4, 2, 2, 4, 2, 4, 4, 2, 4, 4, 2, 4, 4, 2, 2, 2, 2, 4, 2, 4, 4, 4, 2, 2, 2, 4, 2, 2, 2, 4, 2, 2, 4, 2, 2, 2, 4, 4, 2, 4, 2, 4, 4, 2, 2, 4, 2, 4, 4, 2, 4, 2, 2, 2, 4, 2, 2, 4, 4, 4, 4, 4, 4, 2, 4, 2, 2, 2, 4, 4, 2, 4, 4, 4, 2, 4, 2, 4, 4, 2, 2, 2, 2, 2, 4, 4, 4, 2, 4, 4, 4, 2, 4, 2, 2, 2, 2, 2, 4, 2, 2, 4, 2, 4, 2, 2, 4, 4, 2, 4, 4, 4, 4, 2, 4, 4, 2, 2, 4, 2, 4, 2, 4, 4, 2, 4, 4, 2, 4, 4, 4, 4, 2, 4, 4, 2, 2, 4, 4, 2, 4, 2, 2, 2, 4, 4, 2, 4, 4, 2, 2, 4, 2, 4, 4, 2, 4, 2, 4, 2, 4, 4, 2, 2, 4, 2, 4, 2, 2, 2, 2, 2, 6, 6, 6, 3, 6, 3, 6, 3, 6, 6, 6, 3, 3, 6, 3, 6, 6, 6, 6, 6, 6, 3, 3, 3, 3, 3, 6, 6, 6, 6, 6, 6, 6, 6, 6, 6, 5, 5, 5, 5, 5, 10, 10, 5, 5, 5, 10, 10, 10, 10, 5, 5, 5, 5, 10, 5, 10, 10, 5, 5, 10, 5, 5, 5, 5, 10, 5, 10, 5, 5, 10, 5, 10, 5, 5, 5, 10, 10, 5, 10, 10, 5, 5, 5]
cfixed = [210, 265, 294, 204, 298, 287, 227, 266, 240, 261, 203, 212, 216, 204, 293, 240, 246, 200, 254, 225, 260, 265, 269, 229, 236, 200, 224, 244, 205, 285, 258, 291, 210, 300, 247, 207, 244, 208, 236, 268, 275, 293, 284, 271, 229, 263, 248, 282, 250, 271, 292, 273, 205, 239, 283, 220, 266, 217, 218, 264, 242, 252, 292, 289, 239, 285, 203, 249, 240, 283, 274, 250, 283, 232, 208, 258, 259, 224, 203, 266, 211, 277, 256, 220, 208, 298, 240, 201, 251, 234, 292, 241, 228, 278, 235, 202, 274, 240, 260, 279, 233, 242, 276, 267, 241, 292, 254, 210, 267, 222, 269, 273, 273, 252, 294, 295, 274, 242, 298, 226, 286, 290, 214, 236, 253, 238, 209, 247, 288, 239, 294, 296, 286, 261, 264, 226, 288, 215, 223, 246, 260, 264, 211, 227, 289, 210, 264, 296, 263, 222, 203, 227, 205, 237, 253, 234, 201, 276, 279, 295, 234, 222, 291, 230, 208, 236, 237, 294, 292, 259, 265, 266, 227, 276, 275, 283, 213, 284, 229, 247, 209, 222, 222, 272, 216, 264, 250, 227, 203, 262, 280, 276, 373, 499, 382, 317, 330, 483, 476, 410, 410, 356, 484, 385, 347, 482, 418, 479, 397, 313, 400, 366, 441, 470, 468, 494, 359, 343, 475, 391, 433, 301, 357, 307, 434, 445, 318, 385, 515, 511, 620, 514, 642, 612, 561, 597, 691, 578, 571, 657, 588, 592, 681, 650, 523, 628, 521, 627, 591, 630, 683, 541, 634, 515, 667, 617, 523, 528, 670, 644, 650, 583, 555, 698, 582, 575, 571, 652, 687, 638, 642, 649, 579, 585, 513, 568]
ctravel = [92, 92, 68, 92, 20, 20, 92, 68, 92, 20, 68, 44, 76, 100, 52, 100, 52, 52, 100, 76, 152, 80, 104, 104, 104, 80, 104, 104, 80, 80, 128, 152, 20, 68, 68, 44, 44, 68, 92, 68, 20, 68, 44, 68, 52, 76, 100, 52, 76, 76, 52, 52, 128, 128, 152, 152, 104, 80, 152, 152, 152, 104, 152, 80, 20, 44, 92, 44, 44, 20, 68, 92, 92, 68, 92, 20, 52, 52, 76, 100, 52, 52, 100, 76, 152, 128, 128, 104, 80, 152, 104, 128, 152, 128, 80, 152, 20, 68, 92, 44, 44, 92, 44, 20, 68, 92, 68, 44, 76, 52, 76, 52, 76, 100, 100, 100, 104, 152, 128, 128, 80, 80, 128, 128, 104, 152, 128, 128, 44, 92, 92, 92, 44, 44, 44, 92, 44, 20, 20, 44, 92, 68, 68, 44, 52, 100, 76, 100, 80, 80, 104, 80, 80, 152, 104, 104, 104, 104, 80, 80, 20, 44, 20, 68, 20, 20, 92, 92, 44, 44, 92, 44, 20, 68, 92, 44, 52, 76, 100, 100, 152, 104, 152, 104, 152, 80, 152, 104, 128, 80, 128, 128, 61.6, 42.400000000000006, 61.6, 42.400000000000006, 80.80000000000001, 80.80000000000001, 103.2, 84.0, 84.0, 84.0, 84.0, 103.2, 36.0, 74.4, 16.8, 80.80000000000001, 61.6, 61.6, 64.8, 103.2, 122.4, 103.2, 122.4, 103.2, 55.2, 55.2, 16.8, 80.80000000000001, 61.6, 61.6, 122.4, 64.8, 122.4, 84.0, 122.4, 103.2, 13.2, 27.599999999999998, 27.599999999999998, 61.199999999999996, 46.8, 32.4, 46.8, 61.199999999999996, 46.8, 78.0, 92.39999999999999, 92.39999999999999, 13.2, 13.2, 27.599999999999998, 32.4, 61.199999999999996, 46.8, 46.8, 61.199999999999996, 46.8, 78.0, 49.199999999999996, 92.39999999999999, 41.4, 41.4, 55.8, 27.0, 27.0, 12.6, 31.799999999999997, 60.599999999999994, 46.199999999999996, 63.0, 91.8, 48.6, 41.4, 12.6, 55.8, 27.0, 55.8, 12.6, 60.599999999999994, 31.799999999999997, 46.199999999999996, 63.0, 63.0, 63.0]
mode = [0, 0, 0, 0, 0, 0, 0, 0, 0, 0, 0, 0, 0, 0, 0, 0, 0, 0, 0, 0, 0, 0, 0, 0, 0, 0, 0, 0, 0, 0, 0, 0, 0, 0, 0, 0, 0, 0, 0, 0, 0, 0, 0, 0, 0, 0, 0, 0, 0, 0, 0, 0, 0, 0, 0, 0, 0, 0, 0, 0, 0, 0, 0, 0, 0, 0, 0, 0, 0, 0, 0, 0, 0, 0, 0, 0, 0, 0, 0, 0, 0, 0, 0, 0, 0, 0, 0, 0, 0, 0, 0, 0, 0, 0, 0, 0, 0, 0, 0, 0, 0, 0, 0, 0, 0, 0, 0, 0, 0, 0, 0, 0, 0, 0, 0, 0, 0, 0, 0, 0, 0, 0, 0, 0, 0, 0, 0, 0, 0, 0, 0, 0, 0, 0, 0, 0, 0, 0, 0, 0, 0, 0, 0, 0, 0, 0, 0, 0, 0, 0, 0, 0, 0, 0, 0, 0, 0, 0, 0, 0, 0, 0, 0, 0, 0, 0, 0, 0, 0, 0, 0, 0, 0, 0, 0, 0, 0, 0, 0, 0, 0, 0, 0, 0, 0, 0, 0, 0, 0, 0, 0, 0, 1, 1, 1, 1, 1, 1, 1, 1, 1, 1, 1, 1, 1, 1, 1, 1, 1, 1, 1, 1, 1, 1, 1, 1, 1, 1, 1, 1, 1, 1, 1, 1, 1, 1, 1, 1, 2, 2, 2, 2, 2, 2, 2, 2, 2, 2, 2, 2, 2, 2, 2, 2, 2, 2, 2, 2, 2, 2, 2, 2, 2, 2, 2, 2, 2, 2, 2, 2, 2, 2, 2, 2, 2, 2, 2, 2, 2, 2, 2, 2, 2, 2, 2, 2]
delivery_process = ['Direct-Shipment', 'Cross-Docking', 'Direct-Shipment']
distance_ln = [[4.19, 2.68, 3.27, 2.24, 0.75, 12.99, 9.39, 9.55, 2.39, 1.29, 0.0, 1.97, 4.02, 6.03, 3.86, 12.54, 3.55, 9.0, 7.55, 15.13, 2.26, 1.53, 5.69, 8.4, 10.47, 16.07, 11.71, 0.26, 3.74, 4.81, 3.9, 5.12, 5.63, 7.16, 6.58, 0.74, 3.5, 7.03, 1.51, 11.9, 3.6, 11.95, 13.22, 1.39, 3.59, 3.09, 8.26, 6.05, 2.56, 10.33, 2.42, 11.05, 4.51, 6.63, 10.89, 3.41, 1.44, 8.7, 4.09, 9.76, 3.26, 5.99, 2.71, 5.34, 10.72, 0.78, 10.86, 1.43, 2.21, 5.0, 12.58, 7.85, 6.01, 1.07, 4.54, 4.8, 18.97, 12.03, 3.2, 6.47, 6.84, 9.46, 0.83, 13.75, 8.79, 6.83, 14.43, 5.91, 2.44, 6.76, 5.47, 5.08, 6.63, 13.19, 6.11, 0.42, 2.6, 13.46, 3.99, 0.0], [8.27, 7.99, 2.66, 3.36, 5.55, 12.73, 3.4, 9.41, 2.54, 6.3, 5.34, 5.9, 6.43, 6.5, 2.22, 1.8, 2.0, 2.26, 4.92, 10.69, 3.99, 3.51, 1.11, 5.05, 1.32, 5.29, 6.68, 2.75, 8.77, 3.21, 4.88, 5.14, 1.43, 4.54, 7.52, 3.0, 2.38, 3.08, 6.72, 9.22, 5.34, 8.85, 14.33, 6.08, 4.2, 16.5, 3.38, 2.95, 0.22, 1.71, 13.92, 5.62, 2.71, 1.72, 2.1, 1.32, 16.86, 6.92, 1.54, 15.67, 16.13, 7.09, 7.17, 6.33, 1.39, 7.82, 6.45, 3.8, 15.39, 4.97, 4.4, 9.4, 7.06, 14.09, 16.88, 1.94, 2.87, 6.88, 12.03, 4.96, 5.34, 4.65, 0.93, 4.74, 8.61, 6.23, 4.02, 11.09, 0.71, 15.14, 10.53, 15.35, 3.77, 17.62, 5.29, 7.02, 5.86, 9.46, 2.65, 5.45], [8.24, 4.42, 6.88, 3.57, 4.78, 9.59, 3.5, 4.38, 4.11, 3.75, 4.08, 1.8, 12.65, 3.28, 2.05, 10.56, 1.36, 10.32, 5.21, 12.02, 5.58, 4.32, 5.6, 3.12, 2.77, 21.55, 21.83, 6.29, 3.18, 6.11, 5.68, 3.04, 0.48, 3.54, 15.16, 5.58, 1.28, 16.36, 4.73, 13.43, 0.65, 5.48, 14.92, 11.5, 5.93, 7.22, 4.41, 0.95, 0.77, 0.45, 8.06, 6.07, 0.74, 5.82, 1.47, 0.51, 2.68, 10.6, 2.66, 10.94, 6.56, 4.48, 10.13, 6.55, 1.4, 4.03, 2.38, 3.89, 8.72, 10.87, 1.91, 7.56, 2.5, 16.72, 9.74, 6.19, 8.49, 5.39, 1.67, 3.55, 1.31, 12.37, 1.3, 7.82, 14.4, 5.28, 12.74, 5.94, 3.61, 3.51, 9.36, 16.79, 9.22, 8.18, 8.58, 5.37, 8.14, 11.29, 7.26, 4.78]]
distance_nn = [[0.0, 0.46, 1.14, 8.88, 7.22, 3.5, 15.9, 2.61, 2.86, 6.28, 2.88, 6.44, 3.57, 6.69, 8.04, 1.62, 6.87, 3.24, 4.56, 2.79, 6.22, 9.56, 2.44, 9.83, 6.6, 3.48, 3.61, 2.67, 1.8, 2.47, 5.84, 15.14, 9.48, 7.15, 7.87, 8.36, 6.06, 0.31, 2.17, 0.92, 10.29, 6.22, 2.03, 5.11, 2.78, 13.23, 3.92, 6.3, 7.77, 5.73, 5.83, 3.83, 8.77, 1.96, 2.06, 13.83, 2.07, 7.45, 12.74, 3.14, 3.62, 2.12, 3.08, 2.3, 11.87, 3.93, 3.8, 3.79, 4.28, 5.5, 2.98, 2.57, 3.52, 1.59, 1.67, 6.02, 12.91, 7.47, 3.82, 1.94, 3.82, 1.6, 2.69, 4.45, 6.09, 2.94, 9.63, 3.62, 12.04, 0.31, 11.9, 12.63, 1.51, 4.98, 8.91, 9.44, 4.24, 8.49, 3.8, 5.97], [0.39, 0.0, 5.77, 6.45, 5.25, 11.81, 9.02, 4.06, 5.62, 9.49, 3.56, 3.67, 2.52, 1.32, 3.56, 3.08, 4.01, 2.81, 2.39, 4.94, 9.52, 3.34, 0.94, 9.33, 16.19, 2.13, 7.74, 7.39, 1.25, 2.95, 5.45, 12.37, 12.62, 6.84, 3.95, 1.38, 4.83, 0.35, 1.69, 3.19, 19.75, 5.12, 0.75, 0.93, 3.42, 1.99, 4.42, 4.17, 4.86, 13.0, 5.37, 2.77, 5.06, 6.1, 1.65, 16.1, 2.66, 4.18, 7.75, 4.13, 4.63, 3.88, 3.35, 4.85, 5.44, 5.87, 6.02, 9.21, 3.49, 0.72, 18.44, 1.26, 1.82, 6.68, 2.59, 9.48, 8.71, 8.5, 6.02, 4.15, 12.0, 1.46, 4.55, 10.0, 5.26, 2.16, 3.69, 1.28, 3.65, 1.43, 2.61, 13.91, 1.89, 4.2, 3.89, 8.01, 4.29, 1.04, 11.93, 6.62], [6.37, 4.7, 0.0, 7.76, 1.84, 5.76, 13.04, 5.98, 6.19, 6.56, 2.31, 0.67, 6.93, 2.78, 3.69, 11.04, 6.43, 1.3, 3.39, 6.55, 4.7, 5.94, 3.34, 6.47, 14.57, 8.55, 3.75, 1.39, 3.37, 8.93, 7.84, 12.26, 8.66, 2.7, 13.94, 4.77, 7.94, 3.42, 2.09, 1.67, 6.81, 13.27, 5.34, 0.92, 5.17, 6.76, 3.07, 1.93, 7.67, 10.1, 13.25, 2.32, 1.15, 11.77, 6.36, 7.88, 9.46, 9.76, 13.91, 2.71, 2.64, 1.44, 6.35, 6.29, 11.38, 0.96, 3.66, 1.93, 7.77, 5.3, 9.76, 3.91, 9.38, 3.93, 3.31, 6.12, 6.42, 7.03, 1.34, 5.14, 3.77, 4.63, 2.02, 11.83, 14.19, 3.6, 9.58, 4.14, 4.13, 5.04, 4.45, 13.22, 3.88, 5.43, 10.97, 2.59, 4.75, 10.41, 9.27, 1.08], [9.57, 9.89, 1.51, 0.0, 0.64, 8.39, 7.48, 6.78, 1.89, 8.34, 9.05, 2.24, 1.8, 11.44, 2.36, 5.73, 3.4, 1.77, 4.24, 10.59, 8.19, 1.52, 4.37, 1.94, 0.77, 2.6, 6.77, 6.85, 1.39, 3.23, 1.48, 0.63, 2.4, 0.94, 5.83, 1.83, 5.56, 11.29, 12.23, 9.18, 2.44, 5.13, 6.89, 10.0, 5.16, 8.6, 5.93, 5.75, 5.67, 2.91, 2.65, 4.95, 1.01, 2.69, 1.06, 5.3, 2.14, 1.52, 3.54, 1.93, 12.14, 3.45, 3.76, 3.27, 2.41, 4.75, 6.13, 10.57, 7.4, 4.88, 5.87, 2.91, 11.63, 4.54, 1.97, 1.33, 10.16, 0.7, 11.1, 1.07, 4.62, 5.79, 4.92, 5.44, 6.64, 3.93, 2.52, 7.73, 5.86, 10.98, 4.15, 3.65, 3.21, 7.67, 0.62, 5.37, 10.56, 8.72, 6.05, 9.26], [8.7, 2.74, 3.97, 1.77, 0.0, 13.63, 1.9, 3.48, 1.83, 4.49, 4.94, 3.84, 9.11, 3.54, 2.09, 3.07, 1.39, 6.0, 2.45, 8.59, 5.51, 1.19, 3.69, 5.7, 3.13, 2.78, 5.19, 0.69, 4.15, 3.76, 2.83, 9.02, 5.07, 3.99, 5.58, 2.1, 3.53, 8.38, 2.35, 9.92, 8.68, 6.45, 3.31, 2.44, 0.78, 8.76, 2.07, 2.94, 1.94, 5.55, 3.99, 3.89, 2.14, 1.18, 3.67, 8.79, 12.31, 2.51, 8.53, 4.77, 7.19, 1.89, 1.08, 0.42, 2.89, 0.73, 2.22, 1.51, 5.0, 1.25, 10.88, 5.79, 9.32, 4.83, 9.12, 0.65, 12.47, 5.6, 1.48, 1.63, 6.41, 6.5, 1.35, 5.22, 8.27, 1.91, 6.39, 5.54, 2.08, 1.18, 4.41, 4.5, 0.88, 6.47, 6.15, 1.25, 5.55, 4.05, 2.08, 3.87], [3.17, 9.67, 13.95, 9.91, 14.73, 0.0, 7.89, 5.06, 12.35, 10.99, 18.42, 5.06, 5.07, 5.04, 10.0, 5.82, 3.48, 2.01, 8.56, 6.11, 17.76, 2.48, 6.65, 11.22, 7.78, 14.3, 12.75, 9.15, 3.33, 13.7, 4.04, 2.17, 13.49, 2.35, 3.89, 8.2, 14.24, 11.78, 15.14, 2.14, 4.27, 1.26, 1.34, 5.49, 3.33, 0.53, 3.6, 3.11, 7.38, 3.96, 3.88, 3.47, 11.51, 6.37, 8.64, 17.6, 15.86, 3.99, 14.52, 7.66, 13.33, 9.95, 5.15, 6.79, 6.19, 17.21, 3.22, 15.54, 8.3, 1.79, 9.15, 9.0, 5.68, 10.21, 10.01, 11.33, 2.36, 1.39, 16.13, 13.57, 7.99, 1.71, 5.45, 2.72, 2.91, 1.6, 1.07, 11.67, 3.77, 14.23, 1.91, 0.31, 11.83, 9.48, 5.25, 15.12, 22.51, 0.73, 3.77, 11.74], [2.68, 12.92, 4.27, 3.68, 5.58, 8.18, 0.0, 15.05, 2.13, 10.95, 6.38, 10.12, 8.04, 14.85, 7.06, 11.64, 9.58, 11.8, 7.86, 10.37, 5.61, 5.29, 4.8, 3.2, 0.49, 18.41, 23.96, 4.62, 11.9, 2.27, 3.47, 5.63, 2.21, 4.2, 3.99, 7.71, 1.08, 6.12, 3.18, 16.7, 0.29, 4.45, 15.57, 11.59, 8.09, 13.44, 8.48, 0.47, 1.36, 0.4, 6.38, 11.79, 3.44, 4.02, 13.96, 0.73, 5.81, 12.05, 3.05, 20.52, 12.0, 2.37, 8.04, 10.47, 1.51, 10.94, 7.54, 14.15, 12.22, 13.17, 0.32, 10.38, 4.21, 9.03, 7.04, 1.82, 14.47, 2.06, 10.7, 7.04, 0.77, 15.62, 9.75, 12.02, 10.01, 5.55, 12.51, 9.11, 6.65, 9.47, 11.28, 8.95, 2.0, 7.01, 5.45, 2.32, 10.66, 19.5, 4.79, 2.86], [0.55, 4.25, 10.16, 8.4, 6.78, 4.74, 9.76, 0.0, 11.33, 8.95, 11.3, 5.89, 2.43, 5.96, 10.2, 3.71, 1.61, 3.61, 2.58, 4.46, 5.01, 2.82, 2.32, 3.46, 4.05, 4.52, 2.63, 6.63, 6.84, 12.71, 5.47, 13.72, 5.27, 5.94, 1.49, 2.24, 3.56, 1.66, 1.63, 1.38, 11.25, 3.0, 1.25, 8.59, 10.12, 1.94, 4.85, 10.43, 6.74, 4.3, 1.42, 0.91, 4.2, 2.89, 1.5, 2.18, 5.63, 3.65, 14.66, 2.35, 4.94, 4.57, 2.77, 2.68, 7.98, 3.7, 1.77, 14.06, 0.62, 2.05, 15.69, 1.44, 0.72, 10.75, 2.84, 6.25, 3.94, 8.44, 12.87, 7.9, 14.1, 3.15, 4.57, 5.32, 3.3, 3.33, 3.83, 0.46, 7.79, 1.31, 4.07, 2.34, 2.21, 2.24, 3.6, 10.86, 10.88, 4.07, 1.97, 11.92], [3.62, 8.23, 3.87, 5.81, 1.08, 10.61, 4.48, 11.11, 0.0, 3.83, 2.6, 1.12, 9.35, 2.63, 0.64, 2.98, 1.53, 2.42, 6.37, 14.02, 3.07, 1.64, 6.08, 3.71, 4.29, 4.18, 17.01, 1.61, 3.24, 2.6, 1.85, 6.38, 2.3, 5.36, 6.85, 1.11, 6.21, 2.93, 4.7, 9.1, 7.15, 10.81, 11.38, 2.69, 0.0, 17.02, 4.02, 2.59, 4.15, 8.06, 6.88, 4.98, 2.3, 0.88, 6.88, 8.14, 9.23, 4.08, 4.18, 6.16, 3.51, 5.03, 3.59, 1.17, 2.72, 1.72, 2.68, 0.93, 4.81, 7.16, 9.68, 3.15, 10.08, 2.24, 4.21, 3.89, 8.88, 1.8, 6.72, 3.63, 8.5, 7.42, 0.75, 10.75, 2.0, 0.99, 8.22, 1.54, 0.59, 7.1, 6.52, 17.48, 8.58, 7.16, 2.15, 4.15, 3.66, 6.86, 3.15, 1.58], [12.54, 7.59, 4.93, 10.87, 7.4, 13.3, 1.57, 15.28, 3.92, 0.0, 3.08, 6.88, 8.07, 4.31, 4.54, 11.36, 5.32, 11.16, 7.07, 10.66, 0.59, 6.71, 1.51, 7.35, 12.04, 16.91, 3.08, 0.92, 3.91, 4.32, 6.05, 1.74, 6.05, 12.93, 7.26, 1.63, 5.25, 11.09, 5.53, 7.46, 7.55, 18.22, 11.97, 5.27, 4.97, 9.74, 6.52, 12.14, 1.34, 9.57, 2.65, 3.51, 9.09, 2.05, 9.02, 12.49, 3.39, 10.52, 9.96, 6.81, 7.66, 7.35, 14.44, 2.36, 13.63, 2.75, 4.71, 1.76, 9.35, 7.83, 7.33, 2.84, 17.16, 4.59, 15.6, 1.54, 2.79, 5.46, 1.06, 7.57, 5.45, 4.11, 1.09, 18.76, 5.83, 7.19, 7.04, 2.71, 1.03, 5.03, 4.84, 15.22, 5.33, 14.47, 10.67, 2.23, 0.87, 17.86, 3.61, 1.38], [3.59, 5.07, 1.92, 4.18, 2.48, 5.07, 11.85, 4.1, 3.31, 2.65, 0.0, 3.5, 14.91, 2.55, 1.11, 6.8, 8.07, 6.95, 9.89, 14.29, 1.37, 0.7, 1.2, 9.08, 4.94, 13.86, 15.01, 0.59, 2.18, 1.89, 1.87, 2.45, 10.58, 2.48, 11.45, 0.42, 8.03, 6.17, 4.31, 11.53, 7.6, 12.2, 11.49, 4.66, 0.8, 16.3, 8.11, 12.66, 3.35, 13.71, 2.98, 2.19, 2.29, 3.89, 10.13, 3.72, 13.68, 9.13, 10.5, 2.5, 2.29, 2.19, 1.6, 4.3, 3.09, 0.32, 2.13, 2.28, 11.87, 10.63, 11.53, 1.69, 16.92, 7.08, 9.26, 2.57, 9.97, 10.47, 3.18, 1.32, 10.8, 7.8, 1.0, 10.23, 2.39, 3.62, 8.03, 6.74, 3.46, 7.18, 11.06, 8.7, 3.28, 3.43, 1.43, 2.44, 0.32, 12.06, 1.98, 0.0], [2.77, 3.71, 0.76, 1.08, 1.56, 15.88, 11.19, 4.04, 4.48, 3.91, 0.95, 0.0, 12.07, 5.25, 4.12, 9.05, 3.21, 5.76, 3.25, 11.7, 5.25, 1.9, 3.98, 8.44, 2.22, 10.2, 7.21, 1.11, 1.58, 5.8, 5.5, 8.54, 7.42, 9.04, 8.77, 1.14, 11.91, 2.0, 5.43, 2.62, 4.66, 8.97, 3.5, 1.29, 2.74, 9.7, 3.73, 14.01, 7.73, 8.68, 7.68, 5.78, 8.63, 7.88, 3.54, 5.78, 7.37, 9.18, 4.19, 5.66, 4.85, 1.99, 8.77, 4.5, 3.84, 2.36, 2.54, 0.88, 10.58, 4.65, 14.02, 0.63, 5.38, 6.05, 4.18, 5.93, 14.06, 1.48, 3.43, 1.84, 1.83, 3.96, 2.6, 11.35, 7.66, 2.98, 5.91, 4.3, 1.43, 7.65, 11.48, 12.78, 1.31, 3.27, 6.68, 0.67, 5.73, 9.86, 4.26, 1.02], [3.97, 2.25, 5.32, 10.16, 8.33, 11.26, 10.08, 4.09, 15.22, 9.79, 13.36, 3.73, 0.0, 11.68, 15.69, 5.95, 3.43, 1.75, 4.45, 3.03, 14.12, 16.01, 2.46, 10.34, 10.99, 0.39, 0.7, 6.12, 9.77, 10.78, 5.9, 20.87, 21.14, 14.69, 7.17, 4.78, 14.29, 2.17, 8.59, 3.59, 5.52, 5.05, 2.51, 4.6, 3.82, 11.94, 2.91, 22.05, 11.63, 21.83, 1.69, 2.65, 17.8, 8.22, 1.18, 18.23, 0.7, 12.89, 17.11, 3.92, 3.75, 12.25, 10.79, 13.04, 8.57, 11.02, 6.32, 2.91, 1.45, 3.49, 20.44, 3.86, 6.35, 4.18, 1.19, 17.2, 15.61, 15.84, 10.28, 12.72, 3.46, 1.74, 2.57, 11.91, 2.06, 8.34, 10.47, 7.43, 16.94, 3.09, 8.48, 3.71, 1.16, 6.07, 8.13, 5.11, 5.4, 3.32, 3.58, 7.21], [2.22, 10.71, 4.53, 8.23, 6.29, 19.86, 18.31, 12.44, 4.98, 5.64, 3.35, 6.63, 8.57, 0.0, 4.41, 5.43, 3.09, 8.2, 10.29, 7.63, 3.99, 2.24, 1.14, 7.52, 12.65, 6.17, 7.35, 7.74, 3.43, 10.38, 5.6, 15.5, 12.54, 10.72, 18.51, 5.52, 1.79, 13.76, 1.72, 5.25, 5.43, 2.44, 8.22, 3.19, 8.6, 21.59, 12.56, 15.46, 8.44, 13.72, 14.82, 5.43, 2.49, 4.0, 6.82, 7.47, 5.45, 10.03, 8.11, 4.14, 7.37, 12.81, 15.63, 6.05, 9.3, 1.84, 2.25, 1.21, 13.72, 5.16, 18.94, 7.66, 17.9, 0.82, 5.37, 9.98, 17.52, 7.7, 0.92, 2.87, 18.01, 5.04, 3.98, 13.23, 10.85, 7.46, 2.99, 10.95, 5.92, 7.0, 16.19, 7.09, 1.88, 7.31, 11.79, 1.89, 7.13, 14.7, 4.44, 4.73], [7.77, 5.57, 6.42, 2.48, 2.8, 18.3, 7.97, 6.72, 0.92, 5.51, 1.98, 2.75, 10.32, 4.13, 0.0, 2.96, 3.06, 1.83, 2.4, 8.34, 1.81, 1.39, 7.97, 3.61, 7.89, 3.74, 5.18, 0.87, 5.89, 0.68, 2.04, 2.05, 6.25, 4.23, 4.7, 1.13, 0.89, 9.28, 10.77, 9.85, 4.55, 13.42, 11.19, 1.79, 0.36, 9.01, 10.64, 1.34, 1.78, 3.63, 9.71, 6.54, 4.88, 2.67, 7.41, 7.37, 7.93, 2.55, 4.74, 10.42, 3.89, 4.55, 8.55, 4.47, 1.99, 1.09, 3.42, 5.52, 10.14, 7.29, 8.05, 4.79, 15.05, 6.1, 7.68, 2.51, 7.86, 7.56, 6.64, 2.06, 2.53, 5.62, 0.58, 12.15, 1.82, 1.09, 6.15, 4.82, 0.0, 7.32, 3.76, 3.95, 9.71, 15.91, 8.72, 2.04, 1.26, 8.61, 2.5, 2.12], [8.11, 6.14, 10.75, 1.85, 2.1, 1.96, 3.54, 3.07, 2.47, 4.35, 11.83, 7.1, 11.76, 6.32, 10.78, 0.0, 3.05, 4.86, 1.78, 4.88, 7.38, 7.0, 3.67, 6.26, 10.68, 8.22, 5.21, 10.44, 2.93, 13.86, 2.19, 9.08, 9.15, 4.79, 2.04, 11.32, 1.41, 5.83, 10.54, 9.19, 6.37, 0.73, 3.78, 4.97, 9.91, 6.19, 0.46, 8.42, 11.21, 9.49, 1.26, 4.54, 6.3, 2.02, 0.76, 8.52, 3.14, 0.64, 3.49, 5.54, 7.99, 3.02, 0.6, 4.84, 12.05, 13.38, 1.57, 15.13, 7.43, 0.56, 11.75, 1.1, 5.39, 8.83, 2.81, 5.03, 5.33, 4.34, 13.51, 5.96, 4.24, 1.32, 1.95, 2.31, 1.41, 7.63, 2.09, 1.37, 9.85, 2.45, 0.55, 5.12, 3.35, 3.58, 0.93, 12.32, 12.93, 2.02, 14.17, 12.34], [4.07, 2.56, 2.09, 3.38, 1.06, 10.3, 1.54, 5.15, 2.66, 4.87, 1.57, 5.48, 6.22, 7.45, 3.38, 3.33, 0.0, 0.9, 0.86, 3.7, 6.39, 2.83, 1.03, 1.17, 9.73, 7.13, 7.66, 6.96, 4.35, 6.83, 1.39, 2.35, 7.62, 4.12, 5.77, 6.73, 9.65, 1.33, 11.55, 5.48, 9.34, 6.84, 2.47, 1.08, 2.17, 9.7, 2.74, 6.07, 2.22, 11.09, 4.69, 1.85, 6.32, 3.96, 1.63, 4.37, 5.4, 2.93, 2.73, 4.44, 7.58, 1.5, 1.1, 2.2, 6.07, 1.7, 2.47, 8.48, 6.54, 1.09, 1.89, 4.87, 5.88, 4.02, 9.93, 7.19, 5.85, 2.13, 5.49, 3.03, 9.42, 2.16, 5.14, 7.22, 1.92, 4.52, 6.46, 1.55, 4.79, 5.23, 5.31, 6.87, 5.06, 1.67, 1.37, 4.23, 5.86, 7.2, 2.73, 7.49], [3.64, 0.64, 3.5, 6.84, 5.27, 2.77, 12.64, 0.84, 5.17, 10.63, 3.11, 4.32, 9.3, 7.76, 0.91, 4.21, 2.37, 0.0, 0.79, 4.94, 9.46, 4.44, 0.47, 7.68, 8.74, 3.66, 1.7, 5.87, 2.55, 11.33, 3.42, 8.47, 11.1, 8.01, 5.71, 2.58, 4.73, 2.62, 7.07, 4.99, 8.47, 2.47, 6.06, 6.39, 3.89, 7.89, 0.74, 6.16, 2.24, 13.61, 3.9, 1.2, 7.94, 4.1, 0.28, 4.88, 1.91, 2.44, 11.92, 6.26, 4.23, 3.33, 2.85, 1.97, 9.2, 6.16, 3.47, 8.21, 2.0, 2.72, 11.99, 0.9, 2.95, 7.11, 5.36, 10.32, 9.55, 7.1, 3.97, 1.95, 6.34, 1.37, 1.71, 1.79, 2.12, 1.63, 2.67, 0.0, 8.15, 3.11, 4.61, 2.17, 2.66, 4.85, 6.06, 7.68, 7.0, 1.62, 1.58, 2.69], [5.96, 6.69, 4.47, 1.77, 2.3, 1.08, 3.56, 4.64, 2.75, 4.53, 1.76, 4.1, 3.82, 7.88, 8.01, 1.84, 0.59, 3.5, 0.0, 1.73, 8.89, 4.2, 0.83, 4.34, 1.5, 6.03, 8.64, 4.71, 6.05, 4.87, 0.93, 1.75, 6.37, 0.72, 5.93, 5.75, 7.34, 3.75, 10.34, 6.98, 11.4, 2.78, 8.42, 5.11, 3.13, 6.3, 1.8, 10.08, 2.2, 1.69, 1.89, 2.39, 5.99, 2.16, 1.67, 8.74, 2.23, 2.99, 2.48, 4.98, 9.31, 1.9, 1.06, 3.42, 9.11, 8.83, 1.4, 5.24, 4.34, 1.31, 7.64, 1.57, 6.82, 4.81, 4.58, 2.35, 8.47, 2.72, 5.22, 1.81, 9.12, 1.11, 4.32, 7.57, 1.64, 2.81, 6.49, 1.59, 6.88, 2.8, 5.64, 2.65, 8.48, 2.73, 2.7, 11.32, 12.86, 5.42, 4.27, 2.63], [2.0, 2.31, 6.26, 14.05, 11.94, 2.61, 3.42, 1.91, 12.2, 14.8, 5.17, 6.65, 5.0, 14.53, 4.65, 9.91, 4.58, 3.1, 8.7, 0.0, 8.3, 9.0, 1.28, 2.71, 11.68, 0.57, 1.31, 4.38, 5.37, 9.56, 4.7, 13.11, 9.39, 5.29, 5.38, 12.25, 14.95, 0.69, 9.85, 2.46, 19.48, 1.12, 0.89, 3.16, 14.79, 10.21, 10.23, 5.73, 7.85, 20.52, 6.04, 6.05, 7.63, 12.81, 3.3, 21.37, 3.3, 6.98, 16.35, 4.22, 0.0, 8.83, 8.05, 6.46, 16.18, 3.94, 4.07, 5.17, 1.04, 5.82, 6.68, 1.08, 1.42, 8.63, 1.39, 4.47, 1.43, 9.73, 12.79, 6.68, 3.69, 2.24, 1.88, 3.41, 4.36, 6.78, 7.27, 6.76, 14.5, 3.27, 5.75, 2.38, 7.79, 1.77, 3.32, 1.68, 7.64, 4.75, 5.26, 14.18], [13.82, 7.67, 5.53, 7.12, 5.32, 13.78, 2.99, 12.75, 0.67, 0.95, 3.3, 7.59, 2.59, 2.73, 2.17, 7.17, 3.29, 1.28, 7.91, 5.45, 0.0, 4.87, 3.72, 7.09, 8.38, 18.48, 5.28, 3.61, 5.74, 0.52, 6.66, 4.25, 8.49, 5.57, 3.69, 2.38, 4.23, 13.22, 9.21, 7.99, 4.29, 5.87, 7.77, 2.06, 3.28, 16.62, 7.61, 7.11, 2.89, 8.58, 9.64, 8.09, 4.05, 5.99, 11.56, 6.84, 4.78, 6.1, 6.94, 10.41, 14.36, 5.24, 9.48, 1.87, 2.47, 2.12, 11.38, 3.67, 8.25, 2.08, 4.1, 6.28, 10.6, 7.25, 7.73, 0.48, 5.07, 7.42, 6.4, 3.62, 11.46, 6.2, 3.78, 14.9, 10.01, 6.21, 16.59, 10.78, 2.1, 3.57, 6.05, 15.03, 6.85, 7.27, 3.64, 1.93, 0.68, 16.84, 0.53, 1.18], [5.94, 2.11, 3.48, 1.12, 0.98, 3.48, 2.45, 3.0, 1.22, 2.07, 4.76, 1.13, 12.43, 11.27, 0.93, 5.14, 5.63, 1.45, 0.98, 11.19, 1.1, 0.0, 3.87, 0.83, 6.1, 14.95, 6.57, 1.42, 3.11, 5.33, 1.1, 7.3, 4.11, 0.96, 6.89, 3.62, 0.74, 1.37, 12.05, 9.34, 4.51, 10.18, 8.47, 4.51, 1.79, 7.46, 5.15, 6.85, 1.04, 1.62, 7.64, 3.35, 1.6, 4.24, 7.23, 3.38, 7.13, 3.84, 0.85, 10.89, 3.69, 0.63, 4.23, 1.09, 1.88, 4.04, 5.41, 3.54, 2.7, 4.65, 5.76, 5.39, 3.61, 3.13, 13.67, 4.6, 11.73, 5.21, 8.94, 2.66, 1.39, 5.18, 2.55, 12.27, 9.39, 3.75, 12.13, 6.82, 1.05, 8.98, 5.0, 4.89, 6.23, 3.45, 4.05, 3.01, 5.07, 9.45, 4.62, 1.47], [4.08, 3.1, 2.17, 1.6, 3.91, 11.34, 13.49, 3.92, 4.21, 4.62, 4.98, 1.72, 1.24, 10.45, 4.1, 5.04, 1.43, 0.84, 1.14, 5.98, 6.24, 5.0, 0.0, 8.82, 5.84, 10.52, 3.56, 1.65, 2.35, 8.61, 1.83, 3.09, 1.43, 6.52, 4.11, 5.44, 11.96, 1.13, 2.99, 5.36, 9.66, 4.48, 6.93, 3.0, 3.11, 9.42, 2.56, 13.17, 6.4, 3.74, 1.91, 2.4, 2.02, 3.35, 1.52, 14.78, 2.3, 3.52, 7.96, 3.53, 6.54, 2.74, 2.61, 1.9, 4.05, 7.59, 3.35, 8.16, 2.58, 4.13, 4.27, 0.55, 1.17, 4.44, 6.42, 9.51, 3.65, 5.82, 7.54, 1.08, 2.97, 1.3, 1.78, 10.15, 2.32, 1.09, 6.77, 0.61, 6.04, 2.79, 6.53, 8.06, 2.08, 2.04, 1.36, 3.76, 11.25, 7.35, 10.2, 7.81], [14.17, 7.64, 7.05, 1.84, 0.88, 7.59, 1.6, 4.61, 4.07, 6.87, 10.6, 1.88, 5.18, 13.84, 4.5, 3.49, 6.95, 4.37, 4.86, 8.52, 3.38, 5.85, 4.98, 0.0, 0.77, 20.18, 16.13, 2.72, 8.33, 10.25, 6.28, 2.09, 1.9, 2.13, 10.89, 8.11, 3.67, 7.02, 8.81, 8.68, 4.25, 8.08, 13.16, 12.21, 1.41, 10.4, 3.1, 3.24, 2.79, 5.14, 9.56, 3.8, 2.28, 1.53, 11.28, 5.12, 16.51, 3.39, 1.09, 3.2, 5.86, 5.17, 1.71, 0.85, 3.95, 11.15, 8.2, 12.15, 7.24, 1.23, 0.77, 7.5, 3.07, 13.2, 15.72, 6.34, 3.22, 2.85, 8.35, 5.44, 2.32, 11.48, 8.65, 1.94, 10.08, 5.28, 5.35, 4.85, 7.24, 11.69, 4.97, 6.12, 2.82, 15.11, 4.48, 1.61, 4.75, 12.11, 10.26, 9.15], [13.37, 11.5, 3.24, 4.4, 9.03, 3.69, 1.79, 8.92, 7.33, 1.87, 5.74, 13.15, 13.29, 18.12, 2.23, 4.87, 9.03, 10.87, 2.63, 14.45, 3.0, 3.87, 1.36, 0.91, 0.0, 16.04, 8.56, 7.45, 6.25, 7.27, 7.72, 1.41, 2.23, 1.45, 12.17, 3.4, 2.24, 16.83, 6.9, 2.34, 1.77, 10.81, 15.29, 4.15, 2.91, 8.01, 2.44, 1.81, 0.88, 1.91, 11.54, 3.36, 3.94, 1.97, 6.29, 2.84, 4.37, 10.75, 0.61, 3.06, 17.83, 9.12, 7.52, 5.11, 0.18, 11.78, 11.67, 2.93, 10.16, 3.58, 3.62, 7.64, 12.63, 11.63, 17.36, 8.03, 11.17, 5.29, 15.03, 2.18, 1.28, 5.72, 4.18, 9.15, 8.73, 7.47, 2.82, 8.75, 4.05, 2.17, 7.92, 14.88, 12.84, 14.7, 2.08, 6.88, 4.23, 7.25, 2.86, 5.01], [1.38, 3.71, 3.17, 16.59, 9.99, 6.97, 8.37, 3.55, 4.44, 8.75, 5.9, 6.8, 1.4, 14.58, 3.9, 11.03, 7.37, 3.34, 6.04, 3.87, 3.79, 11.16, 3.37, 5.82, 22.18, 0.0, 0.73, 2.37, 6.34, 18.54, 4.67, 2.83, 3.56, 6.12, 5.69, 13.65, 9.69, 2.96, 10.0, 3.35, 10.43, 2.15, 2.06, 8.0, 8.41, 2.4, 7.35, 8.67, 9.88, 17.82, 2.74, 5.37, 16.32, 13.7, 5.37, 4.53, 2.12, 2.93, 22.28, 2.1, 3.05, 2.59, 9.96, 13.29, 9.77, 14.17, 6.04, 6.27, 3.0, 3.39, 8.96, 8.19, 2.63, 6.8, 0.79, 4.97, 6.36, 14.1, 3.17, 12.88, 17.63, 4.88, 15.02, 12.34, 13.2, 2.68, 1.72, 7.61, 5.07, 1.96, 9.89, 12.73, 4.35, 4.67, 5.26, 4.0, 4.72, 2.35, 14.39, 14.78], [2.61, 1.64, 4.58, 14.26, 1.77, 8.42, 6.86, 8.06, 9.12, 16.56, 5.32, 12.87, 0.23, 7.22, 5.3, 7.59, 12.04, 9.93, 10.39, 2.15, 9.77, 11.92, 8.82, 3.97, 13.16, 0.36, 0.0, 12.59, 5.86, 6.11, 4.31, 10.71, 7.45, 9.56, 4.4, 15.25, 14.0, 5.86, 7.8, 3.66, 5.25, 6.6, 4.57, 10.65, 10.66, 7.01, 5.24, 25.45, 5.91, 24.73, 11.13, 1.66, 11.3, 13.9, 9.37, 14.55, 0.81, 5.49, 14.01, 3.75, 2.65, 10.69, 2.45, 8.95, 12.73, 11.95, 9.18, 3.03, 4.88, 3.96, 19.27, 1.91, 3.86, 2.75, 0.68, 15.35, 11.89, 10.5, 2.76, 3.44, 4.11, 6.06, 15.73, 9.55, 3.68, 4.66, 15.25, 8.95, 11.43, 3.93, 11.68, 7.07, 8.37, 6.22, 16.37, 7.56, 17.22, 10.98, 8.48, 12.05], [6.1, 8.01, 4.91, 5.6, 1.27, 17.16, 8.27, 1.29, 1.81, 1.55, 0.89, 0.9, 4.05, 5.85, 1.39, 1.94, 7.75, 5.11, 3.94, 9.72, 4.04, 1.77, 2.03, 3.5, 2.47, 12.71, 5.57, 0.0, 1.18, 1.7, 0.9, 1.76, 2.62, 4.08, 13.17, 0.0, 6.37, 2.46, 5.67, 1.92, 6.54, 8.12, 4.42, 1.33, 0.25, 1.91, 2.16, 11.29, 5.79, 5.51, 10.48, 7.34, 5.21, 1.56, 5.47, 7.09, 10.43, 1.87, 5.53, 7.16, 10.02, 2.82, 3.09, 3.97, 4.72, 1.69, 2.27, 1.9, 4.21, 8.56, 11.33, 5.87, 1.64, 5.62, 9.24, 3.5, 4.86, 5.92, 3.11, 0.56, 1.23, 1.94, 0.7, 6.53, 14.57, 4.49, 6.53, 7.32, 1.81, 7.55, 8.38, 10.2, 2.51, 7.94, 9.41, 4.56, 2.11, 2.59, 4.91, 1.14], [1.72, 0.83, 3.6, 4.2, 3.94, 9.16, 5.45, 5.03, 2.16, 3.06, 3.64, 0.87, 10.23, 2.88, 5.42, 5.44, 4.52, 3.12, 3.98, 9.29, 3.69, 4.59, 2.21, 6.36, 3.7, 1.49, 11.33, 2.28, 0.0, 7.7, 3.94, 1.48, 9.83, 1.15, 8.8, 3.95, 6.09, 5.58, 3.28, 2.59, 13.51, 7.28, 6.23, 1.46, 1.72, 5.62, 7.24, 9.87, 1.31, 10.57, 4.35, 4.56, 5.05, 8.43, 0.85, 1.87, 5.19, 2.61, 8.46, 3.64, 4.76, 4.05, 5.28, 0.76, 13.48, 3.74, 5.46, 6.43, 9.14, 1.7, 12.01, 1.73, 9.01, 1.1, 1.58, 2.41, 13.09, 9.59, 6.22, 1.49, 8.34, 3.55, 1.82, 4.59, 9.23, 0.57, 4.29, 0.58, 1.2, 4.4, 4.98, 13.28, 1.61, 4.18, 2.42, 3.78, 7.04, 2.08, 4.66, 1.03], [4.27, 13.77, 3.1, 6.06, 4.84, 10.98, 6.84, 10.32, 4.17, 3.28, 4.04, 5.32, 8.35, 6.64, 1.75, 13.18, 4.32, 1.75, 8.43, 15.86, 0.64, 2.52, 11.71, 6.24, 5.27, 5.24, 6.67, 0.74, 8.81, 0.0, 10.17, 11.39, 6.46, 5.47, 14.19, 5.05, 0.89, 16.94, 4.03, 2.6, 5.2, 18.74, 4.29, 1.69, 4.76, 7.61, 8.63, 7.59, 2.58, 4.05, 15.21, 7.56, 2.8, 4.29, 7.0, 3.77, 4.49, 10.64, 8.44, 14.61, 11.53, 6.42, 12.35, 2.64, 2.71, 3.77, 11.64, 3.18, 5.79, 8.31, 4.73, 3.21, 7.91, 2.84, 7.38, 0.89, 3.57, 3.26, 5.3, 8.1, 8.88, 13.66, 5.59, 13.47, 7.99, 10.95, 16.68, 3.83, 2.64, 13.75, 10.85, 7.1, 13.1, 6.28, 4.78, 5.49, 3.67, 9.16, 0.13, 1.85], [5.86, 3.14, 7.12, 1.66, 1.71, 10.92, 4.65, 5.52, 1.06, 5.01, 1.38, 5.24, 9.81, 7.02, 6.29, 1.6, 0.65, 0.67, 1.97, 5.7, 6.81, 3.57, 0.48, 4.83, 8.31, 8.97, 14.13, 4.15, 2.62, 2.0, 0.0, 6.43, 2.47, 4.38, 2.02, 1.06, 9.58, 7.98, 9.49, 3.94, 4.91, 6.67, 4.61, 4.17, 2.54, 7.82, 2.52, 5.53, 6.77, 10.68, 2.33, 3.5, 2.02, 3.75, 3.8, 7.09, 3.37, 1.57, 8.54, 3.33, 1.43, 0.0, 1.67, 1.06, 1.4, 7.46, 1.36, 3.97, 7.05, 3.25, 7.14, 1.91, 3.42, 7.12, 2.55, 1.5, 2.75, 0.76, 6.09, 1.41, 6.27, 3.46, 2.24, 8.37, 2.52, 2.84, 8.3, 3.81, 3.24, 7.36, 6.79, 6.77, 1.97, 2.36, 1.65, 5.23, 4.94, 2.93, 5.48, 5.79], [16.82, 6.67, 14.52, 3.98, 5.66, 6.96, 4.99, 7.05, 9.27, 11.87, 3.97, 10.15, 20.0, 19.8, 9.19, 9.01, 1.78, 12.63, 7.6, 19.02, 11.6, 7.61, 1.7, 1.07, 0.34, 13.12, 11.05, 6.0, 13.29, 1.68, 2.77, 0.0, 1.35, 1.56, 14.29, 2.55, 2.14, 4.85, 6.17, 16.02, 3.35, 6.89, 12.03, 8.17, 4.76, 7.12, 9.12, 2.31, 1.11, 3.24, 10.39, 13.12, 0.51, 1.34, 10.98, 2.06, 18.71, 5.22, 0.16, 3.85, 10.47, 3.2, 2.68, 4.35, 1.99, 12.19, 6.95, 3.1, 16.21, 3.78, 1.82, 10.97, 10.72, 20.42, 3.99, 6.15, 6.91, 3.0, 8.74, 9.22, 0.57, 9.73, 10.09, 5.58, 11.72, 12.67, 5.22, 6.56, 3.34, 16.91, 6.38, 10.97, 16.3, 4.57, 7.67, 15.14, 6.37, 14.52, 2.23, 10.42], [13.49, 5.23, 8.96, 2.52, 1.65, 10.19, 1.92, 6.75, 3.68, 10.66, 10.47, 8.62, 12.11, 9.77, 5.02, 4.26, 6.31, 5.29, 5.93, 10.05, 2.09, 4.75, 5.87, 0.53, 0.83, 17.57, 20.4, 6.37, 6.05, 6.31, 5.34, 2.64, 0.0, 0.56, 7.05, 5.21, 1.01, 1.62, 4.76, 3.63, 2.92, 11.13, 5.14, 8.47, 5.27, 5.03, 3.28, 0.47, 4.88, 2.67, 12.21, 9.85, 1.16, 4.29, 11.39, 2.68, 13.92, 9.8, 0.36, 4.24, 17.25, 0.77, 2.8, 6.7, 1.97, 11.25, 6.82, 3.95, 7.79, 1.22, 2.93, 9.79, 9.83, 9.31, 9.04, 3.21, 6.78, 2.04, 10.87, 3.32, 1.4, 2.52, 7.85, 3.36, 6.27, 4.67, 11.1, 1.32, 0.97, 16.98, 7.51, 14.54, 3.02, 8.19, 6.17, 7.83, 3.21, 13.35, 4.42, 8.05], [7.09, 10.4, 2.14, 0.58, 1.71, 6.72, 5.53, 5.93, 0.77, 9.01, 5.69, 3.28, 7.37, 2.14, 0.8, 3.11, 3.08, 4.7, 1.83, 2.68, 2.33, 1.42, 6.35, 1.45, 4.55, 8.71, 12.75, 5.14, 8.09, 5.81, 3.66, 3.11, 1.28, 0.0, 4.87, 6.63, 1.1, 6.02, 7.92, 10.06, 6.03, 6.42, 12.69, 4.43, 5.19, 1.31, 2.13, 7.01, 1.85, 2.83, 4.45, 6.62, 1.16, 1.19, 3.95, 7.53, 14.95, 6.52, 1.25, 2.3, 13.44, 2.73, 3.02, 4.46, 2.59, 9.55, 6.9, 11.49, 3.5, 3.17, 1.32, 6.16, 7.1, 6.37, 10.56, 1.89, 3.29, 1.8, 12.44, 1.05, 2.83, 8.41, 5.91, 8.21, 1.93, 6.17, 8.95, 7.78, 2.4, 13.46, 4.97, 1.3, 6.06, 13.83, 4.13, 9.83, 1.68, 2.46, 2.62, 3.58], [1.83, 6.36, 8.38, 3.27, 4.46, 7.43, 15.97, 3.39, 10.07, 4.38, 5.91, 13.14, 2.98, 14.66, 7.37, 5.82, 4.63, 0.82, 6.63, 4.45, 17.08, 12.5, 6.87, 2.29, 12.7, 5.77, 4.88, 5.21, 10.02, 2.24, 5.17, 4.64, 6.84, 5.69, 0.0, 10.1, 6.47, 3.88, 14.12, 8.82, 14.76, 3.27, 2.51, 7.41, 7.88, 3.73, 1.03, 12.77, 15.5, 4.49, 1.77, 3.87, 4.62, 1.68, 4.89, 4.82, 4.6, 1.42, 2.42, 12.77, 4.96, 7.53, 1.41, 6.12, 12.92, 3.42, 3.27, 15.06, 3.02, 5.88, 5.51, 1.6, 0.36, 13.33, 6.4, 17.9, 5.95, 10.41, 13.28, 2.4, 13.63, 6.16, 5.28, 4.02, 4.72, 3.81, 1.95, 2.65, 9.77, 8.09, 8.58, 5.8, 6.05, 1.31, 7.11, 2.89, 5.21, 0.4, 7.85, 2.05], [5.75, 4.68, 4.66, 2.8, 1.4, 12.47, 6.06, 10.44, 0.93, 1.93, 1.08, 1.76, 14.75, 2.42, 1.45, 3.96, 7.7, 7.92, 4.53, 9.57, 0.7, 3.55, 3.09, 4.67, 1.94, 13.67, 4.22, 0.0, 3.51, 1.82, 0.93, 10.61, 1.82, 6.0, 9.06, 0.0, 8.9, 3.05, 7.74, 9.49, 9.06, 14.17, 1.82, 4.86, 0.5, 9.02, 5.35, 1.19, 1.84, 6.54, 5.12, 2.12, 6.22, 7.34, 4.56, 7.22, 7.91, 8.41, 1.42, 2.65, 8.96, 4.19, 1.25, 1.67, 5.31, 2.03, 3.96, 6.79, 1.84, 1.54, 3.78, 6.35, 12.29, 9.42, 4.03, 0.98, 2.1, 2.57, 3.44, 1.24, 8.07, 3.55, 0.26, 10.75, 3.59, 0.67, 6.61, 1.19, 1.11, 2.0, 13.43, 6.82, 2.68, 9.25, 9.56, 2.46, 2.41, 6.35, 2.53, 1.97], [15.22, 9.5, 11.77, 4.36, 0.89, 12.13, 0.34, 5.8, 3.1, 5.49, 5.3, 8.16, 15.46, 5.12, 2.83, 8.49, 9.66, 2.18, 8.93, 3.17, 6.63, 5.13, 12.78, 2.37, 2.44, 18.37, 12.72, 5.05, 6.86, 4.33, 7.66, 4.95, 3.71, 1.26, 6.9, 6.44, 0.0, 15.87, 9.29, 5.95, 2.74, 9.35, 2.42, 4.03, 7.2, 8.96, 5.88, 0.43, 1.61, 2.73, 15.82, 2.86, 2.79, 4.78, 12.21, 1.64, 19.42, 2.94, 2.89, 3.45, 13.64, 4.56, 6.76, 8.94, 3.33, 7.7, 7.8, 4.48, 16.29, 5.74, 2.08, 8.94, 17.72, 8.33, 8.54, 2.95, 6.33, 3.76, 10.92, 8.46, 5.51, 4.99, 5.3, 12.13, 3.51, 13.1, 3.61, 6.51, 1.09, 14.76, 10.96, 14.45, 7.44, 16.56, 8.06, 1.7, 8.8, 4.62, 3.67, 4.92], [2.1, 2.88, 4.06, 2.96, 1.96, 12.59, 10.64, 0.85, 5.59, 9.2, 1.37, 6.07, 5.66, 10.15, 8.24, 2.1, 3.46, 2.93, 6.01, 2.85, 6.16, 9.31, 4.73, 14.77, 9.5, 3.6, 6.03, 2.88, 5.41, 14.59, 5.75, 3.8, 2.0, 4.49, 3.67, 3.51, 8.68, 0.0, 5.75, 1.2, 3.78, 3.88, 1.52, 4.63, 11.08, 9.51, 1.7, 12.17, 3.99, 5.59, 2.58, 0.42, 13.22, 3.85, 1.63, 5.06, 2.73, 4.19, 15.55, 1.65, 0.46, 8.07, 3.1, 3.82, 6.98, 5.88, 3.03, 5.12, 2.51, 3.47, 18.67, 2.78, 7.29, 1.61, 2.8, 14.35, 6.15, 8.02, 10.48, 7.35, 7.75, 0.95, 7.18, 2.56, 4.96, 5.84, 5.04, 1.45, 6.4, 1.2, 9.33, 2.97, 0.88, 1.65, 1.83, 11.52, 4.9, 2.7, 13.43, 12.1], [5.75, 4.64, 3.1, 2.58, 7.03, 4.67, 17.83, 9.02, 10.07, 3.6, 5.07, 2.82, 2.35, 4.02, 1.45, 6.53, 6.35, 3.51, 5.88, 8.03, 11.84, 6.01, 3.5, 15.2, 5.69, 9.9, 8.1, 6.19, 5.16, 8.5, 7.95, 13.73, 8.54, 7.36, 8.88, 8.19, 4.47, 7.7, 0.0, 6.49, 17.24, 16.48, 7.64, 2.21, 9.82, 15.57, 2.64, 17.6, 3.9, 8.3, 7.58, 5.45, 14.45, 12.82, 4.51, 9.96, 1.7, 11.61, 18.1, 0.45, 10.69, 9.06, 3.54, 8.66, 5.87, 5.65, 7.03, 3.76, 4.75, 6.35, 5.81, 7.44, 12.72, 0.78, 4.79, 5.01, 17.49, 13.26, 3.23, 4.78, 18.86, 5.3, 5.85, 11.68, 15.64, 4.27, 14.41, 1.46, 11.23, 2.59, 5.15, 9.4, 2.68, 3.72, 12.38, 5.16, 8.78, 3.71, 5.57, 4.58], [1.64, 2.47, 3.09, 3.28, 8.44, 10.58, 2.79, 6.9, 1.33, 4.75, 8.34, 2.34, 2.83, 6.1, 2.22, 7.28, 4.86, 1.96, 10.51, 2.43, 12.11, 5.6, 3.4, 9.63, 4.36, 2.27, 1.47, 10.2, 3.26, 7.85, 3.47, 16.98, 9.05, 11.68, 4.62, 4.9, 6.63, 1.15, 2.17, 0.0, 10.13, 10.2, 0.62, 1.91, 10.48, 16.89, 5.52, 13.24, 16.3, 19.46, 4.79, 0.99, 2.59, 6.61, 4.26, 12.72, 1.93, 2.41, 11.6, 3.03, 1.28, 6.97, 1.46, 3.91, 14.83, 6.54, 6.69, 11.23, 2.96, 4.31, 14.77, 2.52, 1.56, 3.75, 0.45, 2.43, 13.82, 3.86, 4.81, 5.58, 19.39, 4.25, 1.41, 2.82, 3.58, 4.5, 1.84, 4.8, 12.02, 0.0, 7.81, 2.48, 1.26, 2.1, 4.52, 7.07, 1.98, 3.44, 8.68, 3.9], [14.98, 14.97, 9.23, 2.64, 11.7, 18.36, 1.88, 18.32, 7.33, 5.87, 11.45, 14.59, 7.22, 15.43, 9.16, 3.54, 3.8, 14.62, 3.89, 17.75, 6.52, 2.08, 13.81, 2.4, 1.06, 5.91, 11.66, 6.88, 8.2, 3.74, 11.88, 5.72, 1.05, 5.34, 16.67, 9.32, 3.98, 20.1, 4.73, 12.87, 0.0, 13.23, 21.72, 15.85, 2.89, 14.7, 14.69, 0.24, 5.05, 0.87, 5.91, 2.01, 5.13, 10.64, 9.65, 0.69, 24.66, 12.03, 0.59, 20.58, 5.52, 3.89, 14.11, 2.44, 2.28, 12.43, 12.26, 15.59, 5.29, 4.22, 0.51, 13.92, 3.95, 11.0, 23.16, 5.18, 16.8, 4.78, 11.08, 2.77, 0.96, 9.68, 7.1, 9.07, 1.95, 11.2, 13.59, 7.83, 2.59, 3.45, 11.9, 9.55, 13.86, 15.21, 3.9, 10.33, 10.28, 10.35, 9.12, 3.74], [5.09, 3.39, 15.58, 3.62, 10.81, 2.21, 7.58, 4.89, 10.51, 3.93, 16.0, 2.97, 3.55, 18.82, 14.79, 1.65, 6.45, 4.24, 5.99, 7.83, 7.29, 1.72, 6.83, 8.52, 7.55, 13.39, 14.98, 14.25, 10.9, 9.4, 3.95, 6.27, 1.99, 2.82, 2.62, 5.99, 9.69, 7.0, 4.31, 2.18, 6.88, 0.0, 3.52, 11.28, 5.73, 0.54, 2.25, 6.14, 3.65, 10.03, 1.74, 2.41, 4.62, 5.07, 0.91, 4.15, 3.31, 1.98, 9.84, 14.34, 5.62, 2.64, 1.57, 7.58, 2.26, 16.62, 3.64, 5.9, 3.54, 0.67, 7.0, 3.94, 1.53, 8.15, 5.93, 10.75, 2.95, 7.72, 12.17, 7.37, 7.75, 4.22, 10.37, 1.27, 0.41, 9.73, 0.64, 2.51, 8.97, 8.69, 5.29, 2.44, 3.38, 1.39, 3.41, 7.73, 18.74, 2.68, 14.56, 16.61], [1.72, 4.83, 3.04, 11.14, 10.96, 5.27, 5.97, 1.3, 11.46, 4.85, 7.19, 10.84, 4.89, 3.9, 3.34, 8.21, 3.37, 1.23, 6.4, 1.33, 6.12, 6.35, 1.11, 2.22, 10.36, 3.1, 1.39, 3.49, 6.17, 5.05, 2.95, 11.35, 13.32, 8.82, 1.92, 5.12, 13.49, 0.5, 6.89, 5.21, 7.24, 2.04, 0.0, 4.05, 8.66, 10.93, 3.45, 9.76, 15.81, 14.95, 6.31, 2.84, 5.81, 1.89, 3.63, 8.96, 4.93, 1.27, 9.83, 1.78, 0.65, 5.17, 6.27, 2.98, 6.22, 10.35, 1.1, 10.78, 0.95, 4.91, 6.79, 1.13, 1.34, 6.22, 3.57, 9.27, 3.51, 11.2, 3.07, 2.88, 17.42, 4.57, 11.17, 3.53, 3.8, 2.53, 8.22, 5.24, 9.28, 1.68, 5.87, 1.76, 1.22, 0.46, 4.29, 11.24, 11.44, 4.66, 5.44, 4.93], [5.68, 1.76, 0.34, 6.04, 0.72, 11.37, 15.25, 4.17, 4.53, 5.52, 3.7, 1.61, 8.44, 3.93, 2.39, 3.76, 5.26, 3.77, 7.29, 3.8, 5.11, 8.39, 3.94, 2.42, 6.72, 5.26, 8.0, 2.04, 1.48, 5.2, 2.43, 2.45, 11.13, 8.4, 9.32, 5.63, 8.74, 7.81, 2.49, 4.34, 13.52, 14.0, 7.74, 0.0, 5.63, 18.25, 3.5, 11.0, 9.69, 8.6, 9.01, 7.13, 3.0, 6.63, 4.53, 11.8, 5.11, 2.85, 3.56, 2.31, 1.31, 5.85, 10.37, 6.2, 14.03, 2.45, 8.33, 3.9, 1.55, 9.7, 12.73, 4.67, 8.14, 0.63, 7.33, 7.24, 4.86, 8.55, 1.12, 3.57, 7.05, 2.12, 4.86, 10.88, 5.89, 1.69, 13.89, 4.4, 0.83, 3.2, 12.72, 13.41, 2.99, 11.73, 12.61, 2.68, 5.04, 5.84, 5.58, 1.03], [3.52, 7.44, 3.65, 4.63, 1.97, 8.26, 4.66, 4.01, 0.0, 0.9, 2.09, 3.56, 7.05, 3.75, 0.15, 8.84, 5.09, 5.02, 2.88, 7.33, 1.67, 0.69, 6.17, 4.51, 7.69, 3.41, 5.55, 1.66, 2.44, 2.97, 2.56, 1.86, 1.59, 4.0, 13.43, 1.91, 3.35, 10.02, 7.4, 11.58, 1.46, 4.77, 10.25, 4.11, 0.0, 3.08, 2.74, 4.3, 3.77, 7.56, 11.49, 4.91, 5.07, 6.08, 6.51, 1.54, 1.98, 6.86, 5.73, 6.37, 9.1, 1.31, 2.81, 3.25, 10.12, 0.83, 9.1, 8.36, 13.63, 8.75, 10.11, 4.01, 15.03, 3.38, 13.7, 2.04, 1.82, 7.17, 7.0, 1.64, 3.17, 3.77, 0.39, 12.38, 8.63, 2.87, 5.37, 7.41, 0.49, 11.08, 8.58, 6.68, 3.18, 10.01, 9.99, 3.85, 5.47, 12.3, 1.03, 0.44], [1.74, 5.26, 17.52, 5.36, 14.71, 0.34, 8.43, 4.92, 16.06, 9.24, 3.12, 1.91, 10.61, 8.09, 8.49, 2.45, 10.06, 11.55, 7.99, 12.21, 9.66, 10.25, 6.14, 9.08, 5.77, 14.74, 4.1, 4.6, 9.66, 17.49, 1.24, 6.33, 11.26, 7.74, 5.63, 9.17, 8.8, 12.92, 4.78, 11.02, 13.95, 1.47, 3.96, 6.39, 11.81, 0.0, 1.15, 13.99, 11.64, 5.58, 4.91, 4.23, 10.4, 7.66, 4.31, 2.75, 3.9, 3.08, 11.84, 12.91, 1.45, 3.36, 6.25, 4.51, 7.0, 20.32, 4.93, 7.85, 2.89, 3.85, 18.56, 11.34, 2.48, 17.19, 11.81, 18.36, 1.81, 4.73, 17.64, 8.49, 4.22, 12.39, 7.85, 1.3, 0.5, 12.7, 2.77, 10.81, 13.83, 11.7, 2.78, 1.27, 8.29, 2.04, 5.44, 8.28, 8.55, 6.48, 9.23, 5.75], [8.09, 3.18, 8.85, 5.75, 4.49, 2.17, 13.85, 1.36, 11.09, 1.77, 5.84, 8.69, 9.71, 10.24, 7.15, 0.28, 3.32, 2.43, 2.41, 4.35, 12.43, 8.42, 3.44, 6.18, 3.5, 4.08, 10.21, 10.84, 2.97, 9.05, 3.39, 4.59, 3.88, 5.73, 5.81, 11.39, 4.79, 3.96, 15.56, 11.53, 6.78, 2.52, 3.3, 6.7, 5.36, 1.09, 0.0, 9.69, 6.87, 4.45, 1.16, 3.81, 1.7, 1.77, 3.18, 12.75, 7.89, 0.82, 3.81, 4.01, 3.96, 2.97, 1.76, 6.44, 9.96, 6.2, 1.6, 13.85, 1.89, 1.5, 13.25, 3.06, 2.31, 2.99, 5.77, 8.54, 2.27, 3.6, 15.36, 2.49, 8.95, 2.73, 7.65, 3.52, 0.44, 4.3, 1.03, 0.98, 4.96, 4.55, 3.95, 4.23, 7.69, 2.0, 0.69, 2.43, 7.68, 3.46, 2.34, 6.08], [13.44, 2.08, 2.16, 7.07, 2.25, 10.69, 0.93, 10.66, 1.88, 5.34, 12.1, 13.9, 2.97, 17.31, 7.38, 5.5, 3.18, 10.25, 9.98, 11.68, 4.05, 5.01, 3.25, 5.34, 2.53, 18.87, 10.36, 2.05, 13.25, 7.49, 5.03, 1.95, 2.24, 4.05, 16.03, 1.42, 2.54, 3.41, 13.51, 9.86, 1.02, 11.09, 19.28, 10.27, 6.31, 15.87, 6.37, 0.0, 2.73, 0.57, 14.05, 12.81, 1.26, 5.51, 3.17, 0.89, 10.11, 12.02, 1.2, 14.1, 19.13, 6.19, 4.07, 3.61, 0.85, 8.79, 3.33, 18.07, 2.95, 12.57, 0.77, 14.9, 10.28, 12.5, 8.1, 2.38, 1.73, 1.49, 14.27, 3.66, 0.69, 11.44, 5.81, 3.12, 2.36, 10.26, 3.46, 10.03, 2.9, 19.57, 9.96, 9.72, 13.07, 9.12, 9.41, 6.34, 11.14, 2.85, 8.98, 8.1], [14.6, 5.34, 5.53, 2.09, 4.5, 9.84, 5.36, 4.88, 2.85, 7.06, 5.68, 8.09, 6.05, 11.38, 1.37, 2.35, 7.43, 4.85, 2.12, 9.45, 3.56, 2.99, 8.17, 3.04, 4.97, 13.95, 3.73, 1.81, 9.05, 2.14, 2.07, 5.9, 2.45, 5.73, 3.48, 2.93, 2.7, 11.24, 7.89, 16.43, 3.63, 13.57, 16.15, 3.0, 0.78, 7.35, 3.93, 1.99, 0.0, 0.86, 7.72, 5.32, 0.48, 8.33, 10.97, 3.7, 16.69, 11.83, 2.0, 2.94, 9.67, 2.61, 9.53, 4.33, 1.22, 2.95, 1.46, 10.5, 11.16, 3.68, 0.72, 5.76, 14.3, 2.82, 12.95, 1.58, 13.65, 2.41, 2.16, 1.47, 5.24, 5.2, 0.82, 6.88, 3.37, 5.97, 6.66, 6.94, 1.56, 3.7, 10.47, 10.96, 11.09, 5.59, 10.11, 9.78, 1.42, 4.53, 4.38, 2.86], [10.05, 16.53, 12.51, 6.01, 3.77, 17.19, 1.92, 13.09, 8.78, 12.0, 6.39, 14.91, 14.7, 5.47, 4.88, 4.21, 10.66, 10.55, 2.78, 6.42, 5.07, 2.11, 14.41, 4.24, 1.4, 23.33, 2.86, 4.39, 11.09, 6.67, 8.02, 2.71, 3.55, 2.02, 11.96, 7.91, 1.04, 19.38, 19.97, 17.75, 1.05, 3.78, 17.58, 6.68, 3.33, 7.06, 13.17, 0.5, 3.21, 0.0, 13.63, 6.03, 2.49, 6.92, 3.41, 0.72, 15.79, 10.58, 3.02, 15.45, 16.16, 7.69, 11.52, 4.97, 0.65, 11.14, 5.46, 16.72, 17.15, 10.41, 0.96, 14.84, 8.41, 20.94, 5.89, 1.87, 10.99, 7.55, 12.73, 2.0, 0.38, 16.52, 1.89, 15.03, 4.94, 9.6, 7.05, 9.7, 5.77, 12.75, 4.87, 2.81, 11.84, 9.07, 2.68, 10.28, 5.48, 18.28, 8.08, 2.41], [8.24, 2.16, 3.48, 8.75, 3.84, 3.61, 6.19, 1.98, 1.54, 17.72, 9.69, 8.74, 3.6, 2.68, 11.42, 3.08, 2.89, 3.48, 4.74, 4.25, 12.18, 9.45, 1.79, 10.42, 3.19, 6.19, 1.55, 8.46, 1.64, 15.45, 5.84, 10.44, 10.0, 2.68, 0.45, 8.31, 15.2, 3.43, 7.07, 3.29, 15.68, 2.01, 3.06, 2.43, 11.65, 3.83, 2.17, 10.53, 2.47, 2.58, 0.0, 0.83, 4.82, 1.8, 3.68, 13.15, 6.53, 1.68, 10.21, 10.05, 8.0, 5.28, 1.11, 5.4, 4.33, 10.33, 1.54, 13.88, 5.03, 2.1, 17.1, 7.49, 1.22, 8.99, 3.05, 15.34, 3.16, 1.11, 12.19, 7.32, 5.51, 4.03, 2.15, 1.43, 1.35, 1.85, 2.69, 1.53, 5.48, 4.68, 3.91, 1.08, 6.24, 3.95, 0.77, 6.56, 7.45, 0.55, 14.71, 7.91], [1.77, 0.47, 1.03, 4.15, 7.32, 1.62, 16.17, 0.73, 6.69, 14.2, 9.57, 4.23, 2.47, 13.43, 1.35, 1.53, 3.38, 1.11, 3.88, 6.34, 12.05, 5.1, 1.02, 6.1, 2.73, 1.62, 7.27, 3.43, 1.6, 10.09, 2.11, 7.02, 5.63, 1.49, 4.52, 3.74, 10.92, 1.78, 7.52, 1.17, 9.33, 6.39, 1.91, 4.22, 7.95, 5.24, 4.62, 9.86, 5.12, 15.13, 4.01, 0.0, 3.49, 0.93, 0.32, 8.2, 6.61, 0.63, 6.41, 2.78, 1.71, 0.65, 0.91, 1.97, 4.74, 5.98, 0.54, 6.67, 1.46, 2.76, 6.34, 2.2, 4.83, 4.97, 6.31, 2.81, 7.83, 7.56, 3.75, 5.23, 13.75, 0.67, 8.09, 6.26, 2.84, 4.82, 6.99, 0.98, 4.83, 4.16, 9.17, 4.65, 1.93, 3.34, 4.62, 2.16, 5.8, 1.31, 14.55, 2.35], [7.26, 3.2, 3.33, 1.65, 4.59, 2.86, 6.67, 2.95, 3.82, 8.88, 8.87, 6.0, 10.8, 3.33, 3.44, 3.87, 6.46, 2.57, 1.2, 2.05, 1.98, 2.7, 7.36, 2.61, 3.11, 14.24, 15.8, 7.04, 1.22, 5.52, 3.89, 2.24, 2.23, 2.06, 12.04, 2.92, 2.89, 1.75, 12.71, 5.92, 5.57, 3.54, 5.2, 6.51, 2.22, 11.35, 4.45, 2.33, 2.96, 3.05, 2.52, 4.44, 0.0, 4.24, 6.29, 6.52, 12.17, 7.04, 1.5, 4.5, 12.94, 4.03, 5.2, 4.93, 2.75, 6.17, 1.78, 5.47, 12.1, 5.71, 6.57, 9.11, 4.64, 5.23, 6.15, 6.35, 8.52, 3.97, 9.17, 4.39, 5.1, 8.68, 3.22, 6.13, 9.57, 7.05, 9.78, 2.66, 1.95, 11.91, 1.15, 3.7, 10.37, 12.63, 6.19, 10.91, 3.32, 13.46, 7.31, 6.49], [7.98, 7.95, 1.32, 1.18, 1.72, 1.13, 6.05, 3.0, 6.6, 9.51, 11.01, 1.79, 10.3, 5.26, 3.67, 0.74, 3.16, 4.98, 2.11, 5.03, 4.7, 3.59, 1.76, 3.2, 4.52, 8.01, 8.84, 1.71, 8.79, 6.39, 1.36, 4.04, 5.28, 1.0, 3.1, 3.75, 3.35, 3.84, 12.2, 13.21, 7.45, 6.66, 4.74, 2.38, 2.76, 7.59, 1.14, 7.28, 6.44, 3.67, 3.94, 5.82, 2.82, 0.0, 5.7, 2.16, 4.19, 1.03, 2.52, 11.45, 2.49, 2.28, 2.48, 3.65, 3.5, 8.76, 0.9, 2.0, 4.01, 3.56, 1.24, 6.08, 3.54, 5.12, 11.53, 6.72, 4.85, 0.65, 6.76, 4.99, 1.42, 3.47, 7.49, 5.35, 2.09, 5.53, 3.32, 4.53, 5.02, 1.63, 1.37, 1.68, 10.84, 3.62, 1.08, 13.75, 3.41, 1.88, 4.02, 1.37], [0.95, 0.5, 3.55, 3.09, 3.22, 11.91, 8.98, 0.49, 6.21, 10.61, 7.98, 6.63, 6.46, 10.34, 9.69, 4.6, 2.57, 1.73, 1.66, 0.8, 1.75, 8.06, 1.93, 10.4, 7.16, 7.54, 4.94, 5.87, 4.22, 10.24, 3.95, 4.47, 8.34, 1.29, 4.15, 2.23, 9.35, 1.35, 3.29, 4.05, 6.48, 4.87, 0.93, 1.25, 2.68, 7.63, 3.19, 14.01, 8.09, 13.9, 2.73, 0.2, 6.1, 4.89, 0.0, 17.1, 5.46, 3.12, 6.46, 7.9, 4.37, 5.0, 4.03, 5.55, 3.98, 10.17, 3.13, 4.27, 1.14, 0.59, 16.92, 0.37, 1.35, 7.82, 2.46, 9.1, 6.5, 8.74, 4.8, 1.21, 10.73, 0.9, 1.09, 4.32, 6.74, 1.73, 8.44, 1.36, 8.5, 2.54, 8.95, 1.46, 2.66, 2.68, 2.97, 3.03, 11.37, 4.22, 9.81, 5.67], [5.12, 15.83, 2.23, 2.62, 10.24, 8.61, 0.62, 14.62, 9.93, 4.87, 3.01, 4.1, 15.15, 5.25, 2.29, 8.03, 11.7, 6.44, 3.96, 14.91, 6.04, 7.74, 11.56, 1.66, 3.47, 18.72, 19.94, 5.45, 8.9, 4.71, 11.6, 3.69, 4.61, 5.01, 4.02, 6.82, 2.05, 3.46, 11.87, 9.1, 0.71, 15.5, 2.49, 8.31, 2.89, 2.47, 6.35, 0.86, 0.64, 0.31, 5.17, 13.33, 5.8, 1.34, 15.4, 0.0, 19.0, 4.77, 1.53, 13.52, 22.08, 4.15, 4.41, 3.53, 2.62, 8.65, 12.91, 1.99, 4.71, 5.52, 0.0, 13.81, 20.48, 19.81, 10.37, 1.09, 10.97, 6.85, 15.26, 11.17, 4.5, 9.4, 5.45, 9.79, 12.82, 4.18, 11.9, 5.56, 8.81, 5.18, 5.12, 8.49, 2.12, 4.66, 5.86, 5.86, 3.64, 19.18, 6.2, 2.62], [3.09, 4.42, 2.81, 14.01, 5.66, 11.56, 9.73, 7.07, 8.6, 10.88, 4.86, 8.85, 0.56, 4.32, 5.08, 11.29, 1.95, 4.25, 9.68, 0.89, 16.01, 8.92, 1.21, 12.74, 3.97, 1.58, 2.39, 11.4, 3.18, 7.38, 4.11, 5.7, 10.06, 14.1, 1.86, 11.8, 12.03, 1.88, 4.03, 1.62, 17.49, 12.68, 2.31, 3.95, 3.95, 7.87, 11.9, 15.57, 16.42, 17.18, 8.65, 3.43, 9.66, 11.37, 1.88, 22.0, 0.0, 2.13, 3.43, 1.56, 1.8, 10.08, 10.99, 9.09, 14.77, 3.18, 7.58, 2.35, 0.96, 9.24, 5.07, 0.66, 4.51, 3.06, 0.45, 7.29, 8.59, 13.87, 2.77, 11.73, 16.09, 5.01, 1.86, 10.14, 9.26, 7.48, 11.36, 0.97, 2.16, 1.9, 9.88, 7.38, 5.53, 4.9, 3.13, 7.54, 6.99, 3.88, 18.78, 5.25], [4.25, 6.81, 7.4, 7.02, 7.65, 1.29, 14.6, 2.33, 3.92, 10.49, 12.92, 7.21, 3.72, 11.09, 3.86, 1.19, 1.81, 2.15, 3.01, 3.29, 7.85, 7.63, 5.1, 3.82, 11.22, 4.68, 4.06, 3.18, 7.2, 2.87, 1.28, 2.04, 2.88, 4.01, 1.48, 6.0, 10.4, 6.4, 6.35, 1.28, 13.21, 1.8, 2.35, 8.05, 6.79, 6.32, 0.61, 11.52, 12.2, 9.48, 1.72, 0.77, 3.89, 1.25, 2.95, 6.19, 5.03, 0.0, 4.91, 7.33, 6.76, 1.39, 1.62, 5.91, 7.48, 12.95, 0.95, 12.68, 4.68, 0.67, 4.05, 5.77, 3.44, 10.12, 1.97, 14.43, 2.63, 5.12, 7.74, 1.18, 11.62, 5.34, 3.93, 3.95, 2.42, 6.13, 3.8, 5.32, 5.46, 7.34, 2.72, 0.95, 9.24, 6.02, 1.4, 5.38, 16.12, 4.31, 6.24, 7.26], [15.19, 10.06, 11.88, 4.38, 1.19, 6.07, 3.74, 6.47, 5.64, 9.33, 12.4, 3.31, 12.35, 4.11, 7.94, 6.95, 9.73, 4.03, 1.64, 2.58, 10.25, 0.98, 8.94, 0.94, 0.84, 17.94, 6.82, 5.97, 11.33, 1.37, 4.91, 1.38, 0.77, 2.4, 3.59, 2.48, 2.73, 14.99, 2.44, 11.79, 3.16, 9.35, 13.59, 2.13, 0.98, 13.66, 3.36, 3.37, 3.12, 1.36, 7.02, 5.06, 2.22, 6.49, 4.95, 3.34, 12.98, 9.18, 0.0, 4.47, 9.86, 5.8, 3.53, 6.1, 0.71, 11.53, 8.56, 7.21, 14.61, 8.63, 2.07, 9.3, 10.32, 10.11, 12.59, 8.14, 7.14, 0.55, 11.67, 2.32, 0.91, 13.91, 1.78, 10.58, 7.0, 12.02, 13.09, 8.96, 5.59, 15.03, 4.31, 12.15, 9.54, 15.3, 5.95, 2.53, 8.76, 9.77, 10.16, 1.87], [1.75, 1.9, 3.84, 4.2, 3.53, 8.72, 2.6, 4.07, 7.1, 6.73, 6.05, 3.7, 5.87, 6.51, 3.42, 1.99, 9.35, 1.14, 6.09, 5.84, 12.8, 10.84, 7.66, 12.88, 13.02, 6.78, 3.79, 5.23, 0.77, 4.32, 3.58, 5.26, 2.98, 8.8, 5.52, 10.62, 4.1, 3.06, 0.44, 0.63, 2.63, 12.61, 1.86, 2.05, 5.95, 17.27, 4.43, 19.66, 16.17, 3.57, 6.04, 7.07, 14.67, 3.56, 6.79, 12.79, 1.46, 12.23, 11.29, 0.0, 3.49, 2.47, 8.12, 5.75, 11.06, 4.97, 7.0, 6.95, 7.0, 7.6, 12.04, 2.77, 7.04, 1.88, 5.2, 7.45, 2.74, 12.65, 6.72, 7.15, 10.24, 1.87, 5.68, 16.78, 5.05, 6.12, 6.53, 6.74, 5.54, 3.17, 14.13, 12.25, 2.17, 8.5, 6.61, 1.99, 2.46, 10.91, 4.83, 7.24], [4.01, 3.99, 5.26, 13.8, 8.3, 12.28, 19.03, 2.32, 7.87, 9.55, 10.05, 2.46, 4.28, 4.59, 7.49, 2.52, 5.9, 2.81, 3.04, 0.0, 19.2, 7.12, 4.26, 6.84, 5.05, 3.51, 1.37, 7.38, 2.95, 5.81, 11.32, 5.0, 15.83, 7.56, 5.88, 14.54, 7.74, 2.24, 3.25, 3.36, 10.51, 8.87, 0.56, 3.79, 11.67, 13.98, 2.99, 4.41, 4.15, 10.4, 3.39, 4.49, 16.08, 7.13, 3.27, 23.81, 3.01, 8.42, 7.64, 4.92, 0.0, 9.86, 10.22, 8.71, 2.68, 11.45, 1.59, 16.55, 0.68, 1.73, 7.18, 1.57, 7.94, 1.53, 0.32, 3.89, 6.25, 7.48, 14.21, 5.02, 11.43, 4.5, 6.25, 2.74, 1.16, 8.85, 7.02, 2.73, 6.14, 4.99, 4.47, 5.23, 3.62, 2.12, 6.2, 3.67, 6.12, 3.6, 7.9, 2.4], [3.61, 2.65, 1.75, 3.12, 1.02, 6.94, 11.09, 1.4, 4.58, 4.98, 1.11, 3.15, 9.27, 12.34, 5.37, 3.52, 1.28, 1.62, 0.78, 4.99, 1.85, 1.34, 3.3, 3.8, 7.96, 5.74, 13.05, 3.91, 2.07, 7.46, 0.0, 4.92, 6.22, 1.64, 3.79, 2.31, 9.0, 3.24, 1.94, 2.88, 3.29, 6.82, 1.2, 4.13, 3.05, 2.65, 5.72, 9.57, 4.8, 9.02, 2.19, 0.8, 0.71, 1.8, 5.42, 2.58, 6.05, 4.62, 2.87, 8.13, 3.49, 0.0, 0.76, 0.7, 3.89, 1.74, 1.07, 10.93, 2.62, 3.39, 7.52, 0.71, 5.38, 1.6, 2.28, 5.77, 4.29, 2.87, 10.33, 1.36, 1.53, 5.23, 0.98, 4.21, 7.51, 2.01, 0.96, 3.93, 1.61, 6.28, 5.87, 4.92, 1.66, 9.1, 4.6, 6.29, 7.0, 9.39, 3.85, 7.51], [8.19, 5.57, 9.01, 4.51, 5.03, 5.18, 4.67, 4.41, 6.76, 4.24, 11.73, 4.68, 13.26, 7.53, 6.24, 1.02, 1.54, 2.12, 0.7, 2.23, 4.19, 5.32, 4.23, 4.98, 2.07, 3.68, 3.72, 5.31, 0.92, 2.1, 2.11, 3.51, 7.81, 3.87, 4.11, 9.8, 2.99, 5.36, 4.77, 10.82, 2.11, 1.78, 3.09, 3.66, 5.53, 3.22, 1.61, 9.86, 2.61, 2.58, 3.65, 3.16, 3.17, 0.33, 3.24, 4.09, 6.86, 1.28, 8.58, 1.36, 8.36, 0.41, 0.0, 3.66, 2.17, 6.59, 0.59, 13.16, 2.41, 1.32, 5.44, 0.97, 2.46, 9.86, 10.88, 1.85, 6.91, 2.46, 8.16, 1.33, 2.21, 2.35, 1.0, 1.67, 4.7, 1.15, 5.31, 3.17, 7.57, 5.07, 2.79, 3.02, 2.18, 3.99, 1.56, 2.05, 4.01, 4.51, 3.4, 9.33], [6.23, 3.99, 4.2, 0.91, 0.95, 8.0, 1.67, 5.07, 1.74, 1.61, 5.55, 4.14, 5.57, 9.45, 4.59, 2.79, 2.67, 2.01, 2.69, 8.88, 6.87, 1.72, 2.41, 3.39, 2.71, 8.95, 3.53, 3.8, 2.26, 3.91, 0.49, 9.27, 3.57, 4.91, 8.16, 1.86, 5.46, 3.18, 1.76, 3.58, 6.94, 5.3, 1.92, 0.81, 0.61, 11.96, 3.58, 5.05, 6.55, 9.55, 3.39, 2.07, 3.98, 0.92, 2.55, 5.43, 10.57, 3.68, 2.9, 3.99, 9.34, 0.45, 0.6, 0.0, 9.8, 6.49, 2.04, 8.09, 1.63, 4.15, 10.44, 0.6, 3.83, 7.06, 1.75, 1.87, 9.56, 2.45, 7.35, 0.0, 2.86, 3.12, 2.72, 7.79, 8.73, 1.03, 9.61, 3.27, 1.14, 9.07, 4.78, 2.43, 7.55, 5.17, 2.72, 6.03, 8.98, 2.28, 3.81, 4.26], [8.38, 5.63, 11.21, 1.05, 3.02, 3.75, 1.14, 6.12, 1.26, 12.8, 4.84, 2.57, 21.65, 4.57, 9.36, 5.74, 1.28, 12.47, 10.39, 12.05, 9.25, 6.92, 4.26, 0.99, 1.19, 23.99, 25.34, 10.13, 1.83, 10.4, 7.76, 0.83, 1.81, 5.06, 11.62, 7.85, 2.13, 10.41, 20.95, 9.29, 0.84, 8.59, 6.66, 14.27, 8.55, 3.54, 8.25, 1.95, 3.71, 0.22, 14.58, 11.41, 3.27, 4.94, 8.4, 1.72, 12.49, 9.03, 0.88, 12.1, 18.46, 2.23, 3.76, 9.35, 0.0, 3.58, 5.59, 13.73, 13.9, 10.41, 0.59, 9.85, 2.39, 15.16, 14.02, 9.6, 10.39, 6.71, 12.58, 9.72, 0.89, 10.06, 3.84, 7.78, 13.14, 14.94, 2.9, 10.73, 5.79, 16.1, 7.51, 2.89, 10.72, 10.12, 6.77, 11.43, 2.34, 13.82, 10.97, 10.86], [3.29, 6.72, 1.15, 1.85, 0.99, 10.88, 1.42, 10.36, 4.02, 2.95, 1.33, 1.88, 3.43, 4.64, 2.53, 12.44, 7.39, 0.99, 2.63, 3.78, 1.94, 1.14, 7.87, 11.63, 3.47, 12.07, 5.21, 1.5, 5.01, 1.62, 8.39, 12.44, 5.77, 4.25, 5.9, 0.89, 11.47, 7.31, 3.35, 1.14, 12.16, 2.34, 5.85, 3.09, 1.93, 6.29, 3.19, 6.8, 6.78, 5.92, 2.27, 1.23, 7.79, 11.15, 5.6, 14.29, 4.3, 9.89, 8.77, 4.72, 11.48, 1.0, 11.98, 2.09, 3.81, 0.0, 8.04, 1.65, 9.77, 3.26, 2.32, 3.18, 13.65, 5.88, 4.94, 2.86, 4.95, 3.79, 2.7, 4.16, 3.03, 3.05, 2.3, 14.61, 8.02, 4.04, 9.41, 7.2, 1.22, 9.7, 10.59, 7.5, 2.32, 14.58, 6.42, 1.71, 2.43, 8.76, 4.33, 0.54], [3.13, 1.7, 6.15, 6.06, 6.58, 2.65, 12.62, 2.14, 8.12, 4.8, 8.55, 7.03, 9.34, 10.07, 10.91, 1.59, 2.9, 1.47, 2.03, 6.03, 7.61, 2.88, 4.71, 4.04, 12.15, 9.52, 11.44, 2.14, 7.22, 14.01, 1.64, 10.1, 10.7, 4.88, 4.34, 5.71, 11.79, 1.77, 9.49, 4.56, 14.09, 2.27, 3.72, 10.23, 7.94, 4.6, 1.88, 5.91, 1.53, 2.65, 1.29, 2.05, 5.12, 1.72, 2.33, 9.34, 1.31, 0.43, 5.44, 3.87, 6.67, 3.51, 0.91, 3.86, 6.82, 4.09, 0.0, 6.7, 4.48, 0.97, 9.26, 1.97, 0.82, 3.49, 5.72, 2.0, 1.5, 2.42, 2.66, 4.19, 8.13, 4.01, 6.12, 3.05, 4.85, 6.19, 2.92, 2.16, 6.64, 7.37, 0.88, 3.23, 7.94, 6.29, 1.03, 14.14, 10.6, 1.33, 3.88, 2.18], [4.79, 10.93, 3.48, 12.6, 5.41, 23.17, 12.15, 3.37, 5.45, 1.08, 2.89, 4.29, 9.17, 0.34, 1.94, 6.04, 10.9, 9.14, 10.8, 16.16, 2.06, 8.85, 6.13, 6.98, 8.75, 8.9, 2.88, 5.48, 7.24, 5.05, 4.84, 8.57, 3.15, 5.54, 6.68, 3.9, 15.11, 6.84, 1.79, 3.38, 14.2, 9.93, 2.1, 3.2, 4.6, 3.52, 13.6, 18.04, 11.95, 7.36, 12.76, 2.66, 6.23, 11.63, 8.61, 4.72, 11.97, 2.19, 5.93, 4.1, 6.8, 5.4, 11.84, 7.73, 13.84, 2.26, 10.54, 0.0, 3.11, 11.84, 14.55, 4.04, 15.75, 0.74, 5.98, 1.35, 9.1, 2.52, 1.8, 2.77, 9.58, 10.66, 2.58, 9.84, 3.32, 6.11, 5.15, 2.14, 2.22, 1.58, 19.31, 10.7, 4.16, 13.64, 15.18, 1.57, 3.65, 14.48, 5.42, 2.71], [2.76, 2.46, 8.79, 2.88, 10.66, 10.8, 6.09, 0.4, 9.71, 17.4, 10.68, 5.95, 4.64, 8.23, 10.59, 4.56, 5.64, 1.47, 5.91, 1.32, 17.25, 10.8, 5.61, 9.35, 5.21, 6.72, 4.61, 8.49, 4.95, 10.18, 5.92, 7.43, 3.45, 10.66, 1.29, 12.59, 17.39, 1.22, 10.44, 4.49, 13.57, 4.43, 0.28, 10.98, 7.12, 6.34, 1.9, 2.33, 10.87, 18.35, 0.65, 2.62, 5.33, 4.08, 1.52, 16.16, 3.66, 0.99, 16.14, 1.65, 2.15, 2.21, 3.55, 1.98, 12.88, 8.52, 4.59, 14.96, 0.0, 3.77, 9.76, 5.91, 2.98, 7.79, 3.31, 15.87, 8.92, 10.79, 10.41, 1.39, 17.3, 1.82, 10.1, 8.15, 4.99, 1.8, 7.17, 1.34, 11.72, 2.0, 5.15, 2.88, 3.39, 0.56, 7.16, 2.04, 14.93, 2.17, 15.3, 8.07], [5.15, 2.95, 2.46, 3.16, 1.98, 6.8, 4.81, 2.77, 3.0, 7.06, 11.75, 1.58, 2.34, 3.25, 9.01, 0.23, 0.92, 2.63, 0.92, 1.26, 10.44, 1.71, 2.96, 6.69, 4.31, 8.26, 3.31, 1.67, 5.12, 11.6, 2.61, 1.42, 3.01, 2.64, 4.21, 5.26, 10.88, 5.76, 9.85, 6.34, 10.73, 3.84, 2.28, 8.86, 2.77, 3.26, 1.71, 12.87, 1.77, 6.27, 1.09, 0.88, 2.2, 3.72, 4.11, 14.17, 7.52, 0.16, 2.17, 7.13, 7.16, 1.74, 1.25, 3.55, 7.0, 6.95, 0.46, 14.25, 0.98, 0.0, 7.55, 5.28, 1.67, 10.98, 8.14, 6.68, 3.01, 3.36, 7.1, 0.62, 1.3, 1.93, 3.23, 5.59, 1.34, 3.14, 3.85, 0.42, 9.93, 1.26, 2.4, 8.2, 2.55, 7.1, 3.06, 8.83, 11.36, 2.25, 8.35, 6.53], [8.27, 4.73, 5.88, 3.54, 10.79, 5.78, 0.24, 9.57, 4.53, 6.9, 4.46, 3.37, 9.19, 6.88, 6.64, 6.87, 4.15, 12.56, 4.51, 6.62, 1.61, 5.95, 14.38, 1.01, 0.97, 14.18, 8.02, 4.09, 7.67, 5.98, 9.6, 4.19, 1.98, 6.04, 6.76, 9.39, 1.06, 4.52, 7.87, 14.63, 0.93, 16.29, 12.24, 6.01, 4.02, 14.22, 9.66, 0.91, 2.21, 0.38, 4.82, 9.54, 6.73, 9.84, 5.64, 0.0, 16.47, 12.26, 4.26, 19.27, 17.98, 7.71, 13.42, 7.51, 0.53, 3.96, 11.53, 17.33, 16.38, 4.56, 0.0, 2.79, 3.16, 4.32, 2.83, 5.17, 5.97, 6.62, 8.37, 5.32, 2.99, 8.15, 1.35, 4.26, 13.74, 14.64, 17.72, 3.49, 8.07, 16.69, 3.8, 4.25, 18.28, 5.69, 7.11, 8.63, 12.0, 15.79, 7.42, 11.61], [0.36, 0.25, 2.41, 6.63, 1.83, 2.72, 7.47, 2.64, 4.85, 7.4, 8.39, 4.09, 5.09, 5.46, 8.83, 3.62, 0.69, 1.43, 3.94, 5.47, 9.94, 7.19, 0.45, 11.99, 7.1, 0.91, 4.97, 2.92, 0.7, 1.8, 1.26, 5.28, 9.62, 4.13, 1.63, 5.02, 12.89, 3.8, 4.51, 2.03, 8.35, 6.88, 4.83, 2.28, 7.45, 8.79, 6.38, 3.66, 9.2, 15.09, 7.85, 0.92, 2.67, 2.86, 0.34, 2.57, 1.78, 3.62, 3.3, 1.12, 2.71, 1.4, 3.34, 3.33, 8.8, 2.89, 1.73, 1.35, 0.92, 5.13, 3.89, 0.0, 2.76, 5.3, 4.73, 2.44, 11.82, 8.04, 6.89, 1.84, 10.61, 0.64, 4.07, 1.42, 7.85, 0.86, 4.63, 0.97, 7.29, 1.58, 2.46, 6.27, 1.75, 3.83, 1.11, 8.35, 8.66, 9.0, 9.94, 2.02], [7.51, 4.44, 7.51, 3.08, 3.36, 1.71, 13.52, 3.46, 7.52, 13.82, 9.0, 2.58, 2.1, 20.11, 13.85, 3.15, 3.37, 1.21, 2.72, 2.26, 15.69, 7.88, 7.8, 7.78, 7.22, 9.83, 4.37, 1.7, 2.56, 15.26, 7.02, 6.76, 3.06, 2.47, 0.86, 14.04, 1.94, 3.4, 9.33, 4.17, 10.92, 2.46, 1.35, 8.95, 8.97, 2.24, 4.84, 12.63, 13.25, 15.51, 1.15, 3.93, 12.8, 3.26, 6.29, 4.84, 5.55, 2.03, 13.3, 7.43, 5.52, 5.46, 6.3, 9.98, 13.28, 14.1, 2.89, 14.6, 3.55, 3.76, 7.89, 9.75, 0.0, 3.46, 9.48, 14.61, 2.29, 7.61, 7.52, 10.39, 4.75, 6.43, 12.27, 3.36, 1.37, 3.43, 1.43, 8.2, 8.12, 8.77, 1.09, 4.49, 10.9, 1.19, 2.38, 7.81, 13.38, 0.35, 12.47, 14.28], [2.62, 0.87, 4.37, 8.64, 4.46, 7.82, 11.57, 6.39, 11.02, 10.86, 3.74, 1.6, 5.29, 5.19, 4.47, 11.18, 9.44, 7.01, 5.01, 1.44, 1.84, 11.75, 8.82, 13.75, 3.52, 4.97, 6.21, 4.83, 3.65, 4.43, 1.51, 9.78, 10.74, 9.58, 14.38, 5.33, 10.62, 8.92, 0.76, 1.0, 15.06, 8.02, 6.15, 3.86, 2.91, 20.27, 11.03, 3.62, 8.81, 13.95, 6.37, 1.49, 12.3, 12.62, 6.82, 17.94, 3.07, 1.64, 17.12, 1.63, 5.28, 9.05, 7.56, 10.06, 3.05, 3.22, 11.07, 1.0, 11.6, 7.33, 9.01, 3.75, 10.51, 0.0, 8.06, 10.85, 9.73, 2.3, 0.96, 2.62, 12.51, 2.41, 5.24, 6.91, 4.92, 6.53, 13.12, 3.11, 9.45, 3.5, 10.68, 3.58, 3.64, 8.4, 5.88, 6.28, 3.38, 4.76, 8.02, 6.95], [1.92, 3.67, 1.96, 10.06, 10.41, 15.26, 18.7, 3.46, 6.53, 14.86, 6.19, 7.2, 1.89, 1.49, 14.58, 6.26, 3.73, 6.39, 2.86, 2.26, 8.84, 7.25, 6.58, 14.22, 4.54, 0.92, 0.37, 11.7, 6.23, 14.83, 9.46, 10.04, 5.53, 10.43, 1.06, 12.9, 10.26, 0.83, 2.17, 1.35, 14.88, 6.03, 0.56, 6.6, 6.95, 3.64, 2.77, 8.91, 7.54, 19.19, 3.85, 2.46, 10.47, 10.08, 3.39, 13.22, 0.35, 7.4, 5.65, 1.01, 2.51, 10.54, 2.32, 5.53, 15.98, 5.53, 8.03, 12.5, 2.47, 9.02, 5.51, 5.13, 5.17, 2.35, 0.0, 4.16, 14.62, 12.37, 11.9, 9.76, 13.98, 3.55, 8.01, 7.48, 5.66, 5.11, 1.43, 5.13, 12.08, 1.37, 11.73, 13.21, 1.75, 3.2, 5.09, 9.49, 3.82, 2.73, 10.62, 4.92], [10.5, 7.22, 6.74, 4.13, 3.06, 9.1, 3.78, 12.69, 1.13, 0.52, 3.49, 3.17, 20.12, 5.83, 0.33, 8.93, 4.8, 2.74, 3.02, 11.11, 0.18, 4.52, 9.05, 6.35, 5.4, 5.34, 10.39, 3.38, 6.12, 0.55, 8.6, 2.61, 7.54, 2.87, 8.5, 3.89, 4.08, 8.37, 5.56, 13.32, 2.49, 17.0, 14.64, 6.62, 2.69, 5.32, 12.18, 5.73, 0.42, 4.58, 5.21, 11.02, 3.93, 8.38, 4.36, 5.37, 13.74, 11.56, 8.23, 3.9, 10.89, 4.74, 7.55, 3.62, 3.78, 0.66, 11.18, 5.5, 4.23, 10.63, 2.5, 4.87, 16.9, 13.0, 10.48, 0.0, 14.45, 2.17, 5.28, 4.37, 5.5, 7.54, 1.45, 8.57, 12.95, 2.83, 17.25, 8.2, 2.52, 7.28, 9.2, 4.32, 3.22, 10.18, 4.21, 1.87, 1.99, 2.09, 1.11, 4.45], [10.75, 9.76, 4.21, 7.98, 11.25, 2.1, 16.67, 7.21, 15.03, 18.06, 15.41, 1.77, 15.55, 21.07, 9.11, 1.15, 2.43, 8.18, 7.77, 4.95, 18.47, 11.27, 10.28, 9.27, 8.84, 3.33, 17.74, 13.09, 3.87, 8.56, 3.86, 3.22, 1.37, 6.08, 6.9, 6.84, 13.33, 12.02, 19.03, 2.44, 15.59, 1.36, 3.51, 6.21, 1.66, 0.61, 4.15, 11.7, 11.4, 8.09, 2.41, 10.07, 8.68, 2.14, 10.75, 5.83, 6.06, 3.47, 10.49, 13.64, 3.52, 4.43, 3.83, 2.82, 2.18, 4.93, 1.13, 15.1, 6.58, 2.88, 1.94, 6.71, 5.14, 6.79, 4.63, 10.85, 0.0, 7.18, 19.16, 8.92, 8.53, 4.26, 11.77, 0.24, 3.07, 6.31, 2.13, 5.46, 4.45, 7.58, 2.14, 1.14, 2.91, 5.05, 2.38, 18.94, 11.75, 6.25, 5.24, 4.93], [8.28, 5.33, 11.66, 1.76, 4.56, 2.72, 7.94, 1.16, 5.79, 13.46, 1.73, 2.13, 18.3, 1.82, 4.12, 0.52, 1.82, 2.23, 3.11, 9.41, 1.4, 5.96, 1.09, 2.76, 1.96, 9.73, 12.82, 8.62, 7.78, 2.6, 1.63, 2.5, 1.24, 1.76, 3.75, 5.39, 5.14, 8.16, 6.11, 6.67, 2.6, 4.82, 9.68, 12.56, 2.22, 4.59, 4.38, 6.2, 7.87, 2.21, 6.81, 6.49, 4.03, 0.69, 3.03, 6.12, 7.81, 2.55, 4.18, 15.46, 7.31, 2.49, 1.21, 5.91, 5.34, 6.39, 5.74, 10.86, 9.39, 5.49, 5.55, 5.25, 9.37, 11.57, 8.38, 11.38, 3.89, 0.0, 15.09, 0.65, 1.86, 5.79, 6.73, 2.44, 7.52, 1.73, 2.63, 7.65, 8.72, 5.1, 2.18, 4.25, 9.76, 12.51, 0.96, 2.72, 6.94, 9.64, 8.54, 5.49], [6.78, 6.74, 2.06, 9.88, 2.75, 14.64, 4.18, 6.57, 3.52, 5.79, 2.04, 3.71, 7.22, 1.48, 1.43, 3.64, 1.98, 1.78, 10.28, 4.06, 2.78, 5.63, 5.0, 10.33, 7.75, 7.42, 4.32, 5.17, 3.28, 5.19, 7.93, 4.22, 8.63, 3.01, 5.93, 0.91, 4.46, 4.94, 4.17, 4.71, 2.42, 16.89, 11.09, 2.74, 1.86, 7.03, 1.76, 15.62, 10.4, 10.01, 6.8, 3.24, 9.9, 7.15, 10.73, 4.62, 11.15, 2.39, 11.05, 5.57, 6.05, 8.57, 7.57, 7.51, 5.04, 0.58, 5.67, 1.88, 2.05, 12.88, 16.96, 0.99, 16.98, 4.41, 8.14, 5.73, 7.83, 13.17, 0.0, 2.87, 17.38, 8.6, 5.83, 18.47, 2.07, 3.83, 17.79, 6.48, 3.96, 4.18, 13.68, 17.75, 3.51, 11.37, 8.33, 0.5, 4.08, 4.93, 2.83, 3.83], [6.42, 1.67, 2.38, 2.7, 0.97, 11.3, 9.31, 1.92, 1.54, 9.0, 6.67, 3.05, 2.31, 8.97, 3.51, 2.05, 2.97, 4.17, 2.55, 9.26, 2.66, 2.11, 2.26, 2.24, 7.36, 4.0, 3.11, 1.93, 1.37, 4.96, 0.5, 2.2, 6.74, 1.55, 2.17, 3.39, 6.87, 6.83, 8.56, 9.02, 11.29, 2.72, 9.41, 1.16, 3.99, 3.67, 2.7, 9.39, 1.12, 6.5, 7.07, 4.17, 3.67, 2.04, 6.08, 8.39, 1.91, 5.81, 2.69, 2.2, 8.47, 0.89, 4.36, 0.0, 3.9, 5.71, 5.49, 9.57, 5.0, 4.13, 1.66, 1.91, 11.37, 11.12, 4.83, 6.05, 3.22, 5.77, 8.94, 0.0, 5.85, 3.55, 3.3, 2.58, 10.39, 1.42, 1.9, 2.43, 2.34, 5.53, 2.83, 13.2, 2.26, 7.09, 5.49, 2.45, 7.71, 7.35, 3.66, 1.26], [10.99, 8.28, 13.68, 3.82, 2.64, 8.01, 3.7, 10.02, 9.59, 14.66, 8.77, 6.76, 3.92, 17.87, 8.42, 2.45, 7.65, 4.07, 9.06, 13.61, 5.91, 7.18, 8.1, 2.73, 0.18, 9.35, 16.24, 6.99, 8.45, 6.13, 8.29, 0.81, 0.98, 2.55, 11.21, 6.21, 0.84, 13.73, 12.87, 17.29, 2.19, 11.45, 16.86, 6.34, 2.86, 4.59, 5.99, 2.01, 5.38, 1.76, 2.76, 10.25, 4.18, 4.9, 7.87, 3.37, 7.02, 4.66, 0.1, 6.97, 12.99, 7.52, 9.82, 3.0, 0.27, 1.75, 8.65, 9.91, 13.01, 9.97, 3.05, 8.02, 4.26, 8.41, 9.08, 8.41, 2.13, 4.69, 13.31, 6.31, 0.0, 14.99, 5.03, 1.32, 7.3, 8.24, 7.16, 3.37, 1.56, 3.04, 1.74, 4.91, 8.79, 7.18, 1.53, 7.15, 1.72, 12.34, 12.07, 6.09], [1.16, 0.65, 4.25, 7.78, 1.36, 8.63, 6.28, 1.84, 3.07, 10.18, 5.36, 4.19, 4.8, 3.59, 7.11, 1.95, 3.03, 1.34, 3.73, 5.45, 1.61, 6.28, 1.11, 6.84, 13.01, 2.15, 1.21, 7.37, 3.99, 8.81, 2.64, 10.3, 3.71, 7.23, 6.91, 6.41, 14.51, 0.44, 2.13, 4.65, 9.28, 7.32, 2.07, 3.95, 7.87, 3.16, 5.06, 5.79, 3.47, 10.09, 2.95, 2.23, 7.27, 6.17, 0.87, 12.13, 4.48, 3.8, 2.8, 5.68, 5.9, 4.77, 2.37, 2.8, 12.9, 1.58, 4.95, 12.15, 4.47, 1.29, 17.78, 0.65, 7.13, 2.79, 3.55, 12.43, 1.24, 9.18, 9.01, 0.71, 7.76, 0.0, 4.98, 9.36, 9.25, 2.95, 9.37, 0.49, 3.01, 3.55, 1.71, 5.59, 4.19, 4.5, 7.67, 9.19, 7.3, 4.79, 8.98, 7.09], [7.81, 3.5, 1.6, 1.36, 1.03, 6.17, 3.54, 8.99, 0.35, 6.2, 3.19, 2.58, 14.08, 6.83, 1.4, 9.25, 3.93, 4.01, 5.55, 14.31, 1.08, 1.84, 2.82, 1.56, 10.03, 5.94, 11.08, 0.44, 2.13, 4.42, 4.49, 4.63, 5.86, 4.29, 9.8, 0.6, 5.87, 9.92, 7.22, 1.45, 3.59, 2.13, 6.33, 1.97, 0.91, 15.2, 7.22, 1.69, 1.52, 10.66, 8.5, 4.21, 5.58, 3.7, 8.46, 7.54, 10.0, 4.14, 3.86, 5.86, 11.94, 2.47, 5.67, 1.71, 6.85, 1.74, 3.69, 2.6, 8.13, 3.43, 1.83, 6.19, 8.1, 8.51, 3.06, 3.97, 5.99, 6.45, 3.76, 1.15, 7.05, 7.96, 0.0, 2.21, 8.65, 4.14, 2.18, 1.12, 1.37, 9.99, 9.89, 2.94, 1.83, 5.51, 2.34, 5.36, 2.54, 4.74, 2.15, 3.21], [10.1, 12.45, 10.04, 7.91, 10.41, 2.41, 11.52, 3.85, 8.83, 5.84, 14.9, 6.32, 13.62, 16.02, 6.75, 4.75, 2.1, 8.97, 4.18, 10.12, 8.63, 5.24, 5.12, 10.48, 3.35, 10.37, 7.96, 15.91, 3.94, 10.66, 7.56, 6.1, 3.99, 4.32, 1.67, 16.25, 15.99, 5.72, 5.45, 7.48, 15.54, 0.61, 9.68, 15.27, 11.81, 0.64, 2.72, 13.96, 14.88, 8.66, 2.78, 2.41, 1.59, 2.99, 5.81, 14.17, 11.74, 4.36, 7.43, 2.24, 10.5, 8.53, 2.9, 9.54, 7.27, 4.42, 1.8, 16.6, 6.24, 4.8, 9.34, 4.27, 4.03, 16.42, 11.73, 3.31, 0.42, 4.13, 13.66, 4.92, 10.75, 1.39, 1.66, 0.0, 0.55, 12.19, 0.47, 4.42, 3.0, 9.77, 3.22, 0.88, 12.11, 5.76, 1.65, 17.28, 2.45, 2.41, 7.47, 4.24], [9.47, 4.7, 7.24, 3.79, 5.63, 1.61, 3.47, 4.94, 3.78, 19.12, 1.84, 10.84, 15.44, 8.33, 11.62, 2.95, 3.64, 2.84, 3.29, 6.16, 14.89, 7.65, 6.28, 3.79, 6.07, 5.53, 8.33, 9.52, 2.75, 13.06, 6.81, 9.02, 4.45, 2.17, 2.64, 3.02, 5.11, 9.38, 12.42, 2.25, 11.06, 0.79, 7.57, 3.36, 12.26, 1.89, 1.62, 7.51, 2.03, 8.42, 2.24, 2.24, 6.98, 5.49, 3.21, 10.61, 5.43, 1.9, 9.36, 15.14, 9.27, 7.51, 5.27, 4.47, 7.91, 6.99, 1.48, 17.25, 5.75, 1.99, 2.39, 1.95, 3.42, 15.51, 2.72, 17.44, 2.94, 2.56, 9.17, 8.93, 2.45, 5.1, 6.55, 0.66, 0.0, 8.5, 0.0, 4.95, 3.27, 7.18, 4.23, 1.66, 7.85, 5.13, 2.91, 11.98, 5.32, 2.8, 17.68, 12.16], [3.22, 0.5, 0.81, 8.07, 4.3, 8.05, 12.97, 5.67, 1.48, 7.46, 3.09, 1.07, 9.26, 9.12, 6.04, 3.76, 4.77, 1.41, 1.21, 5.88, 3.06, 6.58, 1.93, 4.78, 10.45, 3.49, 3.69, 6.0, 0.1, 6.19, 1.21, 13.8, 5.92, 1.55, 5.61, 4.67, 6.57, 5.23, 6.63, 4.7, 10.68, 5.71, 7.84, 1.37, 3.27, 14.0, 4.1, 5.38, 2.65, 4.83, 3.76, 3.05, 4.83, 8.98, 3.41, 8.71, 2.16, 6.7, 8.33, 3.91, 1.24, 4.6, 3.16, 2.07, 3.98, 3.3, 5.65, 5.91, 3.01, 6.68, 12.09, 1.89, 10.4, 3.25, 6.55, 8.71, 8.89, 3.24, 2.02, 4.15, 5.89, 1.93, 3.77, 9.72, 2.01, 0.0, 7.65, 2.0, 7.45, 4.97, 10.91, 4.66, 1.02, 2.42, 4.92, 7.65, 3.22, 3.27, 8.28, 4.35], [8.6, 3.7, 5.64, 7.1, 6.22, 3.44, 11.65, 4.68, 1.92, 15.45, 2.42, 4.69, 6.92, 17.44, 7.87, 0.51, 3.79, 7.25, 2.77, 7.12, 8.19, 4.31, 5.59, 9.41, 9.36, 14.26, 7.95, 2.12, 9.89, 11.58, 9.39, 1.77, 7.71, 2.11, 0.9, 2.25, 16.58, 4.84, 5.96, 6.03, 12.57, 0.31, 8.05, 14.87, 9.46, 2.94, 3.11, 8.24, 8.16, 8.93, 1.28, 4.64, 9.75, 4.07, 3.58, 8.62, 4.46, 4.07, 9.66, 6.78, 4.72, 6.98, 3.28, 3.76, 1.95, 10.22, 4.33, 10.74, 6.72, 1.97, 7.0, 5.47, 0.63, 2.71, 3.66, 15.62, 1.69, 4.42, 9.56, 6.71, 7.06, 3.76, 6.49, 0.48, 0.0, 9.36, 0.0, 4.59, 11.09, 8.2, 4.79, 2.14, 5.06, 7.48, 4.95, 5.11, 13.04, 0.49, 5.64, 5.92], [3.67, 2.09, 5.9, 6.65, 1.75, 9.31, 7.96, 1.79, 3.87, 9.14, 2.74, 0.83, 1.28, 10.1, 8.25, 3.76, 2.89, 0.0, 2.97, 5.57, 10.49, 3.6, 0.33, 10.15, 9.79, 1.86, 5.78, 4.38, 2.21, 6.56, 1.78, 11.61, 6.83, 7.03, 4.8, 7.75, 8.36, 4.2, 6.69, 5.06, 3.87, 1.02, 5.33, 5.32, 1.77, 11.26, 2.21, 2.94, 9.28, 2.55, 1.54, 0.23, 3.64, 1.14, 0.56, 7.47, 6.44, 4.96, 3.23, 5.5, 7.61, 3.91, 2.91, 1.12, 5.53, 5.92, 1.13, 11.5, 5.1, 2.25, 13.98, 0.8, 5.53, 5.65, 2.82, 9.48, 11.35, 6.06, 7.02, 3.68, 12.03, 0.63, 4.14, 6.07, 4.23, 2.76, 6.9, 0.0, 3.06, 1.08, 5.35, 11.46, 1.35, 3.96, 1.51, 6.94, 11.4, 3.97, 8.4, 1.84], [4.46, 6.6, 2.61, 3.19, 1.74, 8.18, 3.66, 4.57, 0.56, 0.61, 1.93, 2.62, 8.35, 1.61, 0.0, 7.44, 5.36, 6.32, 1.4, 10.36, 1.99, 0.29, 0.86, 7.05, 4.6, 5.41, 2.48, 1.42, 2.71, 1.96, 2.77, 5.99, 1.36, 0.99, 14.23, 1.46, 6.02, 5.6, 6.47, 8.73, 5.21, 13.73, 10.55, 2.06, 0.41, 2.78, 5.92, 2.98, 2.7, 6.44, 8.55, 10.27, 3.72, 1.27, 3.19, 2.08, 14.18, 6.41, 1.05, 3.4, 4.32, 0.75, 9.74, 3.15, 4.13, 3.55, 8.25, 6.07, 6.52, 4.51, 8.4, 7.66, 3.63, 1.24, 7.34, 0.38, 13.54, 5.04, 7.48, 0.71, 7.2, 6.41, 2.07, 2.99, 6.39, 1.04, 13.03, 5.16, 0.0, 8.39, 12.29, 14.33, 2.85, 12.99, 4.77, 5.76, 4.28, 5.6, 3.62, 1.5], [0.56, 2.43, 3.98, 12.76, 6.26, 4.86, 7.05, 3.26, 4.7, 11.45, 11.17, 3.94, 2.15, 9.76, 11.17, 10.29, 2.04, 6.29, 5.8, 4.4, 15.9, 5.09, 3.02, 10.92, 7.18, 4.12, 2.57, 4.38, 1.1, 10.02, 3.4, 16.53, 11.94, 5.54, 7.89, 10.98, 10.9, 1.87, 2.39, 0.0, 5.21, 12.16, 4.26, 2.71, 10.73, 9.7, 1.23, 12.64, 1.85, 9.17, 4.85, 2.15, 6.13, 4.73, 3.94, 6.94, 1.34, 4.84, 5.95, 1.27, 4.68, 6.0, 2.3, 9.47, 14.53, 11.03, 4.69, 6.47, 2.9, 3.11, 18.37, 0.65, 7.08, 2.93, 1.42, 11.31, 12.63, 7.99, 7.42, 7.93, 4.76, 3.13, 10.13, 5.76, 13.12, 4.34, 2.12, 4.52, 2.6, 0.0, 6.13, 14.45, 1.28, 5.43, 4.31, 4.55, 14.33, 10.02, 5.82, 6.09], [2.13, 10.25, 14.08, 5.75, 5.74, 6.13, 6.04, 3.38, 1.33, 5.3, 13.06, 5.53, 8.2, 19.13, 2.92, 0.57, 2.07, 6.15, 5.21, 6.95, 14.77, 9.44, 3.39, 1.29, 1.34, 9.81, 2.58, 11.03, 11.04, 1.98, 5.69, 4.23, 6.36, 2.04, 3.82, 4.56, 6.48, 3.47, 2.03, 11.02, 5.06, 3.25, 4.37, 13.42, 3.21, 3.77, 3.35, 11.76, 8.42, 7.1, 5.7, 0.95, 6.86, 2.6, 9.46, 10.31, 16.49, 4.39, 1.82, 5.02, 9.83, 3.57, 2.56, 4.39, 6.7, 5.78, 2.46, 13.4, 6.14, 0.63, 8.45, 10.59, 8.41, 16.39, 5.93, 10.67, 2.99, 1.03, 5.92, 5.93, 6.46, 4.66, 2.45, 3.64, 3.6, 2.1, 3.9, 9.02, 12.55, 4.0, 0.0, 6.06, 10.4, 8.66, 2.49, 15.75, 5.85, 5.73, 16.15, 1.79], [3.94, 3.42, 2.08, 5.06, 9.28, 0.82, 5.46, 3.5, 12.0, 18.01, 6.38, 2.22, 12.45, 12.13, 8.41, 2.36, 1.63, 1.79, 2.99, 12.3, 5.44, 6.35, 5.91, 10.63, 6.77, 2.13, 12.61, 7.41, 10.76, 14.71, 2.51, 10.62, 9.51, 7.52, 2.73, 6.92, 19.15, 6.25, 3.51, 15.13, 14.42, 1.19, 5.19, 18.34, 13.55, 0.21, 4.19, 3.84, 13.03, 15.66, 2.05, 7.93, 4.56, 4.03, 7.59, 2.92, 11.88, 6.56, 2.74, 13.69, 3.93, 9.93, 6.22, 4.38, 6.42, 4.06, 3.31, 9.39, 1.53, 3.2, 17.25, 6.96, 0.72, 10.51, 12.46, 16.14, 2.93, 9.07, 3.72, 10.03, 7.66, 8.84, 15.91, 1.37, 2.68, 7.76, 0.53, 5.82, 17.57, 10.78, 4.94, 0.0, 14.58, 8.9, 2.53, 11.28, 13.61, 3.17, 10.87, 3.77], [0.71, 1.25, 3.5, 5.98, 4.84, 5.94, 3.91, 5.54, 4.09, 10.89, 7.37, 2.67, 3.17, 4.07, 1.81, 10.18, 6.98, 1.18, 5.71, 1.14, 5.91, 7.33, 1.65, 3.52, 16.65, 2.39, 5.54, 4.76, 3.25, 12.03, 5.28, 9.74, 3.99, 12.55, 11.12, 7.83, 6.84, 2.7, 2.99, 2.51, 9.34, 13.04, 3.96, 2.49, 5.93, 5.11, 1.77, 4.73, 12.34, 12.13, 9.24, 3.55, 4.55, 6.15, 2.51, 3.39, 1.43, 4.8, 5.47, 0.8, 3.14, 0.87, 2.15, 5.14, 12.91, 1.67, 2.71, 7.05, 6.88, 1.87, 11.42, 0.67, 3.51, 3.08, 1.8, 9.49, 13.43, 4.78, 5.63, 7.55, 2.78, 4.41, 3.08, 15.15, 2.18, 1.78, 13.14, 0.56, 5.18, 1.73, 3.99, 3.13, 0.0, 9.2, 5.91, 2.33, 3.22, 5.27, 9.21, 7.26], [1.88, 3.06, 8.64, 11.69, 10.67, 8.08, 2.74, 1.98, 4.5, 13.87, 8.06, 4.97, 3.1, 9.5, 5.88, 7.12, 6.52, 4.91, 3.79, 2.72, 3.08, 13.72, 2.45, 5.46, 13.06, 1.0, 7.01, 13.2, 7.8, 10.08, 5.75, 7.78, 2.68, 12.35, 1.93, 2.63, 10.98, 2.82, 2.91, 5.32, 18.43, 2.04, 1.02, 1.61, 13.75, 8.17, 5.49, 9.84, 6.05, 13.18, 5.07, 5.0, 13.06, 7.02, 4.34, 16.02, 1.66, 0.99, 3.75, 5.47, 1.17, 10.34, 3.51, 2.44, 16.69, 9.18, 1.06, 17.46, 0.1, 1.48, 13.94, 4.88, 2.13, 1.3, 3.56, 8.72, 2.23, 11.21, 9.02, 8.92, 11.02, 4.38, 6.39, 8.48, 7.53, 1.34, 2.97, 1.12, 2.94, 3.52, 1.94, 2.88, 7.47, 0.0, 8.05, 4.33, 2.29, 1.78, 3.17, 9.18], [5.41, 4.35, 8.08, 0.72, 1.17, 4.49, 5.51, 1.38, 3.03, 2.53, 9.08, 3.28, 3.68, 6.99, 7.07, 0.92, 2.48, 3.68, 0.34, 8.55, 6.92, 7.47, 1.1, 1.62, 9.49, 5.76, 14.67, 9.85, 3.68, 5.11, 3.65, 1.28, 7.84, 1.88, 2.98, 3.01, 7.51, 7.0, 6.6, 6.56, 8.88, 3.53, 3.6, 2.41, 9.44, 3.68, 1.3, 1.9, 10.01, 2.94, 1.06, 2.42, 4.81, 1.28, 1.95, 11.0, 5.84, 1.0, 4.7, 12.82, 4.11, 4.8, 0.32, 1.08, 6.13, 5.75, 2.72, 15.59, 4.88, 2.25, 7.59, 3.88, 2.63, 10.14, 5.64, 8.83, 1.95, 3.13, 15.23, 3.91, 6.52, 5.68, 3.7, 1.04, 1.19, 5.8, 2.68, 6.1, 2.36, 2.96, 2.82, 4.08, 1.55, 2.8, 0.0, 4.72, 13.88, 5.33, 11.41, 2.09], [3.79, 1.17, 2.28, 2.49, 4.99, 22.05, 10.36, 14.13, 2.4, 0.66, 2.48, 2.81, 4.19, 1.37, 2.97, 8.15, 7.19, 7.57, 10.88, 8.75, 0.89, 1.85, 8.26, 3.65, 6.96, 5.49, 12.92, 3.38, 3.3, 2.66, 4.77, 9.67, 6.5, 5.2, 3.16, 4.68, 2.58, 6.75, 4.94, 11.81, 2.29, 4.19, 4.02, 2.1, 0.93, 4.93, 5.39, 4.96, 3.89, 7.44, 15.42, 5.81, 3.66, 1.88, 6.37, 4.24, 7.09, 5.33, 8.19, 1.08, 16.26, 8.54, 5.47, 8.14, 4.8, 1.14, 13.44, 1.11, 8.39, 6.29, 2.72, 4.64, 16.28, 5.36, 7.43, 6.47, 4.25, 4.56, 1.28, 2.71, 14.35, 7.7, 2.46, 14.46, 4.37, 1.57, 10.06, 5.5, 5.92, 2.43, 4.53, 3.86, 5.55, 5.41, 8.49, 0.0, 2.09, 14.87, 3.64, 0.59], [5.49, 8.87, 2.78, 3.89, 1.02, 3.91, 5.95, 10.06, 1.41, 0.25, 2.5, 1.66, 18.38, 5.71, 1.35, 6.5, 6.54, 2.21, 7.13, 11.2, 2.65, 5.58, 4.38, 10.88, 12.8, 11.13, 14.47, 4.39, 5.19, 3.75, 7.27, 2.9, 9.03, 5.17, 10.01, 4.24, 6.85, 14.5, 8.89, 6.71, 8.9, 9.92, 3.83, 3.59, 5.52, 21.75, 4.83, 9.23, 1.3, 10.69, 4.95, 13.98, 8.67, 6.71, 2.54, 10.63, 10.33, 16.06, 9.13, 10.13, 18.15, 10.76, 7.93, 9.25, 14.13, 3.93, 6.43, 1.93, 16.72, 14.38, 11.62, 5.54, 5.34, 9.63, 3.67, 1.81, 7.95, 7.04, 0.88, 4.86, 5.85, 10.97, 3.96, 6.59, 11.12, 7.79, 5.28, 9.65, 4.33, 9.42, 13.62, 9.27, 6.48, 5.33, 13.73, 1.18, 0.0, 11.01, 1.99, 1.47], [2.63, 0.95, 8.74, 9.83, 2.43, 3.76, 6.13, 3.06, 3.08, 19.65, 8.66, 6.83, 11.38, 11.1, 4.04, 3.69, 3.19, 5.55, 4.75, 4.51, 11.46, 12.58, 8.2, 10.88, 6.67, 8.35, 5.2, 8.1, 7.8, 15.42, 8.54, 13.83, 15.12, 5.7, 0.37, 8.41, 2.33, 5.26, 5.05, 1.3, 19.39, 1.58, 2.04, 5.74, 6.68, 6.48, 2.82, 2.48, 5.44, 14.67, 1.97, 4.19, 13.51, 7.48, 2.82, 14.33, 4.44, 1.96, 8.44, 2.46, 5.66, 8.22, 5.45, 10.93, 10.76, 2.16, 0.58, 12.07, 1.84, 2.35, 2.72, 1.57, 0.98, 3.6, 6.92, 7.44, 5.07, 9.96, 6.06, 9.06, 7.6, 1.53, 10.18, 4.57, 2.8, 2.16, 4.03, 5.65, 12.63, 1.73, 5.09, 0.91, 1.86, 3.0, 4.23, 9.35, 6.98, 0.0, 7.97, 1.76], [5.3, 6.66, 6.83, 7.55, 3.97, 10.74, 1.4, 5.35, 1.14, 1.61, 4.52, 5.02, 19.68, 9.9, 3.09, 12.79, 3.76, 11.48, 4.19, 19.25, 0.71, 4.61, 1.47, 7.65, 1.3, 13.42, 6.77, 3.43, 9.89, 0.76, 6.84, 4.3, 7.45, 8.33, 13.51, 3.48, 4.0, 15.41, 9.64, 5.7, 9.25, 11.37, 11.46, 7.61, 5.09, 20.7, 13.8, 7.23, 1.3, 3.18, 16.5, 14.59, 4.41, 12.7, 5.15, 3.88, 17.42, 15.12, 6.29, 5.19, 19.68, 4.89, 8.35, 2.97, 2.07, 5.59, 2.26, 3.28, 10.8, 11.41, 5.25, 4.13, 17.57, 5.29, 6.37, 0.28, 13.45, 1.28, 8.32, 3.45, 8.99, 11.39, 1.74, 3.26, 19.55, 10.12, 3.41, 11.13, 3.06, 10.67, 2.69, 13.48, 8.39, 13.18, 9.88, 6.59, 2.37, 2.84, 0.0, 1.43], [8.26, 5.17, 3.2, 3.98, 2.28, 18.31, 4.31, 5.1, 2.54, 2.96, 0.0, 2.55, 7.36, 6.01, 1.41, 1.54, 7.82, 7.4, 7.82, 7.62, 2.51, 1.06, 5.96, 8.34, 10.29, 5.1, 5.88, 2.1, 2.33, 3.18, 2.91, 13.7, 7.09, 4.52, 14.4, 0.64, 7.18, 9.43, 5.14, 5.65, 3.22, 14.6, 6.98, 2.79, 2.42, 12.06, 6.31, 3.55, 0.76, 9.71, 2.22, 8.41, 7.4, 5.04, 9.5, 8.29, 8.02, 10.18, 3.21, 8.04, 4.75, 7.37, 9.3, 6.44, 8.96, 0.99, 2.97, 4.36, 10.12, 3.31, 6.99, 1.86, 15.76, 9.18, 2.6, 0.73, 8.98, 9.36, 3.27, 6.29, 12.0, 10.08, 2.03, 18.03, 6.21, 3.46, 2.08, 8.16, 1.85, 7.1, 5.1, 2.81, 6.16, 9.63, 7.0, 1.24, 2.2, 5.3, 3.86, 0.0]]
vans = [8, 9, 8]

