J = [0, 1, 2]
K = [3, 4, 5]
L = [6, 7, 8]
I = [0, 1, 2, 3, 4, 5, 6, 7, 8]
N = [0, 1, 2, 3, 4, 5, 6, 7, 8, 9, 10, 11, 12, 13, 14, 15, 16, 17, 18, 19, 20, 21, 22, 23, 24, 25, 26, 27, 28, 29, 30, 31, 32, 33, 34, 35, 36, 37, 38, 39, 40, 41, 42, 43, 44, 45, 46, 47, 48, 49, 50, 51, 52, 53, 54, 55, 56, 57, 58, 59, 60, 61, 62, 63, 64, 65, 66, 67, 68, 69, 70, 71, 72, 73, 74, 75, 76, 77, 78, 79, 80, 81, 82, 83, 84, 85, 86, 87, 88, 89, 90, 91, 92, 93, 94, 95, 96, 97, 98, 99]
demand = [1155, 1077, 724, 667, 1200, 910, 1062, 657, 879, 1100, 1105, 506, 740, 1030, 911, 556, 638, 615, 677, 1026, 476, 1133, 758, 902, 412, 621, 830, 1016, 1102, 1079, 632, 498, 1186, 1180, 1125, 678, 485, 776, 1189, 841, 1104, 787, 699, 801, 1160, 703, 686, 421, 852, 458, 728, 518, 1051, 659, 854, 501, 1035, 802, 824, 706, 631, 931, 984, 680, 408, 1132, 800, 736, 1101, 627, 617, 944, 449, 472, 604, 1100, 613, 723, 1138, 978, 406, 870, 523, 1032, 1075, 469, 627, 935, 925, 1069, 963, 937, 778, 834, 728, 430, 799, 948, 529, 1052]
hub = [0, 0, 0, 2, 2, 1, 0, 0, 1, 1, 2, 2, 2, 0, 1, 1, 0, 2, 1, 2, 1, 1, 0, 1, 1, 2, 0, 0, 1, 0, 1, 2, 2, 2, 2, 0, 1, 1, 1, 2, 2, 0, 1, 1, 0, 2, 2, 2, 1, 2, 0, 2, 1, 1, 1, 0, 2, 0, 2, 2, 1, 1, 2, 0, 2, 0, 1, 1, 0, 1, 1, 2, 0, 1, 0, 0, 0, 0, 1, 0, 0, 2, 1, 2, 2, 2, 2, 1, 1, 2, 2, 2, 0, 2, 2, 2, 1, 2, 2, 1]
release = [25, 8, 15, 19, 1, 40, 45, 13, 37, 27, 40, 27, 40, 48, 0, 19, 19, 11, 33, 10, 37, 41, 15, 42, 8, 14, 38, 46, 19, 9, 41, 13, 23, 47, 2, 19, 33, 19, 28, 4, 32, 14, 33, 25, 33, 4, 44, 20, 6, 39, 13, 46, 18, 3, 46, 38, 21, 25, 44, 47, 1, 0, 2, 44, 37, 36, 32, 37, 29, 15, 22, 37, 6, 46, 42, 31, 36, 39, 42, 32, 35, 25, 31, 11, 45, 37, 39, 2, 21, 13, 14, 20, 11, 43, 43, 1, 37, 31, 7, 21]
Nj = [[0, 1, 2, 6, 7, 13, 16, 22, 26, 27, 29, 35, 41, 44, 50, 55, 57, 63, 65, 68, 72, 74, 75, 76, 77, 79, 80, 92], [5, 8, 9, 14, 15, 18, 20, 21, 23, 24, 28, 30, 36, 37, 38, 42, 43, 48, 52, 53, 54, 60, 61, 66, 67, 69, 70, 73, 78, 82, 87, 88, 96, 99], [3, 4, 10, 11, 12, 17, 19, 25, 31, 32, 33, 34, 39, 40, 45, 46, 47, 49, 51, 56, 58, 59, 62, 64, 71, 81, 83, 84, 85, 86, 89, 90, 91, 93, 94, 95, 97, 98]]
Gj = [[0, 1, 2, 3, 4, 5, 6, 7, 8, 9, 10, 11, 12, 13, 14, 15, 16, 17, 18, 19, 20, 21, 22, 23, 24, 25, 26, 27], [28, 29, 30, 31, 32, 33, 34, 35, 36, 37, 38, 39, 40, 41, 42, 43, 44, 45, 46, 47, 48, 49, 50, 51, 52, 53, 54, 55, 56, 57, 58, 59, 60, 61], [62, 63, 64, 65, 66, 67, 68, 69, 70, 71, 72, 73, 74, 75, 76, 77, 78, 79, 80, 81, 82, 83, 84, 85, 86, 87, 88, 89, 90, 91, 92, 93, 94, 95, 96, 97, 98, 99]]
G = [0, 1, 2, 3, 4, 5, 6, 7, 8, 9, 10, 11, 12, 13, 14, 15, 16, 17, 18, 19, 20, 21, 22, 23, 24, 25, 26, 27, 28, 29, 30, 31, 32, 33, 34, 35, 36, 37, 38, 39, 40, 41, 42, 43, 44, 45, 46, 47, 48, 49, 50, 51, 52, 53, 54, 55, 56, 57, 58, 59, 60, 61, 62, 63, 64, 65, 66, 67, 68, 69, 70, 71, 72, 73, 74, 75, 76, 77, 78, 79, 80, 81, 82, 83, 84, 85, 86, 87, 88, 89, 90, 91, 92, 93, 94, 95, 96, 97, 98, 99]
deadline = [168, 192, 216, 168, 240, 240, 216, 216, 240, 168, 240, 216, 168, 192, 192, 168, 168, 240, 168, 192, 240, 240, 216, 240, 168, 216, 192, 168, 216, 216, 240, 168, 240, 192, 168, 216, 192, 168, 216, 192, 216, 240, 192, 240, 240, 240, 168, 192, 216, 240, 240, 168, 192, 192, 240, 216, 240, 216, 168, 216, 240, 168, 240, 216, 192, 216, 192, 168, 168, 168, 168, 192, 192, 192, 168, 192, 216, 192, 216, 168, 192, 192, 240, 192, 240, 192, 240, 240, 216, 168, 168, 168, 240, 192, 192, 216, 192, 192, 192, 216]
weight = [80, 90, 40, 20, 100, 50, 20, 90, 10, 80, 20, 80, 10, 60, 60, 20, 70, 70, 90, 50, 20, 50, 30, 70, 80, 70, 100, 10, 60, 60, 70, 10, 10, 60, 40, 20, 100, 90, 80, 20, 80, 20, 10, 70, 100, 40, 10, 10, 100, 50, 100, 20, 90, 90, 60, 40, 90, 30, 30, 20, 90, 10, 40, 60, 90, 80, 50, 80, 70, 70, 90, 40, 90, 70, 100, 100, 10, 80, 50, 70, 60, 50, 10, 40, 30, 80, 90, 10, 70, 80, 100, 60, 20, 30, 80, 100, 30, 30, 50, 80]
q = 2000
M = [0, 1, 2]
M_description = ['Road', 'Rail', 'Ship']
accessibility = [[1, 1, 0], [1, 1, 0], [1, 0, 0], [1, 1, 1], [1, 1, 1], [1, 1, 1], [1, 0, 0], [1, 1, 0], [1, 0, 1]]
S = [0, 1, 2, 3, 4, 5, 6, 7, 8, 9, 10, 11, 12, 13, 14, 15, 16, 17, 18, 19, 20, 21, 22, 23, 24, 25, 26, 27, 28, 29, 30, 31, 32, 33, 34, 35, 36, 37, 38, 39, 40, 41, 42, 43, 44, 45, 46, 47, 48, 49, 50, 51, 52, 53, 54, 55, 56, 57, 58, 59, 60, 61, 62, 63, 64, 65, 66, 67, 68, 69, 70, 71, 72, 73, 74, 75, 76, 77, 78, 79, 80, 81, 82, 83, 84, 85, 86, 87, 88, 89, 90, 91, 92, 93, 94, 95, 96, 97, 98, 99, 100, 101, 102, 103, 104, 105, 106, 107, 108, 109, 110, 111, 112, 113, 114, 115, 116, 117, 118, 119, 120, 121, 122, 123, 124, 125, 126, 127, 128, 129, 130, 131, 132, 133, 134, 135, 136, 137, 138, 139, 140, 141, 142, 143, 144, 145, 146, 147, 148, 149, 150, 151, 152, 153, 154, 155, 156, 157, 158, 159, 160, 161, 162, 163, 164, 165, 166, 167, 168, 169, 170, 171, 172, 173, 174, 175, 176, 177, 178, 179, 180, 181, 182, 183, 184, 185, 186, 187, 188, 189, 190, 191, 192, 193, 194, 195, 196, 197, 198, 199, 200, 201, 202, 203, 204, 205, 206, 207, 208, 209, 210, 211, 212, 213, 214, 215, 216, 217, 218, 219, 220, 221, 222, 223, 224, 225, 226, 227, 228, 229, 230, 231, 232, 233, 234, 235, 236, 237, 238, 239, 240, 241, 242, 243, 244, 245, 246, 247, 248, 249, 250, 251, 252, 253, 254, 255, 256, 257, 258, 259, 260, 261, 262, 263, 264, 265, 266, 267, 268, 269, 270, 271, 272, 273, 274, 275, 276, 277, 278, 279, 280, 281, 282, 283, 284, 285, 286, 287, 288, 289, 290, 291, 292, 293]
origin = [0, 0, 0, 0, 0, 0, 0, 0, 0, 0, 0, 0, 0, 0, 0, 0, 0, 0, 0, 0, 0, 0, 0, 0, 0, 0, 0, 0, 0, 0, 0, 0, 1, 1, 1, 1, 1, 1, 1, 1, 1, 1, 1, 1, 1, 1, 1, 1, 1, 1, 1, 1, 1, 1, 1, 1, 1, 1, 1, 1, 1, 1, 1, 1, 2, 2, 2, 2, 2, 2, 2, 2, 2, 2, 2, 2, 2, 2, 2, 2, 2, 2, 2, 2, 2, 2, 2, 2, 2, 2, 2, 2, 2, 2, 2, 2, 3, 3, 3, 3, 3, 3, 3, 3, 3, 3, 3, 3, 3, 3, 3, 3, 3, 3, 3, 3, 3, 3, 3, 3, 3, 3, 3, 3, 3, 3, 3, 3, 4, 4, 4, 4, 4, 4, 4, 4, 4, 4, 4, 4, 4, 4, 4, 4, 4, 4, 4, 4, 4, 4, 4, 4, 4, 4, 4, 4, 4, 4, 4, 4, 5, 5, 5, 5, 5, 5, 5, 5, 5, 5, 5, 5, 5, 5, 5, 5, 5, 5, 5, 5, 5, 5, 5, 5, 5, 5, 5, 5, 5, 5, 5, 5, 0, 0, 0, 0, 0, 0, 0, 0, 0, 0, 0, 0, 0, 0, 0, 1, 1, 1, 1, 1, 1, 1, 1, 1, 1, 1, 1, 1, 1, 1, 3, 3, 3, 3, 3, 3, 3, 3, 3, 3, 3, 3, 3, 3, 3, 4, 4, 4, 4, 4, 4, 4, 4, 4, 4, 4, 4, 4, 4, 4, 5, 5, 5, 5, 5, 5, 5, 5, 5, 5, 5, 5, 5, 5, 5, 3, 3, 3, 3, 3, 3, 3, 3, 3, 4, 4, 4, 4, 4, 4, 4, 4, 4, 5, 5, 5, 5, 5, 5, 5, 5, 5]
destination = [1, 1, 1, 1, 2, 2, 2, 2, 3, 3, 3, 3, 4, 4, 4, 4, 5, 5, 5, 5, 6, 6, 6, 6, 7, 7, 7, 7, 8, 8, 8, 8, 0, 0, 0, 0, 2, 2, 2, 2, 3, 3, 3, 3, 4, 4, 4, 4, 5, 5, 5, 5, 6, 6, 6, 6, 7, 7, 7, 7, 8, 8, 8, 8, 0, 0, 0, 0, 1, 1, 1, 1, 3, 3, 3, 3, 4, 4, 4, 4, 5, 5, 5, 5, 6, 6, 6, 6, 7, 7, 7, 7, 8, 8, 8, 8, 0, 0, 0, 0, 1, 1, 1, 1, 2, 2, 2, 2, 4, 4, 4, 4, 5, 5, 5, 5, 6, 6, 6, 6, 7, 7, 7, 7, 8, 8, 8, 8, 0, 0, 0, 0, 1, 1, 1, 1, 2, 2, 2, 2, 3, 3, 3, 3, 5, 5, 5, 5, 6, 6, 6, 6, 7, 7, 7, 7, 8, 8, 8, 8, 0, 0, 0, 0, 1, 1, 1, 1, 2, 2, 2, 2, 3, 3, 3, 3, 4, 4, 4, 4, 6, 6, 6, 6, 7, 7, 7, 7, 8, 8, 8, 8, 1, 1, 1, 3, 3, 3, 4, 4, 4, 5, 5, 5, 7, 7, 7, 0, 0, 0, 3, 3, 3, 4, 4, 4, 5, 5, 5, 7, 7, 7, 0, 0, 0, 1, 1, 1, 4, 4, 4, 5, 5, 5, 7, 7, 7, 0, 0, 0, 1, 1, 1, 3, 3, 3, 5, 5, 5, 7, 7, 7, 0, 0, 0, 1, 1, 1, 3, 3, 3, 4, 4, 4, 7, 7, 7, 4, 4, 4, 5, 5, 5, 8, 8, 8, 3, 3, 3, 5, 5, 5, 8, 8, 8, 3, 3, 3, 4, 4, 4, 8, 8, 8]
departure = [8, 56, 104, 152, 8, 56, 104, 152, 8, 56, 104, 152, 8, 56, 104, 152, 8, 56, 104, 152, 8, 56, 104, 152, 8, 56, 104, 152, 8, 56, 104, 152, 8, 56, 104, 152, 8, 56, 104, 152, 8, 56, 104, 152, 8, 56, 104, 152, 8, 56, 104, 152, 8, 56, 104, 152, 8, 56, 104, 152, 8, 56, 104, 152, 8, 56, 104, 152, 8, 56, 104, 152, 8, 56, 104, 152, 8, 56, 104, 152, 8, 56, 104, 152, 8, 56, 104, 152, 8, 56, 104, 152, 8, 56, 104, 152, 12, 60, 108, 156, 12, 60, 108, 156, 12, 60, 108, 156, 12, 60, 108, 156, 12, 60, 108, 156, 12, 60, 108, 156, 12, 60, 108, 156, 12, 60, 108, 156, 12, 60, 108, 156, 12, 60, 108, 156, 12, 60, 108, 156, 12, 60, 108, 156, 12, 60, 108, 156, 12, 60, 108, 156, 12, 60, 108, 156, 12, 60, 108, 156, 12, 60, 108, 156, 12, 60, 108, 156, 12, 60, 108, 156, 12, 60, 108, 156, 12, 60, 108, 156, 12, 60, 108, 156, 12, 60, 108, 156, 12, 60, 108, 156, 33, 81, 129, 33, 81, 129, 33, 81, 129, 33, 81, 129, 33, 81, 129, 33, 81, 129, 33, 81, 129, 33, 81, 129, 33, 81, 129, 33, 81, 129, 37, 85, 133, 37, 85, 133, 37, 85, 133, 37, 85, 133, 37, 85, 133, 37, 85, 133, 37, 85, 133, 37, 85, 133, 37, 85, 133, 37, 85, 133, 37, 85, 133, 37, 85, 133, 37, 85, 133, 37, 85, 133, 37, 85, 133, 13, 61, 109, 13, 61, 109, 13, 61, 109, 13, 61, 109, 13, 61, 109, 13, 61, 109, 13, 61, 109, 13, 61, 109, 13, 61, 109]
arrival = [52, 148, 172, 244, 76, 124, 196, 172, 108, 132, 156, 252, 84, 156, 180, 252, 84, 108, 180, 204, 136, 184, 232, 232, 112, 136, 256, 280, 88, 136, 208, 304, 28, 148, 172, 196, 100, 76, 124, 220, 60, 108, 204, 252, 84, 132, 156, 252, 60, 108, 156, 204, 88, 184, 232, 256, 160, 208, 208, 280, 136, 208, 184, 256, 100, 76, 124, 172, 52, 76, 196, 244, 108, 108, 180, 228, 108, 108, 204, 228, 84, 132, 156, 228, 136, 184, 208, 256, 160, 184, 256, 232, 160, 136, 208, 256, 32, 80, 176, 176, 80, 128, 152, 176, 56, 152, 128, 224, 64, 160, 184, 208, 88, 160, 208, 208, 164, 212, 260, 260, 164, 188, 188, 236, 116, 164, 212, 308, 104, 104, 152, 200, 104, 152, 176, 176, 80, 104, 128, 176, 64, 160, 208, 256, 64, 112, 160, 256, 92, 140, 212, 260, 92, 212, 188, 284, 92, 212, 212, 308, 56, 152, 176, 200, 104, 104, 128, 248, 56, 128, 200, 200, 64, 112, 184, 208, 64, 160, 160, 232, 164, 188, 236, 236, 92, 188, 260, 284, 116, 212, 212, 308, 126, 102, 198, 110, 182, 230, 134, 158, 206, 110, 158, 230, 186, 162, 234, 78, 102, 222, 110, 182, 182, 86, 182, 230, 110, 158, 182, 138, 210, 258, 130, 130, 202, 106, 178, 202, 90, 138, 186, 90, 162, 234, 142, 166, 238, 58, 130, 202, 106, 106, 202, 90, 162, 234, 90, 186, 234, 190, 238, 238, 130, 106, 226, 130, 130, 178, 138, 162, 186, 114, 162, 210, 142, 238, 238, 66, 114, 162, 114, 114, 162, 94, 190, 214, 90, 138, 186, 66, 114, 186, 94, 214, 238, 90, 162, 210, 90, 114, 186, 94, 166, 262]
Q = [4, 4, 4, 2, 2, 4, 4, 4, 4, 4, 2, 4, 4, 4, 2, 2, 2, 4, 4, 2, 2, 4, 4, 4, 4, 2, 4, 4, 2, 2, 4, 2, 4, 2, 2, 4, 4, 2, 4, 2, 2, 2, 4, 2, 2, 2, 2, 2, 4, 2, 2, 4, 4, 2, 2, 4, 4, 4, 4, 2, 4, 2, 2, 4, 4, 4, 4, 4, 2, 4, 2, 4, 2, 2, 2, 2, 2, 2, 2, 2, 2, 2, 2, 2, 4, 2, 2, 2, 2, 4, 2, 4, 2, 2, 2, 4, 4, 4, 2, 4, 2, 4, 2, 2, 2, 2, 4, 4, 4, 2, 2, 4, 4, 4, 4, 4, 2, 4, 4, 2, 4, 2, 2, 4, 4, 2, 4, 4, 2, 4, 4, 2, 4, 4, 4, 4, 4, 2, 4, 2, 2, 2, 2, 4, 2, 2, 4, 2, 4, 2, 2, 4, 4, 2, 4, 2, 4, 2, 4, 2, 2, 2, 4, 2, 2, 4, 2, 2, 4, 2, 2, 4, 4, 2, 4, 4, 2, 2, 2, 4, 2, 2, 4, 2, 2, 4, 2, 2, 2, 2, 4, 4, 6, 6, 3, 6, 3, 6, 3, 6, 6, 6, 3, 6, 6, 6, 3, 6, 6, 6, 6, 3, 6, 3, 3, 3, 3, 6, 6, 6, 3, 6, 6, 6, 3, 3, 3, 6, 3, 6, 6, 3, 3, 6, 3, 3, 3, 3, 3, 6, 3, 3, 3, 6, 3, 6, 3, 3, 6, 6, 6, 6, 3, 6, 6, 6, 3, 6, 6, 3, 3, 6, 3, 3, 3, 6, 6, 10, 10, 5, 10, 10, 10, 5, 5, 5, 5, 10, 10, 10, 5, 5, 5, 5, 5, 5, 10, 5, 5, 5, 10, 5, 5, 10]
cfixed = [203, 232, 240, 227, 208, 271, 273, 200, 242, 288, 267, 248, 224, 240, 270, 248, 223, 296, 221, 204, 279, 209, 233, 227, 280, 270, 201, 246, 295, 240, 250, 240, 213, 240, 245, 251, 255, 273, 239, 297, 275, 284, 253, 206, 232, 245, 253, 235, 222, 201, 297, 266, 201, 201, 276, 276, 300, 255, 214, 298, 204, 257, 265, 244, 292, 251, 275, 252, 226, 201, 210, 233, 228, 224, 217, 202, 298, 282, 253, 272, 298, 278, 248, 294, 209, 207, 206, 210, 263, 216, 206, 280, 235, 228, 250, 277, 258, 299, 269, 265, 228, 285, 223, 261, 229, 285, 204, 256, 291, 288, 274, 225, 256, 217, 294, 233, 256, 273, 300, 281, 271, 275, 289, 286, 291, 293, 295, 211, 256, 202, 268, 256, 212, 217, 215, 233, 212, 246, 236, 259, 248, 246, 251, 201, 208, 292, 207, 273, 244, 281, 269, 283, 258, 218, 285, 204, 246, 212, 232, 293, 258, 207, 297, 294, 269, 207, 274, 216, 214, 295, 297, 235, 296, 244, 207, 246, 200, 231, 207, 263, 280, 247, 209, 264, 290, 277, 289, 237, 273, 265, 230, 207, 427, 426, 333, 386, 443, 341, 473, 404, 418, 310, 445, 318, 440, 364, 395, 421, 372, 435, 327, 309, 393, 335, 315, 434, 348, 341, 453, 455, 499, 366, 377, 433, 429, 319, 382, 434, 354, 449, 345, 364, 434, 456, 368, 303, 338, 320, 301, 301, 439, 339, 492, 451, 401, 339, 450, 447, 445, 361, 303, 477, 442, 440, 375, 328, 481, 380, 399, 369, 386, 333, 425, 464, 458, 405, 306, 670, 554, 700, 593, 534, 561, 658, 683, 581, 645, 538, 531, 632, 638, 534, 600, 623, 682, 612, 685, 611, 578, 633, 560, 640, 515, 520]
ctravel = [44, 92, 68, 92, 68, 68, 92, 20, 100, 76, 52, 100, 76, 100, 76, 100, 76, 52, 76, 52, 128, 128, 128, 80, 104, 80, 152, 128, 80, 80, 104, 152, 20, 92, 68, 44, 92, 20, 20, 68, 52, 52, 100, 100, 76, 76, 52, 100, 52, 52, 52, 52, 80, 128, 128, 104, 152, 152, 104, 128, 128, 152, 80, 104, 92, 20, 20, 20, 44, 20, 92, 92, 100, 52, 76, 76, 100, 52, 100, 76, 76, 76, 52, 76, 128, 128, 104, 104, 152, 128, 152, 80, 152, 80, 104, 104, 20, 20, 68, 20, 68, 68, 44, 20, 44, 92, 20, 68, 52, 100, 76, 52, 76, 100, 100, 52, 152, 152, 152, 104, 152, 128, 80, 80, 104, 104, 104, 152, 92, 44, 44, 44, 92, 92, 68, 20, 68, 44, 20, 20, 52, 100, 100, 100, 52, 52, 52, 100, 80, 80, 104, 104, 80, 152, 80, 128, 80, 152, 104, 152, 44, 92, 68, 44, 92, 44, 20, 92, 44, 68, 92, 44, 52, 52, 76, 52, 52, 100, 52, 76, 152, 128, 128, 80, 80, 128, 152, 128, 104, 152, 104, 152, 74.4, 16.8, 55.2, 61.6, 80.80000000000001, 80.80000000000001, 80.80000000000001, 61.6, 61.6, 61.6, 61.6, 80.80000000000001, 122.4, 64.8, 84.0, 36.0, 16.8, 74.4, 61.6, 80.80000000000001, 42.400000000000006, 42.400000000000006, 80.80000000000001, 80.80000000000001, 61.6, 61.6, 42.400000000000006, 84.0, 103.2, 103.2, 74.4, 36.0, 55.2, 55.2, 74.4, 55.2, 42.400000000000006, 42.400000000000006, 42.400000000000006, 42.400000000000006, 61.6, 80.80000000000001, 84.0, 64.8, 84.0, 16.8, 36.0, 55.2, 55.2, 16.8, 55.2, 42.400000000000006, 61.6, 80.80000000000001, 42.400000000000006, 80.80000000000001, 80.80000000000001, 122.4, 122.4, 84.0, 74.4, 16.8, 74.4, 74.4, 36.0, 36.0, 80.80000000000001, 61.6, 42.400000000000006, 61.6, 61.6, 61.6, 84.0, 122.4, 84.0, 31.799999999999997, 31.799999999999997, 31.799999999999997, 60.599999999999994, 31.799999999999997, 31.799999999999997, 48.6, 77.39999999999999, 63.0, 46.199999999999996, 46.199999999999996, 46.199999999999996, 31.799999999999997, 31.799999999999997, 46.199999999999996, 48.6, 91.8, 77.39999999999999, 46.199999999999996, 60.599999999999994, 60.599999999999994, 46.199999999999996, 31.799999999999997, 46.199999999999996, 48.6, 63.0, 91.8]
mode = [0, 0, 0, 0, 0, 0, 0, 0, 0, 0, 0, 0, 0, 0, 0, 0, 0, 0, 0, 0, 0, 0, 0, 0, 0, 0, 0, 0, 0, 0, 0, 0, 0, 0, 0, 0, 0, 0, 0, 0, 0, 0, 0, 0, 0, 0, 0, 0, 0, 0, 0, 0, 0, 0, 0, 0, 0, 0, 0, 0, 0, 0, 0, 0, 0, 0, 0, 0, 0, 0, 0, 0, 0, 0, 0, 0, 0, 0, 0, 0, 0, 0, 0, 0, 0, 0, 0, 0, 0, 0, 0, 0, 0, 0, 0, 0, 0, 0, 0, 0, 0, 0, 0, 0, 0, 0, 0, 0, 0, 0, 0, 0, 0, 0, 0, 0, 0, 0, 0, 0, 0, 0, 0, 0, 0, 0, 0, 0, 0, 0, 0, 0, 0, 0, 0, 0, 0, 0, 0, 0, 0, 0, 0, 0, 0, 0, 0, 0, 0, 0, 0, 0, 0, 0, 0, 0, 0, 0, 0, 0, 0, 0, 0, 0, 0, 0, 0, 0, 0, 0, 0, 0, 0, 0, 0, 0, 0, 0, 0, 0, 0, 0, 0, 0, 0, 0, 0, 0, 0, 0, 0, 0, 1, 1, 1, 1, 1, 1, 1, 1, 1, 1, 1, 1, 1, 1, 1, 1, 1, 1, 1, 1, 1, 1, 1, 1, 1, 1, 1, 1, 1, 1, 1, 1, 1, 1, 1, 1, 1, 1, 1, 1, 1, 1, 1, 1, 1, 1, 1, 1, 1, 1, 1, 1, 1, 1, 1, 1, 1, 1, 1, 1, 1, 1, 1, 1, 1, 1, 1, 1, 1, 1, 1, 1, 1, 1, 1, 2, 2, 2, 2, 2, 2, 2, 2, 2, 2, 2, 2, 2, 2, 2, 2, 2, 2, 2, 2, 2, 2, 2, 2, 2, 2, 2]
delivery_process = ['Direct-Shipment', 'Cross-Docking', 'Direct-Shipment']
distance_ln = [[0.86, 4.52, 4.68, 6.23, 10.84, 1.57, 8.12, 4.14, 13.37, 2.61, 1.83, 9.36, 1.52, 1.15, 0.91, 0.51, 7.92, 6.66, 3.32, 7.45, 1.24, 13.33, 1.39, 2.95, 1.01, 7.64, 12.18, 5.21, 2.68, 8.27, 3.8, 7.75, 3.46, 1.12, 3.36, 3.88, 1.52, 7.32, 3.57, 3.88, 5.28, 5.21, 2.45, 4.25, 8.64, 0.97, 2.02, 8.43, 6.01, 5.91, 6.92, 7.04, 0.61, 7.8, 2.5, 6.27, 9.21, 1.49, 4.06, 2.47, 5.41, 1.2, 4.1, 9.32, 4.47, 7.49, 1.11, 5.32, 6.71, 2.03, 3.82, 2.65, 7.35, 0.54, 4.02, 0.46, 5.95, 8.62, 3.24, 13.01, 11.95, 9.52, 3.04, 5.14, 6.52, 4.02, 1.93, 2.98, 5.07, 9.19, 1.81, 1.69, 4.52, 8.64, 7.47, 6.62, 2.43, 0.29, 3.8, 7.53], [10.51, 17.4, 5.68, 8.81, 11.18, 13.38, 5.57, 8.06, 6.19, 9.64, 4.65, 2.42, 4.3, 10.63, 13.26, 2.2, 3.0, 5.03, 9.27, 0.78, 5.02, 0.72, 9.44, 6.12, 6.54, 9.74, 3.32, 8.66, 10.44, 8.44, 0.0, 6.24, 21.76, 16.49, 13.93, 9.16, 10.02, 0.67, 9.07, 9.17, 7.05, 13.03, 4.41, 7.91, 3.87, 15.64, 6.44, 0.97, 2.19, 8.14, 4.15, 5.3, 10.98, 7.18, 3.44, 10.43, 2.7, 9.08, 2.49, 5.11, 14.19, 9.18, 3.75, 7.52, 8.21, 3.3, 8.0, 17.95, 4.48, 4.35, 15.61, 6.97, 6.11, 13.95, 3.47, 1.89, 0.91, 3.82, 7.4, 0.98, 5.99, 5.99, 13.65, 3.22, 5.21, 15.89, 3.16, 3.58, 7.76, 2.08, 7.98, 4.46, 11.08, 6.31, 13.36, 1.43, 16.05, 14.12, 8.05, 6.55], [6.17, 5.71, 9.32, 7.69, 5.25, 2.61, 5.07, 6.24, 5.12, 6.07, 4.74, 0.55, 1.93, 11.65, 6.78, 8.87, 5.79, 0.71, 15.46, 0.18, 1.09, 8.31, 2.66, 1.93, 6.05, 1.1, 6.57, 11.22, 13.63, 7.44, 5.42, 7.12, 13.95, 12.55, 4.91, 12.06, 3.27, 2.94, 2.8, 5.28, 4.05, 3.34, 12.25, 10.05, 7.69, 9.13, 4.24, 4.64, 0.63, 8.48, 0.38, 2.95, 8.59, 4.61, 3.12, 7.25, 6.12, 9.59, 1.25, 3.08, 3.13, 3.87, 0.23, 5.15, 5.32, 7.07, 1.48, 6.72, 4.83, 0.61, 8.38, 7.07, 8.23, 2.15, 1.49, 2.67, 1.19, 2.17, 14.37, 5.98, 11.91, 6.43, 3.78, 1.67, 4.23, 6.1, 5.8, 4.3, 1.65, 2.62, 3.35, 9.05, 12.67, 2.18, 1.85, 0.61, 15.46, 10.86, 2.61, 5.4]]
distance_nn = [[0.0, 0.91, 5.12, 9.74, 2.01, 2.76, 8.49, 13.81, 4.94, 8.83, 6.09, 10.96, 12.72, 1.4, 2.16, 7.57, 16.83, 18.98, 2.6, 14.57, 3.76, 14.89, 0.5, 8.16, 4.21, 14.1, 13.56, 1.61, 1.87, 8.77, 11.67, 0.84, 0.66, 1.97, 2.99, 3.88, 7.11, 16.23, 1.63, 9.92, 7.97, 8.77, 3.8, 4.48, 13.9, 1.07, 3.1, 17.67, 5.95, 2.3, 15.11, 5.89, 3.07, 9.13, 7.59, 7.88, 2.29, 11.51, 9.36, 13.77, 1.65, 5.53, 4.34, 2.76, 0.6, 18.9, 9.64, 5.59, 2.14, 8.56, 6.45, 2.59, 1.85, 2.78, 8.32, 0.81, 4.45, 2.58, 2.28, 16.07, 6.57, 15.56, 0.84, 13.49, 7.94, 13.32, 1.75, 9.6, 13.89, 11.86, 17.63, 4.04, 9.76, 14.46, 10.13, 13.53, 1.82, 3.93, 2.31, 10.56], [0.86, 0.0, 3.0, 7.47, 6.86, 3.36, 2.61, 4.17, 16.29, 9.15, 1.37, 6.88, 1.55, 1.24, 4.47, 2.66, 4.89, 3.69, 2.59, 4.53, 7.31, 5.68, 2.3, 2.14, 3.68, 7.85, 12.44, 11.36, 1.1, 4.36, 14.45, 6.13, 0.79, 2.04, 3.71, 3.61, 1.52, 10.02, 7.45, 15.64, 8.7, 10.66, 2.35, 3.95, 5.22, 4.23, 8.88, 17.6, 9.52, 2.08, 13.97, 10.89, 4.4, 7.02, 4.23, 12.81, 2.36, 7.9, 11.27, 6.24, 6.19, 1.98, 12.17, 6.33, 1.68, 15.47, 11.53, 3.95, 10.81, 7.93, 1.13, 1.36, 8.85, 6.33, 11.37, 2.77, 10.46, 18.85, 1.81, 13.0, 4.74, 11.88, 0.8, 1.57, 4.67, 2.03, 3.41, 7.56, 12.06, 3.04, 11.65, 6.79, 7.63, 14.85, 2.83, 13.62, 2.64, 1.51, 9.17, 12.76], [2.58, 1.0, 0.0, 10.35, 6.22, 3.9, 1.75, 8.59, 2.74, 2.69, 3.44, 6.93, 14.21, 1.67, 11.61, 2.54, 10.52, 15.02, 4.1, 17.44, 1.58, 14.44, 4.43, 1.56, 10.85, 4.57, 6.51, 7.6, 8.86, 3.41, 17.74, 0.42, 8.97, 6.47, 9.25, 1.64, 8.6, 9.71, 11.13, 6.5, 3.4, 5.81, 0.46, 2.23, 5.99, 4.2, 4.6, 13.55, 4.17, 6.99, 13.14, 9.46, 4.79, 1.43, 3.39, 3.76, 5.41, 2.77, 6.95, 10.33, 10.95, 7.06, 2.52, 8.26, 0.82, 2.06, 1.72, 1.79, 13.08, 1.6, 11.29, 7.27, 16.17, 0.89, 9.47, 8.14, 8.09, 1.72, 0.75, 6.92, 2.66, 8.59, 1.96, 5.56, 10.94, 14.3, 11.07, 1.48, 11.21, 13.94, 1.64, 8.77, 0.87, 2.43, 6.82, 11.9, 1.93, 2.85, 10.87, 1.46], [10.67, 12.35, 7.46, 0.0, 9.24, 3.53, 4.0, 0.82, 11.99, 3.69, 7.18, 6.54, 2.22, 8.91, 2.49, 4.62, 13.59, 4.78, 11.84, 7.82, 1.82, 7.58, 5.74, 6.45, 5.04, 0.56, 15.29, 14.96, 8.26, 16.1, 1.74, 6.46, 7.31, 8.18, 1.29, 6.9, 4.27, 8.84, 4.08, 6.53, 13.89, 4.43, 9.35, 11.63, 8.2, 8.96, 5.75, 13.58, 1.71, 4.1, 4.47, 1.18, 4.09, 15.58, 5.04, 4.72, 4.99, 14.5, 0.85, 9.71, 0.77, 2.13, 2.89, 3.51, 7.03, 9.29, 5.19, 17.46, 12.89, 7.64, 6.49, 5.55, 4.42, 7.98, 6.84, 4.07, 4.63, 1.76, 7.98, 9.53, 4.82, 11.94, 9.51, 2.66, 0.11, 1.51, 5.95, 8.99, 5.14, 9.84, 6.33, 2.98, 17.57, 7.64, 7.67, 4.06, 6.23, 7.39, 0.89, 5.03], [15.02, 2.78, 4.52, 6.76, 0.0, 3.28, 0.71, 7.63, 3.85, 5.7, 4.49, 13.68, 7.74, 3.56, 9.05, 13.3, 7.62, 8.8, 6.41, 5.5, 5.52, 6.26, 8.49, 7.58, 5.73, 16.97, 0.59, 1.34, 5.58, 4.39, 7.82, 7.4, 8.39, 10.9, 13.84, 8.26, 7.43, 8.73, 5.13, 0.78, 1.53, 4.27, 5.42, 4.39, 0.91, 4.69, 1.89, 1.08, 9.88, 3.25, 3.86, 1.6, 1.67, 0.43, 6.2, 2.77, 0.85, 3.78, 2.92, 3.05, 17.84, 11.9, 10.19, 2.16, 12.17, 8.84, 5.83, 3.15, 5.89, 8.71, 11.85, 3.95, 6.23, 3.48, 5.08, 10.35, 13.44, 3.85, 3.64, 2.39, 1.48, 2.8, 3.08, 1.35, 5.36, 13.58, 7.17, 2.6, 3.76, 12.49, 2.44, 4.23, 2.94, 5.52, 1.97, 8.69, 2.14, 2.44, 5.99, 1.36], [9.32, 3.95, 3.69, 5.82, 4.38, 0.0, 4.96, 10.58, 6.99, 1.11, 0.73, 10.24, 5.23, 3.48, 8.43, 7.78, 3.67, 2.2, 2.43, 5.87, 1.01, 3.51, 8.19, 2.82, 5.32, 6.47, 3.8, 2.61, 3.43, 7.8, 10.21, 4.99, 6.79, 7.21, 10.35, 1.32, 4.84, 1.9, 3.16, 1.29, 3.12, 0.45, 1.7, 3.82, 3.96, 3.19, 1.43, 6.36, 3.83, 1.82, 9.12, 1.19, 2.23, 4.57, 3.03, 3.08, 2.76, 1.05, 8.19, 6.0, 10.71, 2.92, 7.25, 6.01, 5.81, 6.66, 6.67, 2.88, 5.25, 5.61, 7.49, 6.48, 10.46, 2.41, 2.92, 7.52, 2.33, 2.05, 2.73, 5.82, 0.97, 4.79, 7.08, 2.49, 7.06, 10.53, 5.75, 4.72, 5.48, 2.82, 7.07, 10.93, 4.35, 5.66, 6.79, 1.7, 4.5, 5.07, 8.4, 1.67], [2.36, 2.17, 7.89, 7.24, 5.08, 7.58, 0.0, 5.0, 1.03, 3.35, 4.1, 4.55, 9.62, 15.69, 2.28, 3.7, 1.55, 2.8, 6.39, 6.9, 3.59, 2.18, 4.26, 1.63, 3.8, 8.48, 2.75, 2.64, 5.45, 0.89, 6.59, 2.75, 2.4, 6.33, 2.76, 8.97, 13.92, 3.63, 3.03, 0.52, 2.78, 3.11, 11.02, 5.12, 2.93, 11.64, 3.88, 1.41, 3.1, 0.79, 7.2, 4.87, 3.34, 1.66, 8.2, 4.11, 0.91, 3.4, 10.14, 2.03, 16.62, 4.81, 5.72, 1.92, 15.95, 0.52, 1.46, 6.14, 2.53, 5.43, 4.7, 11.95, 19.68, 7.66, 8.75, 12.87, 1.92, 4.37, 6.05, 0.28, 6.16, 9.77, 15.1, 6.61, 13.45, 2.2, 13.56, 2.23, 1.01, 8.8, 1.4, 11.52, 8.71, 0.77, 3.68, 2.64, 7.08, 2.28, 13.21, 1.41], [7.8, 12.54, 16.05, 0.87, 9.83, 4.25, 13.14, 0.0, 16.71, 1.63, 5.95, 7.73, 5.49, 15.95, 3.36, 4.54, 11.77, 9.25, 5.43, 4.14, 3.71, 7.77, 3.04, 9.95, 4.86, 1.4, 15.85, 6.76, 3.89, 6.38, 12.43, 13.15, 7.77, 4.96, 4.14, 13.48, 2.21, 12.76, 10.38, 13.98, 18.08, 5.87, 3.38, 12.57, 12.33, 4.87, 8.52, 14.61, 8.07, 4.17, 9.65, 8.84, 12.29, 11.59, 2.79, 7.92, 5.38, 14.43, 3.45, 4.3, 0.77, 5.31, 3.06, 9.91, 9.9, 15.87, 6.51, 11.62, 15.39, 4.46, 2.84, 5.66, 3.91, 10.05, 4.03, 5.16, 7.12, 4.43, 7.97, 3.28, 4.65, 24.21, 7.64, 6.85, 1.44, 0.99, 5.42, 9.23, 9.85, 8.15, 1.71, 5.45, 13.13, 14.51, 6.6, 9.12, 7.8, 1.99, 0.5, 14.23], [10.26, 8.88, 8.93, 10.34, 5.01, 2.59, 1.72, 6.41, 0.0, 2.21, 8.55, 5.42, 10.07, 18.0, 2.45, 9.02, 1.0, 0.87, 17.25, 6.74, 2.77, 1.05, 7.61, 9.05, 11.9, 3.48, 1.98, 4.75, 4.86, 0.86, 2.03, 6.0, 9.88, 16.62, 11.12, 11.17, 3.57, 3.96, 1.38, 2.51, 4.3, 1.4, 2.15, 7.07, 2.32, 6.43, 2.63, 0.0, 1.74, 2.4, 3.68, 3.59, 6.4, 2.17, 10.89, 4.65, 3.37, 9.52, 10.69, 1.32, 2.24, 14.01, 4.83, 2.16, 17.62, 0.52, 4.13, 4.05, 1.65, 2.72, 11.48, 3.65, 7.62, 7.7, 2.61, 1.53, 5.39, 2.62, 4.19, 0.2, 8.28, 11.61, 17.46, 3.48, 4.3, 1.89, 11.36, 2.22, 0.75, 0.82, 0.23, 6.61, 8.73, 0.98, 1.24, 4.43, 4.83, 5.91, 7.0, 2.35], [10.66, 2.67, 4.69, 9.28, 4.04, 0.75, 4.17, 7.15, 6.16, 0.0, 3.2, 8.94, 1.92, 6.98, 5.73, 4.74, 3.55, 4.52, 6.8, 2.68, 2.57, 5.23, 9.39, 1.69, 2.21, 1.25, 5.01, 1.33, 5.24, 1.41, 7.34, 8.18, 10.82, 9.54, 3.96, 3.94, 6.54, 2.13, 0.3, 3.05, 3.09, 0.31, 5.72, 0.97, 4.12, 3.39, 4.13, 6.14, 3.53, 1.19, 1.81, 1.5, 0.49, 2.43, 3.3, 0.67, 2.54, 8.8, 2.67, 0.9, 3.04, 11.92, 3.17, 3.26, 6.64, 5.62, 1.33, 5.7, 5.1, 4.07, 8.16, 3.34, 4.8, 2.37, 4.62, 5.54, 3.08, 2.76, 6.41, 2.64, 7.12, 11.88, 9.72, 1.65, 8.41, 7.36, 4.19, 3.06, 1.12, 5.55, 4.63, 5.0, 7.64, 2.08, 1.91, 1.53, 1.37, 6.56, 5.49, 2.03], [7.75, 7.61, 1.42, 9.98, 4.59, 0.73, 3.81, 13.24, 6.84, 2.54, 0.0, 7.77, 11.11, 2.77, 1.85, 2.16, 4.63, 8.07, 2.56, 6.98, 2.32, 5.51, 1.85, 2.94, 0.92, 10.36, 0.84, 2.26, 7.97, 7.12, 13.14, 5.37, 8.23, 5.68, 6.11, 0.52, 1.97, 4.8, 4.99, 4.27, 4.24, 1.89, 2.64, 1.98, 4.61, 3.14, 3.9, 7.67, 3.6, 3.48, 5.78, 2.43, 1.87, 5.15, 4.62, 4.16, 4.4, 6.47, 9.56, 7.63, 2.4, 9.19, 6.41, 7.74, 6.57, 5.9, 5.47, 1.24, 11.0, 1.16, 10.01, 5.94, 14.16, 1.44, 6.06, 6.69, 2.29, 1.55, 3.2, 8.51, 3.3, 5.27, 3.69, 1.12, 10.54, 5.19, 0.99, 2.14, 8.31, 10.59, 8.35, 2.24, 3.31, 1.72, 7.98, 6.02, 3.36, 4.11, 10.78, 4.19], [9.96, 12.87, 8.16, 10.75, 7.29, 4.78, 3.54, 3.45, 8.24, 10.42, 11.53, 0.0, 4.87, 12.53, 8.07, 1.5, 4.99, 2.55, 16.43, 1.82, 1.29, 7.4, 7.05, 6.74, 10.81, 1.71, 9.05, 12.98, 18.26, 3.87, 1.86, 3.59, 11.32, 20.19, 5.33, 16.18, 5.85, 2.26, 7.04, 3.0, 13.75, 5.77, 16.82, 6.5, 4.18, 14.05, 2.28, 1.42, 2.47, 3.88, 0.86, 4.58, 8.76, 4.28, 2.62, 7.67, 8.6, 19.26, 3.08, 3.23, 2.32, 8.39, 5.59, 3.28, 4.03, 5.78, 2.35, 10.23, 4.3, 1.56, 4.94, 11.5, 7.26, 6.59, 0.65, 7.14, 0.99, 5.81, 4.86, 8.6, 9.38, 18.3, 12.22, 3.35, 11.34, 4.18, 14.91, 7.17, 2.65, 0.54, 7.56, 7.42, 11.13, 5.11, 2.14, 4.75, 9.65, 7.54, 2.49, 11.61], [11.84, 10.06, 8.95, 0.58, 2.89, 10.26, 3.93, 4.61, 1.53, 4.77, 6.85, 1.17, 0.0, 6.34, 2.52, 5.36, 5.33, 3.99, 10.27, 1.67, 4.72, 7.72, 10.78, 2.07, 3.55, 2.83, 13.15, 10.54, 9.23, 8.28, 2.23, 7.8, 8.22, 5.06, 3.76, 10.31, 3.61, 3.24, 2.79, 1.82, 17.37, 5.87, 13.31, 9.82, 9.22, 4.25, 6.75, 2.49, 2.97, 6.67, 3.03, 5.2, 7.59, 7.56, 2.49, 4.03, 3.03, 7.89, 0.56, 5.51, 1.61, 8.2, 2.96, 6.06, 8.79, 1.17, 3.54, 4.63, 7.36, 3.84, 5.87, 8.47, 5.75, 5.67, 2.11, 5.99, 0.69, 5.06, 11.79, 11.18, 4.78, 14.26, 11.2, 3.71, 1.9, 0.95, 1.53, 1.62, 9.12, 6.66, 1.83, 4.21, 10.1, 6.8, 2.03, 0.66, 9.24, 1.54, 0.3, 7.16], [1.01, 0.79, 2.71, 13.45, 1.85, 9.36, 2.52, 3.27, 5.27, 1.29, 6.6, 2.46, 7.27, 0.0, 7.45, 6.03, 15.69, 12.57, 1.53, 12.41, 8.95, 6.33, 0.47, 7.52, 9.79, 8.64, 3.78, 12.51, 2.49, 10.05, 6.07, 4.28, 0.45, 0.13, 10.59, 4.93, 6.32, 2.98, 1.85, 10.17, 7.09, 3.03, 2.32, 1.41, 3.08, 1.49, 15.35, 15.07, 8.49, 2.55, 6.01, 7.69, 6.23, 14.42, 4.01, 11.77, 10.24, 7.36, 9.58, 3.58, 3.71, 6.04, 12.61, 16.3, 0.0, 18.44, 10.91, 8.91, 5.81, 15.46, 5.56, 0.56, 7.6, 2.41, 9.87, 6.47, 7.15, 15.68, 0.51, 8.26, 11.86, 15.47, 0.68, 11.02, 6.06, 9.51, 6.82, 3.68, 13.75, 16.34, 5.75, 9.26, 3.1, 9.76, 9.13, 15.81, 1.25, 4.63, 14.04, 4.32], [1.53, 4.69, 2.73, 2.37, 3.15, 3.71, 5.16, 6.07, 2.91, 4.53, 8.3, 11.91, 3.6, 1.88, 0.0, 0.88, 15.14, 6.27, 9.9, 8.03, 2.2, 14.66, 2.03, 3.64, 1.92, 3.14, 11.8, 4.99, 4.14, 6.9, 7.73, 9.89, 5.97, 6.16, 1.06, 8.39, 0.42, 6.21, 4.73, 13.89, 1.76, 4.77, 11.22, 2.95, 5.23, 1.61, 1.9, 2.01, 0.67, 4.45, 5.11, 3.77, 2.85, 11.29, 2.69, 8.11, 10.17, 11.08, 3.11, 5.06, 1.56, 5.4, 3.14, 9.32, 2.16, 4.61, 1.77, 3.28, 7.77, 4.29, 2.37, 3.35, 1.2, 1.47, 1.28, 1.55, 5.4, 6.46, 3.85, 9.21, 9.3, 13.54, 4.18, 5.07, 2.13, 4.06, 3.52, 7.92, 4.26, 10.88, 10.97, 2.58, 5.2, 1.63, 8.42, 6.83, 2.86, 3.03, 5.06, 7.8], [6.19, 3.54, 9.22, 3.78, 6.26, 4.03, 2.1, 7.6, 7.72, 5.25, 4.35, 13.46, 7.81, 3.37, 1.14, 0.0, 6.7, 2.83, 9.31, 5.92, 1.47, 5.86, 7.54, 3.08, 0.35, 2.56, 12.28, 8.37, 6.26, 12.51, 4.2, 2.44, 6.64, 5.28, 1.71, 1.86, 1.24, 12.96, 8.03, 13.96, 9.9, 4.64, 7.61, 7.48, 6.83, 2.13, 7.3, 5.58, 5.24, 6.57, 7.51, 2.97, 4.56, 4.3, 2.43, 5.97, 10.81, 1.64, 2.12, 2.46, 3.34, 2.28, 4.35, 3.83, 7.5, 3.57, 4.85, 3.43, 14.84, 4.41, 3.07, 2.83, 5.32, 2.0, 8.12, 1.21, 11.78, 5.24, 2.47, 11.65, 8.8, 5.27, 4.19, 5.15, 1.16, 3.53, 0.66, 1.73, 9.77, 4.13, 6.0, 3.56, 2.41, 11.37, 6.95, 8.95, 7.43, 0.25, 5.93, 1.78], [6.16, 6.18, 11.27, 3.04, 10.07, 10.81, 2.36, 3.64, 3.02, 4.57, 7.48, 0.74, 1.9, 18.22, 4.08, 8.72, 0.0, 2.09, 5.55, 5.68, 5.85, 0.72, 16.34, 4.54, 6.47, 10.38, 2.73, 6.74, 4.23, 5.59, 3.89, 2.04, 5.22, 15.99, 6.04, 1.94, 3.46, 1.03, 5.49, 5.59, 9.44, 7.42, 13.55, 2.0, 3.13, 11.88, 3.63, 0.48, 6.12, 8.67, 1.99, 3.64, 5.2, 4.13, 10.44, 6.37, 7.58, 7.13, 9.73, 2.91, 4.43, 18.18, 6.45, 4.62, 16.74, 1.39, 3.05, 16.08, 1.98, 1.61, 10.34, 9.88, 3.0, 12.35, 7.38, 6.84, 5.66, 0.87, 9.45, 1.37, 10.2, 14.5, 14.18, 1.86, 2.26, 8.11, 16.53, 4.66, 1.9, 3.22, 1.38, 9.02, 6.16, 2.32, 10.46, 1.64, 9.75, 7.53, 12.83, 7.34], [7.19, 7.89, 2.93, 4.97, 9.15, 1.74, 1.32, 13.71, 0.92, 7.07, 3.25, 2.43, 5.05, 15.95, 12.19, 6.26, 1.03, 0.0, 16.29, 2.26, 6.08, 1.48, 15.3, 7.9, 7.73, 2.09, 6.94, 2.93, 15.97, 4.73, 3.73, 3.19, 7.73, 19.16, 6.0, 4.44, 12.99, 1.16, 4.04, 4.4, 3.19, 4.79, 6.56, 2.26, 3.74, 6.0, 2.82, 0.75, 5.2, 2.58, 5.26, 3.02, 1.74, 4.56, 8.52, 5.95, 1.11, 11.47, 7.61, 3.06, 2.05, 9.08, 3.71, 1.46, 12.22, 0.87, 4.77, 10.55, 1.09, 2.71, 12.82, 8.04, 7.24, 10.54, 2.88, 3.09, 3.52, 0.42, 4.78, 1.0, 6.3, 5.22, 14.53, 4.83, 6.07, 14.68, 3.28, 4.84, 2.85, 1.5, 0.65, 4.45, 12.1, 1.91, 2.16, 3.06, 9.31, 14.23, 3.67, 2.26], [3.38, 3.91, 3.77, 13.07, 10.16, 2.94, 15.67, 15.01, 7.48, 2.41, 3.29, 4.54, 13.22, 1.59, 2.4, 6.76, 12.85, 16.74, 0.0, 11.03, 9.05, 3.37, 2.03, 5.98, 9.88, 11.71, 9.54, 3.52, 3.48, 11.58, 15.37, 3.99, 1.51, 1.77, 11.64, 3.95, 10.29, 2.39, 12.89, 13.34, 4.2, 5.43, 5.1, 5.16, 12.31, 2.43, 5.76, 18.95, 5.55, 1.41, 15.54, 7.63, 8.06, 12.97, 4.43, 11.28, 10.8, 1.8, 16.18, 3.61, 7.78, 2.34, 16.25, 15.85, 2.16, 19.98, 13.62, 7.77, 12.19, 7.61, 1.34, 2.96, 10.08, 1.9, 4.44, 4.47, 14.01, 6.16, 4.04, 17.76, 10.48, 3.59, 3.5, 4.01, 5.41, 2.34, 1.31, 14.0, 6.78, 6.54, 7.39, 4.74, 7.66, 8.96, 7.89, 6.9, 1.84, 7.69, 13.44, 12.68], [4.18, 9.15, 12.94, 3.32, 11.0, 1.53, 7.2, 4.64, 2.37, 7.35, 6.58, 1.05, 2.07, 16.02, 6.94, 10.83, 5.93, 4.77, 15.36, 0.0, 6.24, 5.73, 10.98, 5.97, 6.65, 3.32, 4.89, 3.77, 16.22, 10.47, 4.38, 7.98, 7.45, 16.49, 9.36, 4.59, 5.68, 0.87, 0.97, 9.24, 15.86, 7.38, 16.15, 1.59, 3.8, 3.16, 2.9, 5.29, 5.42, 4.81, 0.48, 4.93, 3.44, 11.04, 3.75, 6.86, 6.12, 2.29, 3.08, 3.81, 6.31, 13.07, 0.61, 5.01, 5.99, 3.22, 0.85, 12.6, 1.14, 2.11, 6.41, 6.87, 3.61, 8.42, 0.42, 9.18, 0.45, 3.42, 1.83, 5.42, 12.66, 4.82, 6.64, 0.89, 4.53, 9.62, 3.48, 8.06, 5.15, 1.92, 0.88, 3.54, 1.97, 5.26, 7.12, 1.23, 4.95, 6.54, 3.32, 3.78], [3.98, 3.75, 3.82, 1.52, 5.76, 1.14, 8.04, 3.07, 7.04, 2.28, 2.65, 6.7, 5.39, 5.57, 1.92, 1.06, 4.31, 4.74, 6.94, 2.11, 0.0, 2.63, 7.46, 1.59, 2.22, 7.14, 3.42, 7.68, 11.72, 2.93, 6.89, 7.48, 5.62, 9.76, 4.9, 6.28, 2.44, 5.05, 0.54, 5.09, 9.73, 0.83, 7.9, 3.75, 6.33, 3.75, 5.05, 8.13, 0.74, 3.93, 3.05, 0.73, 3.39, 1.36, 0.74, 2.5, 7.09, 2.63, 3.51, 2.54, 6.83, 1.46, 1.24, 3.33, 11.37, 4.68, 2.67, 3.54, 4.52, 0.71, 5.04, 7.25, 10.24, 2.14, 2.04, 5.27, 5.11, 7.8, 4.34, 1.89, 8.86, 12.03, 10.35, 1.57, 2.07, 2.95, 2.53, 6.66, 2.53, 1.44, 5.26, 2.26, 7.89, 5.03, 2.5, 0.9, 3.68, 4.39, 4.6, 4.58], [2.68, 8.25, 14.19, 6.48, 4.49, 5.63, 1.88, 12.73, 0.78, 3.55, 5.82, 2.08, 5.62, 10.76, 5.76, 5.65, 1.08, 0.31, 18.31, 4.18, 9.19, 0.0, 8.86, 10.71, 8.95, 9.55, 5.73, 5.37, 17.53, 2.17, 2.1, 9.39, 20.16, 18.67, 9.41, 13.41, 8.05, 2.94, 4.76, 3.46, 11.43, 2.32, 5.03, 2.71, 5.08, 11.97, 2.29, 0.55, 8.63, 4.06, 5.41, 4.22, 6.3, 6.7, 11.63, 1.2, 4.15, 3.48, 2.28, 2.51, 1.96, 2.7, 3.91, 3.16, 4.28, 0.53, 4.71, 8.62, 0.57, 1.73, 4.22, 12.66, 19.83, 10.38, 1.73, 15.28, 6.65, 1.5, 11.76, 0.3, 1.86, 11.11, 12.4, 4.77, 2.17, 10.53, 13.54, 2.55, 1.3, 5.48, 1.65, 8.87, 10.78, 0.84, 4.98, 4.37, 14.58, 6.59, 11.56, 4.81], [0.81, 1.22, 1.52, 1.95, 4.39, 7.98, 10.91, 8.29, 11.7, 7.22, 1.84, 12.67, 8.58, 0.97, 5.16, 1.58, 17.05, 5.39, 2.21, 14.53, 5.68, 16.67, 0.0, 5.58, 5.26, 8.62, 6.9, 9.48, 1.18, 6.88, 6.88, 3.71, 2.27, 0.29, 11.07, 1.08, 4.18, 10.71, 11.4, 10.61, 5.67, 5.27, 5.99, 1.52, 6.02, 1.46, 2.05, 8.79, 7.07, 7.94, 15.56, 2.06, 4.69, 3.36, 1.6, 5.18, 10.33, 7.97, 13.2, 8.64, 7.32, 3.26, 9.21, 3.03, 0.63, 2.08, 3.63, 7.79, 15.12, 9.82, 4.89, 2.31, 7.79, 6.65, 7.96, 6.74, 16.86, 9.11, 2.81, 6.19, 8.3, 11.68, 0.21, 12.61, 7.89, 1.75, 2.59, 9.58, 5.9, 14.74, 10.19, 7.48, 1.17, 3.36, 6.22, 15.32, 2.31, 5.76, 15.9, 13.15], [9.19, 0.88, 3.05, 1.83, 7.2, 2.08, 8.23, 3.68, 3.83, 1.81, 0.58, 6.0, 7.2, 8.71, 2.62, 2.22, 10.37, 9.03, 7.61, 2.13, 0.97, 1.56, 4.05, 0.0, 2.39, 7.95, 3.85, 4.83, 3.67, 5.84, 4.26, 3.62, 8.03, 1.6, 0.96, 1.51, 5.18, 8.02, 0.84, 2.88, 3.51, 0.38, 6.69, 5.44, 4.65, 1.42, 1.5, 8.14, 2.49, 0.8, 2.31, 1.83, 0.45, 3.01, 0.6, 1.78, 1.74, 5.58, 3.02, 4.03, 9.21, 6.06, 4.91, 5.51, 4.71, 2.36, 0.99, 6.05, 1.43, 4.36, 1.52, 3.55, 5.06, 0.92, 0.9, 2.42, 3.84, 4.56, 5.64, 1.64, 3.71, 7.41, 6.71, 1.78, 6.14, 6.07, 5.17, 5.05, 4.39, 8.22, 3.35, 3.68, 7.49, 4.22, 2.86, 5.53, 4.16, 2.26, 4.81, 5.17], [0.97, 6.21, 10.9, 2.36, 4.52, 5.36, 11.67, 6.73, 2.08, 3.03, 6.76, 11.76, 1.62, 8.89, 1.74, 0.93, 5.81, 1.95, 9.44, 5.75, 1.53, 10.35, 2.07, 0.5, 0.0, 4.02, 9.3, 5.63, 1.74, 1.65, 6.52, 5.66, 3.85, 6.25, 1.12, 4.15, 2.09, 4.3, 5.26, 5.15, 6.43, 1.95, 5.84, 9.19, 8.52, 4.22, 8.42, 4.18, 1.57, 6.14, 4.19, 1.74, 4.32, 3.94, 0.76, 6.53, 8.21, 11.81, 2.54, 7.44, 1.19, 6.81, 5.34, 7.49, 5.21, 7.66, 4.21, 2.32, 7.4, 4.8, 6.22, 3.3, 6.33, 2.67, 1.66, 2.97, 2.76, 1.33, 3.74, 2.95, 12.26, 5.56, 4.04, 1.11, 1.49, 6.62, 3.04, 8.8, 3.53, 3.51, 2.22, 0.73, 7.15, 4.37, 9.19, 4.09, 8.78, 0.8, 6.41, 6.28], [11.45, 2.84, 3.33, 0.76, 9.45, 11.85, 13.58, 0.6, 2.36, 8.33, 12.0, 8.8, 1.6, 2.53, 4.58, 0.87, 6.75, 11.24, 4.39, 4.32, 3.15, 11.86, 11.1, 5.23, 3.07, 0.0, 7.48, 6.39, 9.41, 8.62, 2.51, 2.15, 13.25, 8.95, 2.04, 9.01, 4.31, 8.36, 3.83, 8.39, 6.44, 9.43, 8.0, 11.2, 11.48, 5.79, 11.04, 5.8, 2.52, 8.01, 4.73, 7.11, 6.17, 6.0, 5.55, 3.13, 13.76, 20.14, 3.04, 7.4, 3.26, 8.3, 1.62, 8.13, 2.68, 14.1, 4.17, 12.23, 2.12, 1.79, 1.0, 11.35, 2.11, 2.14, 5.72, 5.23, 1.77, 1.67, 11.3, 7.18, 11.72, 18.17, 8.47, 7.81, 0.51, 0.98, 2.16, 2.72, 4.3, 5.26, 4.37, 1.99, 13.5, 6.45, 13.73, 2.41, 11.07, 7.03, 1.01, 6.16], [13.66, 8.21, 7.94, 7.34, 1.35, 3.91, 0.74, 15.14, 2.48, 4.84, 2.35, 4.63, 13.34, 7.44, 9.68, 11.88, 7.91, 5.6, 3.92, 9.47, 6.08, 0.71, 7.0, 6.66, 4.79, 9.31, 0.0, 0.63, 13.43, 2.24, 10.59, 10.48, 5.12, 8.26, 3.51, 2.51, 4.48, 5.76, 6.23, 2.7, 2.52, 5.14, 5.64, 4.36, 1.73, 6.97, 1.82, 4.51, 2.03, 3.55, 8.11, 1.42, 3.18, 0.0, 1.46, 3.66, 2.0, 2.68, 6.23, 3.34, 15.19, 2.55, 2.84, 3.64, 12.12, 1.19, 2.62, 4.73, 2.26, 4.67, 2.3, 3.42, 12.98, 2.96, 2.83, 9.93, 4.68, 7.47, 2.26, 4.01, 2.86, 0.79, 3.37, 7.03, 12.82, 5.42, 7.76, 1.42, 3.45, 7.62, 0.68, 5.97, 5.36, 2.4, 2.82, 7.09, 6.04, 8.36, 3.75, 0.3], [6.54, 9.77, 1.77, 10.22, 1.11, 1.94, 2.24, 12.21, 2.02, 1.47, 0.75, 13.36, 2.93, 3.96, 5.75, 1.82, 3.83, 1.86, 11.12, 4.1, 2.18, 2.6, 10.31, 6.37, 8.33, 8.0, 1.23, 0.0, 1.87, 2.0, 8.6, 5.29, 10.02, 2.25, 8.11, 4.26, 13.07, 6.25, 4.25, 2.62, 3.59, 4.24, 4.64, 2.31, 2.6, 5.52, 5.88, 6.32, 3.44, 2.32, 1.96, 3.95, 3.6, 0.39, 8.34, 3.32, 0.94, 2.77, 3.48, 1.64, 10.45, 13.41, 4.57, 4.68, 12.21, 3.22, 4.97, 1.95, 4.96, 4.1, 7.76, 1.35, 12.37, 4.56, 7.0, 10.59, 12.1, 8.7, 7.58, 5.97, 0.91, 3.2, 7.47, 3.68, 11.73, 15.43, 7.61, 0.49, 3.05, 3.65, 1.09, 9.71, 1.39, 3.44, 2.96, 4.45, 5.71, 8.73, 8.84, 2.17], [1.37, 0.84, 9.83, 7.25, 1.84, 9.72, 3.47, 11.95, 6.93, 5.66, 1.61, 9.23, 2.79, 1.02, 1.2, 8.34, 10.56, 13.16, 2.42, 19.7, 8.62, 14.54, 3.28, 10.06, 1.33, 12.25, 13.83, 14.44, 0.0, 10.22, 22.8, 7.48, 0.89, 3.15, 8.2, 3.04, 6.7, 12.06, 10.48, 16.28, 5.33, 9.48, 3.17, 8.72, 7.11, 3.64, 5.91, 9.38, 13.58, 12.95, 8.78, 7.58, 10.66, 8.59, 2.02, 15.09, 6.06, 11.28, 13.56, 11.94, 6.82, 4.79, 10.54, 11.13, 2.17, 3.97, 9.09, 1.73, 15.19, 9.14, 4.61, 4.25, 4.09, 4.95, 8.05, 4.09, 15.3, 3.75, 5.08, 8.87, 10.6, 9.78, 2.86, 12.15, 12.06, 1.74, 5.79, 9.3, 7.91, 2.9, 12.75, 7.95, 4.69, 15.84, 9.88, 3.08, 7.13, 6.38, 15.54, 17.69], [4.7, 9.23, 4.04, 12.67, 1.21, 4.81, 0.31, 13.44, 1.95, 5.28, 6.94, 8.72, 2.17, 3.16, 12.63, 4.86, 3.48, 1.09, 3.61, 1.82, 4.69, 3.34, 7.42, 7.77, 11.47, 8.37, 0.84, 2.76, 10.42, 0.0, 10.75, 13.03, 16.95, 3.22, 14.48, 10.51, 12.5, 2.06, 6.29, 0.91, 3.6, 7.09, 6.21, 6.87, 3.17, 5.92, 3.67, 2.51, 3.85, 1.44, 1.67, 5.51, 2.32, 1.73, 9.99, 5.44, 0.45, 4.46, 12.13, 3.59, 2.32, 10.28, 3.69, 0.76, 15.34, 2.81, 7.39, 5.01, 1.44, 7.76, 4.38, 12.6, 11.58, 1.53, 9.6, 2.26, 6.82, 4.31, 13.77, 2.5, 5.78, 5.3, 6.49, 4.07, 10.32, 7.87, 12.88, 1.1, 2.11, 2.19, 0.48, 9.73, 8.3, 4.03, 0.76, 6.31, 9.1, 2.47, 3.12, 0.5], [20.27, 9.57, 13.89, 9.76, 5.07, 3.96, 8.26, 7.34, 6.12, 7.25, 4.47, 1.74, 2.42, 14.6, 1.59, 15.41, 3.03, 2.26, 17.33, 3.51, 8.54, 2.58, 14.65, 6.24, 13.1, 11.35, 11.77, 12.2, 13.61, 2.11, 0.0, 3.69, 4.09, 18.67, 11.67, 9.98, 5.06, 1.58, 9.8, 9.35, 10.07, 4.22, 17.33, 12.72, 3.96, 15.81, 3.71, 1.19, 7.96, 4.49, 3.16, 3.7, 7.62, 2.21, 7.06, 8.01, 1.75, 13.9, 1.46, 3.09, 8.33, 5.9, 4.44, 4.16, 14.47, 2.4, 6.22, 17.19, 2.41, 1.72, 10.12, 13.62, 1.96, 3.43, 5.24, 16.52, 3.2, 1.16, 4.71, 2.59, 11.2, 13.18, 11.43, 8.44, 5.7, 11.2, 13.2, 10.4, 6.61, 2.3, 7.09, 4.87, 10.47, 2.94, 2.04, 5.43, 2.4, 4.58, 7.11, 1.82], [3.43, 1.17, 1.09, 15.65, 6.71, 4.48, 4.78, 2.25, 14.6, 1.21, 1.21, 8.07, 10.12, 0.67, 5.56, 2.08, 18.79, 5.14, 2.67, 17.33, 8.53, 10.71, 3.33, 8.28, 7.66, 11.81, 3.19, 5.1, 1.46, 5.03, 9.19, 0.0, 5.84, 4.7, 10.83, 2.07, 1.74, 8.44, 8.88, 11.27, 2.5, 3.51, 1.33, 2.07, 5.73, 6.05, 14.21, 8.32, 5.52, 3.41, 2.92, 7.52, 3.39, 5.04, 3.02, 5.56, 5.78, 7.19, 9.55, 2.76, 12.39, 9.7, 6.86, 6.21, 3.09, 1.72, 14.04, 1.92, 6.18, 14.83, 7.44, 1.28, 7.36, 3.75, 8.09, 5.74, 16.46, 1.97, 2.16, 11.66, 4.69, 7.27, 1.49, 10.84, 6.41, 8.89, 7.11, 6.18, 7.49, 5.63, 4.37, 9.0, 2.76, 10.3, 8.14, 2.04, 0.8, 4.83, 14.66, 7.38], [0.41, 0.39, 3.93, 11.59, 12.49, 9.87, 13.41, 8.03, 13.1, 5.03, 9.51, 3.63, 15.06, 0.64, 4.44, 2.8, 9.17, 12.47, 2.42, 16.71, 10.52, 10.76, 2.16, 9.05, 1.7, 9.19, 5.67, 11.96, 0.9, 16.01, 9.48, 6.64, 0.0, 1.47, 2.14, 5.93, 1.19, 8.56, 12.77, 18.26, 9.29, 9.08, 8.07, 1.47, 5.5, 1.42, 12.64, 11.44, 2.53, 10.81, 16.28, 9.26, 8.71, 3.09, 6.84, 3.37, 9.65, 6.82, 6.3, 12.34, 9.11, 4.86, 15.74, 14.85, 1.49, 19.78, 16.05, 5.21, 2.56, 9.68, 4.42, 2.92, 10.32, 7.42, 11.02, 5.45, 17.65, 17.94, 5.94, 5.79, 9.16, 16.75, 1.55, 2.68, 8.18, 3.4, 6.29, 9.63, 5.63, 20.0, 16.86, 1.93, 7.27, 7.33, 6.29, 12.34, 6.32, 6.06, 2.37, 7.28], [0.43, 1.94, 6.04, 8.73, 5.91, 6.6, 14.51, 2.06, 8.86, 8.13, 1.76, 2.75, 8.19, 0.68, 1.88, 1.54, 16.0, 15.62, 0.96, 16.07, 1.86, 19.02, 0.34, 3.69, 4.37, 11.73, 7.11, 5.38, 2.92, 9.77, 7.93, 3.1, 2.5, 0.0, 7.35, 0.69, 9.59, 11.18, 3.15, 7.93, 8.8, 7.33, 7.95, 0.84, 6.04, 2.64, 7.35, 8.7, 5.2, 9.62, 12.7, 15.0, 7.87, 2.32, 1.34, 12.1, 4.72, 2.11, 10.57, 11.11, 7.08, 5.63, 2.09, 8.27, 0.22, 13.12, 7.98, 3.93, 2.49, 12.74, 5.76, 4.02, 12.41, 4.78, 4.56, 3.14, 17.21, 12.13, 0.45, 9.62, 1.72, 10.71, 1.34, 6.68, 14.57, 6.7, 6.0, 8.72, 16.04, 7.17, 3.95, 11.38, 2.93, 6.97, 14.06, 10.87, 2.11, 3.89, 16.25, 9.05], [11.11, 5.95, 5.83, 0.67, 14.81, 4.41, 5.95, 2.47, 4.56, 4.2, 2.62, 5.78, 2.19, 8.49, 0.61, 0.87, 12.76, 9.85, 7.08, 1.59, 2.11, 12.09, 8.24, 1.91, 1.82, 0.64, 13.97, 4.45, 8.02, 2.17, 9.54, 3.87, 3.41, 5.25, 0.0, 4.09, 0.65, 10.09, 5.39, 1.96, 13.17, 4.28, 6.84, 3.92, 1.76, 3.33, 7.58, 3.58, 1.57, 9.54, 3.62, 7.25, 2.23, 12.31, 0.95, 8.74, 3.43, 15.76, 0.5, 6.34, 2.57, 3.39, 1.72, 9.15, 4.48, 5.22, 2.74, 3.74, 4.89, 6.54, 5.37, 5.75, 0.54, 5.23, 6.03, 1.93, 7.6, 10.09, 4.15, 14.89, 4.96, 6.53, 8.82, 2.33, 0.71, 2.9, 4.22, 6.76, 2.62, 8.46, 6.8, 3.86, 6.94, 3.23, 17.47, 2.87, 2.44, 2.89, 1.94, 9.02], [4.97, 3.88, 2.42, 7.75, 5.88, 4.72, 10.89, 5.85, 10.79, 1.57, 1.06, 9.67, 11.74, 1.6, 6.64, 1.01, 9.49, 5.43, 1.76, 4.32, 2.37, 3.59, 0.99, 5.71, 6.0, 6.37, 1.41, 7.13, 3.38, 9.41, 9.38, 2.18, 3.52, 1.89, 10.52, 0.0, 6.52, 4.42, 4.84, 5.66, 3.16, 5.82, 3.39, 1.02, 8.14, 2.02, 10.28, 7.14, 2.01, 4.81, 8.56, 5.08, 1.22, 5.7, 4.04, 0.95, 5.57, 3.5, 11.35, 2.48, 11.18, 1.62, 3.52, 4.47, 4.55, 14.18, 3.18, 3.34, 3.39, 9.53, 8.37, 2.98, 5.39, 1.03, 3.01, 5.4, 6.29, 3.14, 0.27, 11.78, 3.1, 3.45, 4.53, 6.94, 9.2, 6.19, 5.82, 5.78, 12.74, 16.86, 12.14, 4.41, 3.9, 7.25, 8.8, 2.18, 0.89, 3.1, 1.55, 5.56], [2.09, 3.79, 9.62, 4.32, 3.39, 4.7, 15.05, 1.84, 12.06, 2.03, 7.56, 12.29, 3.91, 1.33, 0.92, 0.41, 11.17, 1.76, 10.3, 10.08, 2.45, 11.01, 2.74, 5.09, 1.64, 1.93, 1.98, 5.09, 8.11, 2.84, 1.89, 5.48, 5.73, 2.87, 0.94, 2.43, 0.0, 5.14, 1.56, 13.35, 5.57, 2.81, 10.2, 8.45, 11.78, 3.53, 6.89, 8.9, 1.35, 5.96, 1.29, 2.12, 0.94, 1.63, 3.7, 6.04, 10.35, 15.23, 6.04, 5.77, 2.66, 2.54, 2.86, 9.91, 2.12, 9.7, 7.55, 2.96, 13.24, 7.06, 4.07, 1.63, 5.0, 1.47, 1.82, 1.96, 6.76, 8.15, 4.49, 2.3, 9.48, 8.36, 2.34, 5.11, 4.37, 0.7, 1.59, 6.84, 9.82, 6.43, 11.55, 2.97, 13.06, 4.12, 2.5, 4.03, 6.53, 1.66, 5.53, 13.42], [14.34, 12.7, 15.11, 6.52, 6.98, 5.95, 3.64, 2.48, 1.45, 1.8, 1.83, 1.74, 2.2, 15.37, 11.64, 8.8, 1.31, 0.32, 7.3, 1.75, 5.05, 0.54, 9.79, 4.88, 9.08, 5.29, 7.99, 6.05, 8.73, 3.72, 0.62, 12.83, 18.74, 2.97, 5.03, 5.98, 13.34, 0.0, 4.9, 7.39, 2.69, 1.58, 4.44, 8.78, 4.27, 6.5, 3.33, 3.42, 4.61, 5.74, 3.41, 2.75, 4.05, 3.54, 5.45, 2.74, 3.25, 2.41, 2.82, 2.15, 6.3, 16.71, 1.2, 1.69, 9.13, 1.78, 2.31, 9.7, 1.79, 2.91, 14.19, 5.06, 15.89, 1.75, 4.19, 10.38, 2.76, 1.28, 7.05, 1.24, 6.14, 6.3, 15.31, 1.6, 7.59, 4.29, 7.92, 4.45, 1.91, 1.85, 4.85, 7.3, 7.86, 1.34, 10.96, 0.59, 9.68, 13.04, 8.88, 4.99], [3.22, 2.03, 8.04, 8.15, 6.56, 3.42, 4.51, 4.7, 0.78, 0.74, 4.37, 8.39, 5.2, 1.42, 2.94, 4.59, 4.57, 1.07, 13.91, 4.5, 1.0, 1.59, 12.42, 0.65, 0.84, 9.13, 5.44, 5.33, 13.05, 4.15, 3.85, 4.89, 10.78, 13.25, 7.58, 9.31, 6.16, 5.88, 0.0, 5.57, 6.87, 1.17, 2.9, 8.42, 2.99, 6.37, 2.91, 3.33, 2.67, 1.82, 4.61, 1.34, 1.0, 6.34, 5.03, 1.15, 4.64, 12.22, 5.45, 1.5, 3.44, 10.91, 2.57, 2.53, 4.55, 1.55, 3.28, 4.55, 4.35, 2.87, 9.03, 2.93, 13.55, 4.66, 1.85, 8.69, 4.61, 1.34, 5.63, 6.56, 4.65, 13.84, 12.4, 0.53, 3.73, 10.25, 4.16, 1.18, 2.06, 2.71, 2.51, 7.06, 7.42, 1.35, 8.09, 2.95, 10.41, 8.45, 6.63, 2.93], [6.92, 7.4, 4.04, 4.47, 1.01, 2.35, 0.44, 8.94, 2.22, 2.77, 6.37, 4.91, 8.78, 5.48, 2.01, 6.49, 5.29, 3.66, 3.56, 8.92, 3.56, 3.45, 6.98, 6.52, 3.39, 7.98, 1.8, 3.85, 4.78, 0.64, 8.1, 9.89, 3.33, 7.19, 13.06, 1.67, 3.37, 1.54, 5.13, 0.0, 0.94, 1.03, 6.42, 3.69, 0.98, 7.24, 0.58, 1.51, 5.44, 1.58, 7.92, 2.27, 1.59, 2.59, 4.83, 1.02, 1.31, 3.1, 9.1, 2.84, 12.59, 8.86, 2.82, 1.87, 13.1, 3.99, 8.43, 9.56, 3.56, 7.58, 10.38, 3.05, 11.5, 8.89, 9.5, 11.0, 5.86, 2.82, 9.57, 2.97, 6.17, 7.29, 9.97, 6.08, 13.22, 12.57, 3.44, 0.52, 2.63, 1.13, 0.78, 5.9, 2.92, 2.86, 4.25, 6.23, 7.43, 12.38, 3.55, 0.37], [14.2, 4.72, 3.47, 2.2, 3.93, 6.99, 9.35, 12.73, 4.39, 4.59, 6.76, 2.1, 5.19, 7.88, 2.47, 4.62, 7.35, 8.76, 2.06, 7.32, 12.18, 2.03, 9.39, 10.89, 9.55, 16.03, 3.79, 4.26, 10.34, 8.04, 18.87, 3.08, 14.03, 5.97, 8.32, 5.71, 15.39, 6.28, 4.98, 5.25, 0.0, 5.0, 1.13, 4.95, 2.48, 2.51, 2.63, 4.19, 2.07, 7.25, 3.53, 8.58, 8.03, 0.75, 4.85, 7.23, 4.06, 0.85, 6.09, 8.4, 20.45, 8.2, 1.95, 10.66, 2.1, 4.8, 10.04, 3.76, 3.91, 2.19, 7.77, 2.81, 10.02, 5.6, 2.2, 2.81, 10.16, 2.16, 6.57, 8.26, 0.77, 1.82, 9.44, 4.27, 17.01, 12.63, 9.89, 5.06, 10.02, 13.65, 1.93, 8.0, 1.68, 9.59, 1.87, 2.54, 3.97, 3.73, 12.61, 2.4], [1.28, 7.0, 2.27, 5.56, 1.93, 1.24, 1.97, 8.77, 3.09, 0.62, 2.14, 5.05, 3.4, 9.41, 5.78, 3.45, 2.51, 6.81, 10.56, 2.6, 1.94, 5.5, 8.45, 0.55, 4.77, 10.29, 4.32, 2.54, 6.74, 4.53, 2.87, 8.81, 9.7, 2.97, 8.9, 1.04, 2.64, 6.49, 3.14, 5.94, 5.74, 0.0, 2.97, 1.74, 3.0, 6.86, 4.36, 6.39, 1.15, 0.18, 7.44, 0.86, 1.35, 4.78, 3.72, 1.77, 1.05, 1.14, 5.61, 4.71, 8.16, 11.04, 5.92, 5.04, 4.66, 0.95, 2.48, 6.49, 2.47, 3.58, 2.68, 1.61, 6.78, 0.76, 2.46, 3.05, 7.01, 5.88, 4.91, 5.96, 1.25, 10.86, 2.88, 0.5, 4.63, 10.07, 6.38, 4.06, 4.73, 8.69, 4.49, 2.94, 3.59, 1.33, 7.38, 0.64, 3.85, 2.02, 3.03, 1.33], [3.13, 4.0, 0.4, 2.17, 5.83, 1.66, 9.16, 5.09, 9.26, 5.12, 2.05, 9.5, 14.53, 3.57, 9.7, 4.85, 16.64, 11.05, 5.73, 9.62, 8.8, 7.23, 5.12, 4.13, 1.53, 10.68, 1.17, 1.54, 7.01, 1.81, 18.51, 2.22, 5.27, 3.95, 8.45, 2.27, 8.82, 16.08, 7.32, 6.02, 1.7, 2.74, 0.0, 0.34, 3.53, 7.61, 10.94, 12.38, 5.4, 6.66, 12.52, 2.49, 3.48, 7.76, 3.33, 7.02, 4.73, 2.64, 9.81, 8.87, 7.07, 7.3, 12.11, 5.73, 6.86, 3.3, 10.01, 0.3, 10.75, 2.49, 7.88, 6.81, 10.44, 2.95, 7.05, 10.42, 6.82, 9.12, 2.54, 12.16, 2.35, 1.32, 2.53, 4.46, 8.72, 6.7, 5.76, 2.15, 5.82, 8.55, 8.32, 2.81, 0.63, 7.87, 4.39, 2.7, 2.4, 2.38, 10.51, 3.18], [2.91, 6.25, 1.6, 13.61, 2.75, 1.06, 6.43, 13.02, 9.68, 4.64, 1.79, 7.94, 7.73, 2.67, 7.24, 1.86, 6.11, 4.74, 5.22, 14.49, 1.35, 8.89, 0.89, 2.6, 2.44, 6.74, 4.45, 5.5, 2.99, 4.0, 8.78, 0.7, 0.96, 1.47, 9.82, 0.63, 7.35, 14.74, 4.8, 10.25, 1.2, 1.69, 2.05, 0.0, 5.24, 1.29, 7.2, 6.17, 5.3, 1.7, 5.41, 5.18, 1.81, 1.51, 1.79, 1.63, 3.58, 1.4, 9.31, 8.29, 5.0, 7.56, 13.02, 2.01, 1.65, 4.82, 6.42, 1.12, 6.13, 3.25, 8.88, 5.02, 7.59, 3.06, 1.58, 8.27, 6.02, 13.53, 1.38, 3.73, 2.42, 8.1, 5.85, 7.28, 12.62, 7.75, 1.08, 6.64, 1.5, 13.81, 9.85, 6.53, 1.23, 4.15, 4.83, 9.43, 1.56, 4.45, 3.34, 6.67], [12.55, 8.29, 4.01, 4.31, 1.59, 2.71, 2.52, 15.04, 4.06, 3.29, 4.08, 6.49, 7.89, 12.59, 9.86, 2.66, 1.27, 2.28, 5.98, 6.22, 5.64, 3.05, 8.31, 1.1, 6.53, 2.2, 1.78, 1.82, 11.99, 3.18, 1.81, 9.68, 15.7, 9.93, 3.7, 3.96, 7.61, 1.74, 1.36, 2.56, 6.75, 0.91, 7.53, 4.88, 0.0, 8.95, 3.73, 3.18, 4.51, 2.43, 2.98, 1.38, 5.89, 0.93, 7.05, 0.63, 0.27, 4.86, 1.62, 2.0, 3.76, 15.03, 2.14, 3.82, 7.47, 3.35, 4.65, 4.72, 6.33, 3.26, 12.9, 11.48, 2.65, 6.77, 1.22, 5.83, 5.15, 0.83, 6.98, 3.49, 6.58, 2.89, 8.25, 2.4, 12.47, 8.72, 11.51, 1.0, 2.41, 6.11, 3.45, 3.11, 6.92, 2.71, 5.11, 5.56, 10.52, 7.01, 4.94, 1.4], [4.37, 1.23, 6.43, 8.75, 4.94, 2.42, 6.51, 6.73, 1.88, 6.37, 5.71, 4.74, 6.01, 5.02, 0.92, 2.15, 14.82, 13.81, 3.91, 12.8, 5.24, 9.83, 3.97, 3.8, 2.83, 8.25, 7.4, 3.81, 5.58, 13.08, 7.09, 5.14, 1.95, 0.7, 2.07, 2.73, 2.75, 9.71, 1.79, 13.95, 3.71, 6.74, 2.4, 2.74, 2.34, 0.0, 4.42, 2.83, 6.42, 7.55, 5.22, 7.48, 4.7, 8.82, 1.54, 5.73, 7.8, 8.43, 3.99, 4.22, 3.74, 1.72, 7.9, 10.05, 1.78, 5.62, 10.35, 6.7, 3.67, 3.35, 3.46, 2.01, 3.1, 1.77, 5.96, 1.0, 5.39, 1.9, 1.08, 2.87, 3.65, 12.68, 3.09, 6.56, 8.02, 1.82, 0.78, 6.66, 3.44, 6.79, 10.99, 2.94, 6.44, 8.49, 3.72, 6.41, 4.41, 0.16, 9.56, 8.59], [11.55, 10.2, 6.91, 10.89, 3.84, 6.39, 1.01, 9.37, 2.98, 2.02, 2.08, 4.31, 3.67, 3.83, 3.59, 2.01, 4.05, 2.55, 6.98, 3.1, 2.06, 1.87, 11.21, 6.07, 5.36, 1.34, 2.04, 6.49, 15.62, 3.03, 2.01, 9.15, 3.6, 7.75, 7.99, 2.29, 8.73, 2.88, 1.1, 0.54, 3.16, 1.53, 11.74, 2.19, 2.29, 8.55, 0.0, 2.07, 1.97, 1.95, 3.89, 0.81, 1.18, 1.36, 2.89, 3.31, 4.04, 11.47, 5.28, 0.22, 3.86, 11.35, 1.51, 0.0, 4.32, 3.12, 1.99, 4.67, 3.21, 0.74, 7.29, 10.03, 15.54, 5.93, 4.67, 12.17, 3.64, 3.59, 10.99, 1.33, 5.08, 5.76, 11.5, 0.83, 6.58, 12.95, 4.65, 1.31, 1.9, 1.47, 1.05, 11.93, 5.48, 1.33, 6.6, 1.91, 6.05, 6.8, 5.8, 4.28], [4.87, 13.11, 10.62, 11.69, 3.81, 6.55, 1.75, 7.48, 0.0, 5.0, 7.56, 0.89, 4.3, 17.16, 3.84, 7.72, 4.08, 3.03, 7.61, 5.78, 5.69, 1.24, 9.03, 2.92, 8.16, 8.22, 3.88, 6.17, 8.29, 1.23, 6.64, 7.83, 10.82, 2.63, 8.78, 5.45, 13.78, 1.62, 3.96, 1.45, 7.87, 5.1, 9.39, 9.46, 3.67, 7.6, 1.45, 0.0, 4.72, 6.35, 1.44, 1.27, 6.72, 2.67, 3.92, 4.29, 2.72, 8.11, 8.13, 0.98, 12.18, 3.99, 7.15, 0.68, 16.86, 1.97, 3.49, 2.2, 2.08, 4.54, 16.76, 4.36, 15.64, 4.24, 1.15, 6.34, 3.25, 0.53, 4.09, 0.16, 7.55, 5.05, 9.66, 3.77, 9.77, 16.11, 2.02, 1.39, 0.78, 2.28, 0.64, 3.03, 4.56, 1.13, 0.81, 2.9, 14.62, 1.8, 2.26, 3.63], [10.66, 4.46, 11.14, 1.5, 6.99, 3.15, 3.33, 2.25, 3.24, 2.99, 1.64, 0.99, 3.03, 2.42, 2.63, 4.54, 5.91, 7.67, 2.93, 4.74, 1.44, 3.91, 3.05, 2.56, 2.9, 2.7, 4.8, 4.18, 6.0, 7.51, 7.98, 11.45, 10.93, 3.12, 4.07, 3.89, 3.74, 3.74, 0.7, 9.3, 6.63, 2.81, 3.08, 1.67, 7.57, 5.84, 5.11, 6.04, 0.0, 2.67, 2.38, 0.7, 2.1, 4.95, 3.28, 5.0, 6.4, 14.67, 2.05, 2.82, 7.68, 10.06, 0.48, 4.03, 12.11, 2.25, 0.85, 7.1, 2.4, 3.16, 6.22, 1.33, 5.56, 3.52, 0.45, 1.7, 5.75, 1.28, 1.66, 9.36, 3.83, 4.76, 2.65, 1.83, 2.16, 4.16, 5.3, 1.8, 7.53, 7.33, 1.52, 9.09, 2.59, 2.13, 12.2, 3.81, 11.77, 1.48, 4.69, 8.47], [4.85, 6.2, 2.44, 9.57, 5.17, 2.02, 3.93, 6.27, 4.42, 1.35, 0.88, 1.39, 5.73, 5.12, 5.72, 2.77, 5.85, 5.93, 11.24, 2.9, 3.13, 1.3, 10.52, 2.15, 2.01, 5.88, 1.48, 2.82, 7.73, 3.02, 8.22, 3.8, 3.79, 1.99, 3.5, 5.2, 2.95, 5.2, 1.18, 3.22, 6.76, 0.5, 4.41, 2.94, 2.87, 3.87, 3.62, 3.04, 4.85, 0.0, 1.47, 3.33, 2.0, 0.47, 5.32, 0.41, 2.37, 7.35, 5.46, 0.74, 1.89, 10.51, 3.85, 4.36, 10.86, 4.41, 2.31, 0.98, 3.99, 4.87, 6.79, 5.54, 8.11, 1.81, 0.72, 2.99, 9.84, 8.39, 7.85, 4.16, 6.31, 4.85, 10.11, 1.64, 3.08, 4.96, 8.32, 2.73, 5.64, 6.35, 5.58, 3.21, 6.32, 2.8, 6.97, 2.93, 2.5, 1.64, 3.48, 5.03], [9.91, 16.22, 2.85, 3.01, 2.48, 4.02, 4.52, 2.5, 5.74, 6.87, 8.09, 1.13, 1.03, 11.5, 8.19, 7.31, 4.47, 3.83, 8.45, 1.0, 4.42, 6.02, 4.15, 5.39, 4.25, 6.33, 10.6, 5.17, 16.49, 6.52, 4.53, 6.03, 16.53, 15.96, 2.74, 4.49, 1.57, 3.04, 1.64, 7.93, 6.58, 4.44, 13.52, 12.49, 8.28, 3.95, 3.93, 7.52, 3.71, 4.28, 0.0, 2.26, 7.43, 9.94, 7.44, 4.2, 7.41, 1.85, 1.77, 1.62, 3.69, 3.12, 0.34, 4.37, 15.11, 2.22, 0.4, 13.39, 6.02, 0.26, 2.18, 10.79, 7.02, 6.18, 1.02, 5.31, 0.67, 2.11, 4.38, 4.61, 14.99, 13.42, 7.82, 3.09, 5.89, 4.77, 8.11, 3.81, 6.98, 1.08, 3.7, 2.38, 15.0, 2.21, 4.79, 1.91, 15.66, 9.13, 3.64, 6.9], [13.72, 11.23, 8.91, 5.18, 0.97, 1.78, 0.92, 9.96, 4.02, 0.85, 1.77, 4.38, 2.64, 12.88, 1.07, 9.02, 1.71, 3.29, 12.38, 3.79, 2.83, 0.73, 3.86, 5.83, 6.28, 8.63, 4.45, 7.14, 7.01, 5.8, 1.98, 4.1, 8.46, 6.47, 5.83, 9.72, 2.43, 3.11, 0.68, 4.96, 11.25, 2.69, 9.01, 10.86, 1.32, 8.39, 1.47, 3.52, 0.7, 3.08, 2.2, 0.0, 3.44, 5.06, 4.36, 0.44, 1.66, 10.75, 1.79, 1.86, 12.7, 13.33, 1.7, 1.86, 9.76, 0.87, 1.75, 2.09, 6.03, 1.53, 7.35, 1.35, 9.35, 6.07, 0.76, 7.4, 1.04, 4.81, 6.59, 1.79, 9.59, 1.75, 9.26, 0.83, 9.6, 11.59, 8.68, 3.85, 2.57, 4.54, 1.64, 6.48, 5.55, 0.69, 6.62, 1.94, 4.93, 5.26, 3.89, 2.35], [3.42, 7.65, 6.8, 8.54, 1.88, 2.06, 1.53, 4.88, 2.8, 1.33, 0.29, 6.29, 5.59, 5.32, 1.33, 4.06, 6.08, 8.29, 2.18, 5.95, 3.87, 3.13, 6.11, 1.18, 3.12, 8.11, 3.61, 4.24, 7.44, 6.56, 4.94, 4.05, 1.15, 2.46, 6.73, 3.93, 4.7, 11.04, 4.83, 2.72, 6.82, 1.66, 4.14, 3.76, 0.94, 2.87, 4.16, 1.51, 3.76, 0.53, 5.22, 3.32, 0.0, 6.13, 0.79, 1.89, 3.19, 3.13, 5.77, 1.25, 5.5, 4.75, 1.31, 4.03, 6.02, 4.49, 6.69, 6.94, 1.18, 4.64, 5.92, 1.04, 11.03, 0.88, 2.19, 0.83, 11.14, 5.72, 3.74, 10.68, 3.97, 8.28, 2.71, 5.72, 10.2, 2.23, 1.37, 1.69, 4.23, 10.7, 2.03, 4.96, 5.72, 3.81, 3.84, 3.61, 3.97, 0.73, 5.23, 1.3], [3.62, 9.25, 8.28, 7.25, 1.01, 4.07, 1.46, 8.33, 2.65, 2.88, 3.02, 11.9, 9.0, 5.86, 6.86, 4.2, 6.23, 4.95, 11.4, 7.41, 6.79, 5.77, 12.77, 8.49, 4.43, 10.51, 0.0, 1.33, 15.71, 2.68, 11.83, 3.06, 2.75, 7.41, 1.64, 8.6, 10.35, 9.29, 4.27, 1.06, 2.33, 5.04, 6.87, 1.31, 1.39, 10.97, 1.5, 4.53, 6.47, 2.47, 9.69, 6.27, 0.85, 0.0, 1.39, 1.77, 1.87, 5.43, 1.59, 0.71, 11.49, 10.29, 8.86, 1.66, 12.05, 4.43, 3.23, 6.05, 1.78, 1.63, 5.54, 9.58, 2.57, 1.4, 2.92, 11.78, 2.75, 4.9, 4.11, 1.11, 2.3, 6.01, 10.93, 5.79, 5.77, 4.38, 2.19, 0.35, 2.05, 4.84, 4.51, 17.62, 3.77, 3.5, 0.92, 4.33, 7.3, 5.93, 14.99, 1.2], [5.59, 3.18, 6.1, 1.14, 5.91, 3.96, 2.97, 2.98, 1.81, 3.99, 3.59, 2.32, 5.75, 3.92, 1.35, 1.66, 9.89, 7.9, 2.86, 5.64, 1.05, 5.31, 6.88, 1.05, 0.38, 0.83, 5.27, 7.11, 10.05, 8.98, 12.08, 7.24, 3.42, 9.13, 1.52, 5.69, 2.05, 8.75, 2.05, 2.73, 9.59, 3.83, 2.25, 4.62, 5.07, 2.76, 2.16, 5.19, 0.49, 3.74, 3.97, 2.7, 2.86, 2.28, 0.0, 2.62, 8.52, 9.7, 5.44, 1.29, 7.54, 4.27, 1.17, 6.85, 8.82, 11.12, 5.36, 10.34, 6.97, 6.37, 2.48, 0.74, 8.65, 1.17, 4.25, 1.49, 8.95, 1.76, 8.0, 2.97, 9.07, 14.35, 4.26, 4.76, 5.18, 2.41, 2.22, 5.9, 9.36, 9.54, 8.74, 5.54, 7.51, 3.9, 5.42, 6.5, 2.22, 1.1, 4.76, 1.56], [1.4, 6.5, 2.21, 8.75, 0.65, 2.03, 0.76, 3.34, 3.24, 1.0, 3.75, 7.78, 5.87, 2.46, 4.24, 4.27, 3.45, 6.26, 4.84, 4.53, 3.06, 5.17, 10.02, 4.65, 2.17, 9.72, 1.68, 3.73, 7.22, 4.91, 1.27, 3.21, 12.76, 8.1, 4.86, 4.47, 6.93, 7.21, 1.35, 4.53, 8.35, 1.95, 4.49, 2.98, 1.91, 1.25, 2.68, 0.95, 2.5, 0.51, 0.74, 1.67, 3.54, 1.55, 5.74, 0.0, 2.52, 4.29, 6.68, 0.62, 7.93, 7.18, 3.41, 3.08, 6.98, 1.37, 1.57, 8.16, 1.79, 0.7, 3.41, 7.12, 1.61, 4.11, 4.88, 9.9, 8.3, 2.46, 1.65, 0.98, 2.17, 1.55, 9.39, 2.87, 8.05, 13.03, 3.97, 0.78, 1.51, 8.66, 3.6, 5.4, 3.18, 3.49, 7.28, 1.91, 10.32, 5.97, 8.23, 1.24], [13.04, 10.84, 6.49, 14.35, 2.08, 5.33, 0.29, 13.16, 2.03, 0.53, 5.69, 8.26, 4.59, 13.77, 2.81, 5.67, 4.55, 1.91, 4.58, 4.65, 6.8, 3.39, 5.43, 6.0, 4.61, 7.64, 0.54, 1.82, 16.37, 0.95, 1.8, 2.28, 11.67, 9.56, 7.32, 1.65, 3.45, 6.9, 1.12, 0.54, 5.79, 3.25, 1.67, 9.49, 0.96, 5.17, 3.6, 1.47, 4.35, 3.22, 8.5, 3.75, 4.79, 0.68, 7.26, 2.37, 0.0, 6.27, 4.27, 2.91, 1.87, 13.22, 7.18, 3.11, 4.22, 4.11, 8.59, 3.9, 2.32, 3.9, 9.4, 7.69, 11.46, 3.39, 8.24, 10.46, 3.14, 2.34, 5.17, 2.18, 1.62, 5.38, 5.28, 1.48, 9.74, 3.11, 6.46, 0.0, 2.47, 7.77, 2.71, 12.16, 3.64, 1.45, 3.73, 3.39, 8.34, 4.43, 13.47, 0.18], [4.79, 14.64, 2.4, 13.54, 1.45, 7.2, 10.23, 20.82, 3.38, 1.15, 4.26, 5.87, 2.29, 9.92, 13.03, 4.72, 4.3, 9.86, 4.21, 11.01, 3.32, 8.3, 2.32, 1.31, 13.52, 4.78, 6.82, 4.58, 9.78, 7.99, 4.27, 4.59, 13.41, 10.13, 18.44, 2.18, 5.29, 3.5, 6.87, 5.28, 0.27, 7.24, 4.79, 1.85, 8.58, 9.96, 1.99, 8.42, 6.74, 5.71, 13.61, 9.55, 5.96, 6.79, 6.89, 2.74, 5.76, 0.0, 14.08, 11.75, 15.16, 3.51, 7.53, 8.54, 7.32, 3.99, 4.5, 1.36, 12.67, 1.57, 4.95, 10.84, 8.84, 5.23, 6.09, 3.59, 5.93, 13.1, 4.51, 10.37, 0.29, 1.0, 12.03, 1.52, 18.09, 17.23, 10.5, 4.9, 10.1, 3.46, 2.22, 18.6, 0.45, 5.32, 4.51, 7.21, 5.81, 6.97, 6.31, 2.05], [12.35, 3.83, 6.82, 1.36, 11.84, 1.71, 9.96, 4.14, 1.82, 5.33, 5.83, 4.04, 0.11, 13.08, 2.61, 4.26, 10.23, 3.84, 2.13, 1.91, 4.99, 9.78, 6.02, 0.93, 0.6, 3.9, 3.77, 5.91, 7.03, 8.81, 5.58, 11.1, 7.09, 10.7, 3.68, 7.02, 3.85, 5.12, 1.75, 3.1, 12.88, 1.43, 13.3, 7.72, 6.66, 2.76, 7.0, 6.97, 2.8, 1.18, 1.75, 2.82, 2.21, 7.21, 4.35, 4.11, 5.1, 2.48, 0.0, 4.4, 3.05, 5.86, 2.58, 6.18, 8.07, 4.6, 0.55, 15.67, 7.04, 1.6, 8.23, 4.77, 3.55, 2.64, 1.06, 6.48, 4.41, 6.37, 8.39, 11.42, 10.96, 14.17, 8.64, 1.5, 4.12, 2.44, 7.73, 4.95, 10.08, 2.12, 9.49, 9.08, 2.37, 8.08, 2.97, 4.12, 7.36, 4.59, 2.67, 6.81], [8.96, 9.83, 8.3, 10.83, 0.82, 3.24, 3.22, 12.77, 0.84, 1.32, 7.18, 7.97, 2.88, 6.26, 7.9, 2.49, 5.15, 1.14, 7.62, 6.01, 5.79, 2.7, 9.78, 3.64, 8.41, 8.99, 2.25, 0.76, 9.96, 3.6, 6.5, 8.73, 15.11, 10.39, 9.75, 6.36, 2.19, 3.36, 0.77, 1.77, 1.57, 3.96, 5.73, 10.63, 1.86, 7.22, 0.51, 2.2, 6.04, 2.59, 2.1, 1.15, 4.99, 2.77, 6.94, 2.19, 0.98, 10.28, 8.22, 0.0, 3.98, 15.87, 2.69, 0.42, 7.53, 1.6, 3.39, 2.23, 0.89, 2.58, 6.49, 9.15, 8.18, 4.4, 0.85, 4.92, 5.63, 1.66, 1.46, 2.58, 4.08, 8.72, 1.94, 1.36, 9.25, 8.88, 4.6, 0.76, 0.93, 6.66, 0.62, 11.77, 6.46, 0.83, 6.36, 0.46, 12.58, 5.02, 6.05, 3.82], [5.22, 1.62, 13.95, 2.99, 13.85, 10.37, 12.2, 3.14, 10.99, 6.53, 4.09, 3.63, 4.5, 11.4, 4.13, 2.05, 14.8, 10.95, 8.1, 8.56, 4.11, 13.27, 2.43, 7.8, 3.23, 2.58, 13.65, 13.61, 2.5, 12.28, 12.87, 5.41, 7.06, 7.55, 0.64, 6.17, 3.9, 10.25, 11.06, 10.7, 12.62, 6.55, 13.27, 5.98, 5.19, 4.2, 5.1, 2.07, 6.24, 6.59, 8.61, 9.05, 6.54, 8.68, 5.85, 7.44, 13.2, 2.81, 5.36, 7.14, 0.0, 4.02, 8.96, 6.97, 2.72, 9.17, 6.73, 10.92, 10.6, 3.98, 0.71, 1.76, 0.73, 2.63, 2.59, 4.5, 7.8, 3.99, 11.84, 5.04, 12.86, 4.12, 5.83, 4.92, 3.53, 3.12, 4.88, 13.91, 8.17, 11.01, 9.99, 0.25, 10.45, 8.48, 8.52, 6.33, 6.75, 4.67, 4.53, 14.62], [2.45, 3.91, 8.39, 4.65, 9.42, 12.24, 12.2, 8.88, 11.7, 10.08, 2.82, 6.2, 3.19, 6.84, 5.28, 2.14, 12.56, 17.48, 3.4, 3.91, 9.15, 8.8, 4.06, 5.56, 5.95, 3.6, 9.56, 15.99, 2.91, 5.7, 15.95, 3.6, 2.67, 7.42, 6.4, 3.69, 0.88, 7.83, 7.21, 3.36, 9.74, 1.84, 8.13, 7.09, 4.31, 1.95, 12.04, 16.43, 4.79, 6.9, 7.12, 10.23, 8.92, 13.85, 3.03, 10.43, 2.53, 2.66, 3.38, 15.87, 2.74, 0.0, 6.1, 4.85, 6.5, 15.06, 8.63, 13.92, 17.71, 9.16, 0.84, 4.35, 2.47, 4.76, 7.55, 0.45, 14.65, 10.45, 4.51, 11.83, 10.62, 18.83, 4.86, 9.99, 5.78, 2.05, 1.34, 16.29, 17.52, 4.39, 15.47, 2.06, 15.53, 12.96, 5.82, 1.84, 5.41, 4.65, 10.91, 14.64], [1.59, 1.94, 9.72, 4.69, 11.94, 8.28, 6.52, 2.48, 3.69, 1.39, 8.99, 5.15, 3.55, 5.06, 4.68, 7.94, 2.06, 2.95, 13.6, 0.39, 2.97, 1.4, 15.24, 4.73, 5.87, 1.03, 4.02, 7.7, 2.59, 9.96, 5.07, 3.23, 12.54, 10.54, 3.35, 5.52, 8.72, 1.27, 2.74, 9.16, 11.97, 4.11, 9.41, 11.14, 6.71, 2.61, 1.63, 2.6, 2.12, 1.96, 0.68, 2.03, 7.2, 5.91, 2.26, 4.52, 3.87, 8.06, 2.51, 4.07, 6.71, 13.32, 0.0, 1.03, 5.0, 3.34, 0.0, 7.93, 2.72, 0.88, 12.54, 7.2, 11.72, 6.61, 0.0, 9.65, 3.17, 4.03, 12.09, 1.53, 1.81, 13.54, 7.1, 2.38, 1.55, 3.24, 8.51, 8.22, 5.11, 4.97, 1.38, 3.58, 8.48, 1.37, 4.21, 0.57, 2.1, 2.15, 0.99, 2.9], [5.39, 10.67, 6.4, 8.02, 6.19, 0.99, 1.76, 11.86, 1.57, 4.36, 4.58, 2.15, 6.66, 5.7, 2.72, 6.72, 2.57, 2.52, 13.18, 1.18, 1.26, 1.32, 13.45, 3.85, 2.1, 8.59, 3.94, 1.53, 4.81, 2.15, 1.53, 9.95, 11.2, 16.69, 7.62, 11.16, 2.84, 3.31, 1.04, 0.92, 10.17, 3.28, 11.26, 8.9, 2.04, 10.48, 0.0, 2.33, 3.43, 2.28, 3.34, 1.03, 6.35, 1.01, 1.4, 1.44, 0.44, 8.96, 6.77, 0.89, 12.94, 14.35, 1.89, 0.0, 13.39, 0.41, 2.3, 4.43, 2.0, 1.24, 11.08, 10.92, 15.36, 3.65, 4.31, 10.23, 1.61, 0.52, 6.81, 0.84, 9.25, 12.08, 10.72, 1.22, 4.76, 7.73, 3.84, 1.03, 0.56, 1.24, 1.01, 2.8, 10.11, 0.29, 6.03, 2.57, 4.53, 6.73, 3.66, 1.24], [0.92, 0.28, 5.79, 3.24, 10.06, 4.72, 7.09, 11.54, 7.6, 2.89, 4.43, 5.91, 6.87, 0.0, 4.64, 4.13, 5.02, 13.55, 2.03, 18.6, 8.75, 7.1, 0.34, 3.11, 7.97, 14.21, 6.58, 12.29, 0.64, 2.47, 3.08, 3.87, 1.64, 0.54, 5.4, 4.7, 1.69, 3.85, 10.26, 13.18, 6.18, 8.16, 2.17, 0.7, 13.38, 0.76, 5.24, 6.07, 7.08, 2.26, 11.04, 7.58, 7.17, 7.43, 3.43, 12.63, 10.4, 10.61, 4.17, 9.43, 9.0, 7.26, 14.46, 15.89, 0.0, 8.13, 1.8, 7.67, 3.48, 2.27, 2.06, 1.65, 5.24, 5.49, 13.18, 6.6, 18.31, 19.37, 2.39, 16.32, 3.03, 14.34, 0.57, 11.19, 7.71, 11.12, 5.3, 3.11, 11.48, 2.82, 2.04, 9.82, 2.32, 13.81, 10.25, 16.06, 0.46, 3.76, 15.71, 3.2], [4.36, 16.0, 14.87, 13.34, 9.04, 8.56, 2.88, 10.19, 1.95, 3.1, 3.95, 6.31, 3.38, 9.28, 10.6, 10.94, 1.42, 0.33, 15.24, 6.22, 1.44, 1.26, 8.79, 4.68, 10.59, 12.21, 0.78, 2.96, 16.17, 1.11, 1.11, 10.93, 12.08, 14.22, 3.89, 6.35, 6.2, 2.84, 6.32, 2.26, 5.87, 8.57, 10.59, 11.72, 0.82, 4.32, 0.5, 1.37, 7.03, 2.6, 3.69, 4.37, 8.97, 4.12, 3.47, 5.47, 2.85, 6.74, 1.68, 1.89, 7.59, 8.8, 5.49, 3.06, 3.96, 0.0, 2.6, 13.61, 0.72, 4.72, 8.38, 15.47, 2.41, 7.94, 1.57, 12.5, 2.69, 0.67, 15.99, 1.1, 8.72, 1.81, 18.7, 5.54, 9.68, 15.27, 16.04, 3.88, 2.19, 1.51, 0.42, 16.34, 7.59, 1.91, 2.58, 3.2, 4.25, 9.65, 5.32, 3.49], [9.14, 1.65, 8.71, 6.63, 11.3, 1.55, 6.06, 3.67, 8.03, 1.72, 8.74, 2.5, 1.68, 9.07, 2.85, 1.95, 5.62, 5.82, 5.49, 1.68, 0.85, 1.06, 5.78, 0.75, 5.51, 7.27, 5.01, 5.14, 2.91, 7.94, 2.17, 11.82, 7.6, 11.88, 1.74, 7.77, 8.79, 1.3, 2.43, 1.41, 11.76, 3.08, 3.68, 10.27, 1.02, 1.91, 2.17, 3.3, 1.44, 2.66, 0.46, 1.1, 2.03, 9.12, 4.32, 3.54, 8.36, 9.38, 1.73, 4.96, 5.32, 7.29, 0.0, 1.91, 6.39, 3.01, 0.0, 14.21, 5.39, 0.22, 12.17, 2.8, 7.6, 4.68, 0.0, 2.86, 2.82, 1.66, 12.59, 2.01, 7.13, 6.69, 14.73, 1.82, 0.85, 6.4, 5.68, 3.29, 2.5, 3.22, 4.6, 6.76, 5.07, 1.0, 8.44, 0.49, 10.66, 4.06, 2.99, 1.43], [9.02, 10.23, 1.71, 3.16, 4.12, 3.1, 7.72, 18.86, 11.18, 6.67, 4.21, 9.42, 15.84, 4.08, 6.91, 3.83, 5.99, 5.63, 2.11, 7.43, 2.64, 9.77, 0.88, 4.35, 3.97, 18.08, 7.09, 1.7, 3.56, 7.03, 15.33, 2.08, 1.3, 3.63, 5.2, 2.75, 5.59, 7.0, 6.51, 2.67, 3.8, 5.01, 0.47, 3.2, 8.03, 8.19, 7.24, 10.42, 12.61, 0.88, 10.9, 5.58, 1.82, 5.44, 6.03, 7.97, 3.5, 3.71, 12.01, 7.43, 2.88, 5.17, 1.8, 5.28, 5.65, 9.22, 3.9, 0.0, 13.17, 2.65, 14.77, 0.95, 14.23, 8.48, 11.17, 1.95, 5.68, 12.5, 4.54, 3.25, 1.1, 4.79, 1.73, 7.99, 2.64, 9.99, 1.7, 1.07, 6.84, 15.03, 6.77, 7.59, 0.64, 1.71, 6.72, 7.84, 2.91, 2.15, 18.59, 3.48], [15.46, 2.84, 14.11, 4.65, 9.21, 10.29, 1.88, 15.41, 0.81, 6.75, 6.48, 3.14, 5.96, 13.95, 3.55, 12.31, 0.5, 0.45, 11.06, 5.9, 6.28, 0.48, 12.85, 1.61, 2.9, 13.02, 1.91, 5.76, 3.18, 1.0, 5.85, 11.33, 5.65, 5.11, 8.99, 4.76, 7.04, 0.54, 3.61, 0.66, 7.95, 7.84, 10.33, 13.11, 1.92, 3.02, 1.79, 2.02, 6.4, 8.47, 4.66, 6.05, 6.67, 5.2, 11.85, 6.45, 4.91, 9.15, 10.38, 2.53, 16.57, 3.06, 5.32, 3.11, 11.45, 0.86, 2.83, 4.35, 0.0, 6.8, 14.85, 14.92, 6.87, 5.2, 7.6, 9.99, 4.31, 1.15, 8.32, 1.21, 6.94, 12.41, 6.08, 0.76, 7.79, 11.97, 14.96, 1.24, 0.84, 1.18, 0.69, 10.67, 7.33, 0.47, 8.64, 0.76, 4.03, 8.4, 12.11, 5.89], [15.04, 6.78, 5.49, 1.17, 9.66, 1.66, 1.87, 2.63, 3.34, 2.06, 6.81, 5.52, 2.68, 12.86, 6.28, 7.08, 6.3, 0.83, 4.23, 1.22, 0.45, 1.63, 12.23, 5.32, 2.05, 2.17, 5.29, 9.03, 14.38, 3.09, 5.65, 3.81, 12.95, 4.34, 1.89, 9.72, 7.6, 0.85, 2.49, 5.12, 6.12, 5.09, 6.58, 5.68, 3.84, 9.88, 1.95, 3.8, 1.31, 3.19, 1.36, 0.66, 1.98, 2.44, 2.35, 3.01, 2.28, 7.08, 3.79, 2.44, 9.97, 3.52, 1.17, 0.79, 7.92, 3.22, 0.15, 6.03, 6.84, 0.0, 2.29, 12.3, 9.06, 3.55, 1.22, 9.95, 2.67, 5.36, 4.95, 3.77, 12.07, 9.28, 3.94, 1.59, 7.6, 9.56, 10.27, 4.08, 5.59, 3.48, 4.63, 5.78, 2.68, 2.04, 5.16, 0.88, 8.0, 6.56, 1.16, 7.63], [1.07, 5.71, 14.14, 6.25, 5.1, 3.34, 12.88, 1.08, 6.81, 8.27, 1.97, 16.33, 10.74, 1.44, 3.34, 2.93, 12.51, 6.54, 8.81, 10.17, 7.88, 5.13, 7.0, 1.54, 1.28, 3.75, 5.73, 6.33, 3.05, 4.88, 3.4, 3.92, 2.48, 9.39, 6.13, 1.89, 3.83, 15.23, 8.57, 15.15, 15.86, 3.21, 11.83, 5.57, 11.12, 4.32, 7.56, 4.21, 5.37, 9.35, 11.37, 2.51, 2.88, 15.18, 2.68, 6.08, 12.07, 7.83, 3.8, 10.59, 1.99, 0.52, 4.76, 1.62, 6.03, 3.2, 12.81, 5.97, 3.93, 2.37, 0.0, 2.89, 3.37, 3.79, 6.11, 2.93, 14.53, 12.85, 10.15, 8.78, 17.48, 11.38, 2.58, 3.98, 3.62, 3.23, 2.8, 4.22, 13.71, 7.35, 12.17, 0.8, 3.84, 16.06, 15.04, 10.09, 4.32, 2.16, 8.82, 1.89], [2.09, 0.9, 5.44, 2.88, 10.64, 7.69, 9.24, 5.35, 11.7, 6.43, 4.37, 7.99, 8.75, 2.04, 5.38, 3.52, 12.3, 11.06, 5.71, 8.65, 3.8, 6.65, 2.8, 2.35, 1.46, 2.05, 8.71, 2.15, 1.67, 3.69, 5.86, 1.0, 1.68, 3.62, 8.9, 4.26, 5.76, 4.87, 7.98, 9.52, 2.89, 7.34, 5.56, 5.54, 12.28, 0.92, 7.3, 9.04, 7.81, 1.45, 9.3, 10.83, 4.99, 10.93, 5.91, 9.47, 1.77, 13.21, 2.73, 13.19, 5.97, 5.61, 8.43, 4.06, 0.96, 9.66, 6.09, 3.9, 9.95, 12.55, 1.0, 0.0, 3.9, 3.3, 12.39, 1.66, 14.22, 16.59, 3.64, 10.59, 10.98, 12.16, 2.15, 1.9, 10.89, 5.21, 3.15, 2.39, 7.93, 15.34, 5.42, 5.08, 7.08, 9.18, 14.78, 7.01, 1.55, 0.53, 1.6, 6.85], [8.89, 6.49, 4.21, 3.15, 7.16, 6.38, 2.67, 3.89, 17.99, 7.86, 4.93, 11.06, 8.12, 7.96, 5.27, 1.79, 3.74, 16.45, 6.47, 5.83, 9.37, 19.18, 3.3, 3.75, 4.72, 2.28, 8.59, 18.44, 3.09, 7.5, 7.1, 14.67, 5.52, 9.18, 4.41, 7.69, 2.8, 15.21, 12.66, 8.98, 12.84, 8.0, 4.08, 12.43, 8.03, 3.19, 8.63, 9.18, 5.02, 5.25, 7.04, 2.33, 9.56, 13.68, 5.25, 4.34, 15.79, 5.12, 4.61, 3.82, 0.54, 1.2, 1.57, 8.34, 1.51, 16.5, 8.54, 13.54, 13.8, 2.25, 3.37, 6.69, 0.0, 9.37, 11.34, 4.47, 8.74, 7.11, 12.59, 11.86, 20.16, 3.38, 4.82, 7.44, 3.39, 0.37, 5.83, 10.51, 17.32, 5.49, 4.19, 1.07, 6.04, 7.98, 3.99, 8.77, 4.74, 8.02, 5.66, 9.1], [3.71, 5.2, 6.59, 7.04, 8.06, 1.37, 2.53, 6.03, 4.33, 2.26, 0.37, 6.04, 2.13, 8.38, 4.18, 2.29, 10.15, 8.77, 2.88, 2.57, 1.32, 6.17, 2.47, 0.84, 3.52, 6.95, 5.15, 7.34, 2.34, 2.02, 12.92, 7.42, 8.98, 4.82, 1.96, 4.4, 3.77, 1.37, 3.19, 1.84, 7.54, 1.74, 7.03, 3.2, 3.21, 3.36, 2.93, 1.38, 3.92, 3.49, 2.6, 4.71, 0.52, 7.75, 0.67, 1.79, 5.12, 6.5, 7.61, 2.6, 9.81, 7.49, 2.27, 5.8, 1.34, 5.75, 3.16, 5.36, 10.76, 4.55, 3.54, 1.27, 5.44, 0.0, 1.4, 1.65, 8.62, 4.54, 4.71, 11.33, 5.71, 14.14, 2.2, 3.31, 4.57, 10.57, 2.61, 7.95, 1.89, 10.71, 2.82, 9.57, 5.44, 5.51, 7.65, 4.23, 4.17, 1.26, 8.49, 1.24], [6.41, 10.0, 6.74, 3.8, 2.32, 4.86, 4.67, 1.92, 3.61, 2.13, 7.36, 4.73, 3.27, 9.4, 6.37, 1.07, 1.69, 3.77, 5.32, 1.55, 3.06, 1.71, 9.51, 4.16, 1.28, 2.34, 1.4, 9.63, 11.85, 10.18, 5.91, 14.57, 11.65, 15.84, 4.14, 4.95, 5.02, 3.88, 0.7, 6.45, 13.44, 0.91, 11.6, 6.49, 4.33, 1.64, 3.64, 5.99, 2.81, 1.8, 0.54, 1.99, 2.39, 7.59, 2.21, 1.4, 3.28, 5.14, 2.0, 2.78, 6.11, 7.41, 0.0, 1.45, 2.94, 6.99, 0.0, 11.91, 4.9, 1.02, 10.3, 4.58, 3.22, 1.88, 0.0, 5.35, 3.27, 2.68, 10.35, 3.42, 3.67, 3.28, 14.31, 1.04, 1.36, 7.47, 8.59, 7.71, 1.57, 3.68, 1.01, 6.82, 14.27, 1.27, 6.35, 0.75, 3.17, 4.2, 0.68, 1.77], [5.66, 5.34, 6.47, 3.24, 13.9, 1.01, 6.07, 8.67, 4.55, 7.4, 6.01, 1.81, 2.22, 4.69, 1.47, 0.56, 9.66, 11.93, 3.72, 10.93, 3.87, 1.92, 3.66, 4.54, 3.21, 3.3, 11.75, 4.16, 7.0, 3.91, 2.32, 7.02, 5.07, 6.65, 3.01, 6.83, 1.34, 13.17, 5.98, 5.1, 7.58, 2.03, 3.93, 4.56, 9.92, 0.78, 2.87, 2.76, 6.14, 7.07, 9.01, 7.12, 2.68, 10.25, 4.08, 5.52, 7.16, 9.25, 3.66, 7.08, 0.92, 0.98, 6.02, 11.33, 1.43, 3.75, 7.66, 4.45, 9.02, 9.95, 1.9, 3.04, 2.84, 0.68, 6.61, 0.0, 3.79, 15.42, 6.74, 6.28, 12.91, 18.11, 4.86, 1.31, 0.84, 7.33, 0.66, 2.73, 1.98, 9.98, 8.98, 0.92, 12.1, 8.58, 13.38, 8.65, 5.36, 0.2, 2.13, 10.86], [9.42, 3.71, 12.61, 2.55, 12.51, 8.72, 5.27, 4.76, 6.93, 1.85, 10.69, 1.18, 4.32, 2.3, 4.82, 5.29, 5.7, 2.73, 13.69, 0.11, 6.62, 4.97, 12.42, 3.72, 9.53, 8.81, 2.58, 6.41, 10.21, 4.02, 4.07, 9.13, 18.79, 15.6, 2.32, 6.77, 1.63, 2.46, 6.09, 10.21, 12.59, 1.64, 14.73, 7.04, 6.66, 11.31, 3.78, 7.88, 1.46, 2.91, 0.59, 4.65, 11.44, 10.53, 6.73, 7.32, 10.32, 7.48, 4.37, 5.07, 7.92, 14.14, 2.23, 4.66, 2.41, 3.55, 2.58, 8.68, 1.56, 1.56, 12.44, 6.8, 1.8, 4.48, 1.52, 9.89, 0.0, 1.01, 9.33, 9.03, 8.62, 18.66, 13.57, 3.92, 4.23, 8.62, 6.79, 2.57, 3.42, 0.92, 4.84, 12.62, 3.31, 4.79, 7.5, 0.6, 13.08, 1.7, 0.83, 1.2], [11.15, 7.98, 13.31, 12.35, 1.16, 3.63, 4.69, 4.83, 0.7, 5.54, 9.8, 3.56, 7.1, 9.59, 9.47, 3.25, 1.36, 0.24, 19.58, 1.37, 8.18, 1.41, 12.56, 4.46, 10.73, 7.29, 7.62, 1.64, 2.84, 4.47, 3.65, 13.51, 19.69, 20.4, 1.62, 14.25, 3.09, 2.55, 1.35, 3.2, 6.53, 2.91, 4.58, 7.15, 2.42, 13.1, 2.14, 1.56, 5.7, 2.67, 5.46, 4.65, 1.91, 5.78, 11.51, 6.26, 2.87, 12.15, 8.63, 2.66, 2.2, 18.86, 4.13, 0.8, 2.8, 0.71, 6.26, 3.23, 1.28, 4.95, 10.39, 15.46, 15.03, 8.37, 1.51, 9.95, 1.42, 0.0, 5.84, 1.36, 5.07, 13.51, 16.6, 5.31, 3.99, 12.94, 7.35, 2.63, 3.0, 4.9, 1.03, 16.91, 5.46, 2.96, 1.81, 3.49, 2.05, 6.21, 9.32, 1.72], [4.59, 4.56, 1.42, 3.9, 7.43, 2.48, 5.57, 4.01, 3.16, 3.94, 1.94, 13.07, 1.85, 2.67, 5.93, 8.21, 6.87, 12.9, 2.96, 2.15, 4.75, 13.15, 1.7, 7.23, 8.71, 11.05, 8.19, 9.2, 1.53, 3.21, 12.21, 1.55, 0.91, 1.39, 10.82, 0.45, 5.88, 15.76, 2.11, 5.62, 6.79, 4.28, 1.26, 1.38, 7.82, 2.35, 11.09, 1.73, 9.01, 4.3, 11.44, 9.02, 2.66, 7.14, 3.53, 5.68, 4.79, 6.2, 11.9, 12.61, 11.78, 1.07, 4.6, 10.99, 2.12, 12.75, 5.6, 4.68, 9.85, 6.32, 8.09, 3.88, 3.95, 4.93, 7.16, 6.23, 12.98, 3.26, 0.0, 7.33, 0.92, 12.25, 2.82, 1.7, 7.06, 4.27, 4.65, 3.85, 10.26, 5.93, 3.19, 5.38, 5.23, 12.4, 8.26, 10.47, 0.3, 6.25, 4.3, 1.52], [15.98, 18.38, 14.48, 14.32, 5.03, 1.2, 0.87, 18.17, 0.69, 5.92, 3.09, 4.77, 11.15, 6.93, 11.01, 10.67, 3.84, 0.65, 2.19, 7.95, 9.57, 0.22, 4.79, 2.08, 2.83, 5.38, 2.41, 5.24, 5.7, 2.21, 2.65, 2.97, 6.44, 11.33, 3.7, 8.31, 2.99, 5.36, 5.44, 2.31, 7.66, 3.69, 6.18, 6.46, 3.52, 7.86, 0.96, 0.24, 3.35, 2.27, 5.28, 4.89, 4.44, 1.65, 2.23, 0.82, 2.78, 11.33, 5.98, 2.42, 13.63, 9.32, 8.71, 2.29, 8.22, 2.15, 8.02, 9.49, 0.36, 5.29, 8.18, 3.38, 14.54, 7.14, 2.48, 15.16, 3.94, 2.48, 10.57, 0.0, 11.0, 7.7, 5.1, 6.27, 1.98, 13.72, 4.05, 3.52, 1.26, 7.61, 0.68, 6.16, 12.99, 2.77, 3.97, 6.56, 8.71, 11.02, 6.62, 3.06], [6.2, 8.24, 4.32, 12.83, 1.29, 4.06, 6.01, 5.19, 7.48, 6.56, 2.15, 3.96, 10.76, 9.89, 9.16, 9.04, 11.95, 8.34, 1.65, 11.24, 2.42, 10.46, 7.28, 4.66, 6.88, 3.75, 3.71, 0.72, 9.89, 2.97, 16.0, 3.3, 4.29, 1.87, 3.32, 3.8, 11.99, 10.58, 1.9, 2.84, 1.25, 2.86, 0.67, 0.85, 5.99, 2.29, 11.01, 5.79, 9.81, 1.21, 3.44, 4.13, 4.56, 3.89, 8.95, 5.49, 3.99, 0.96, 12.26, 3.01, 10.49, 16.67, 10.54, 5.0, 10.34, 4.64, 11.78, 2.56, 3.22, 6.91, 3.58, 5.33, 18.7, 4.22, 12.48, 3.45, 7.57, 7.92, 8.04, 8.02, 0.0, 0.7, 2.37, 1.28, 2.35, 9.17, 4.17, 6.06, 9.08, 12.77, 9.69, 14.06, 0.63, 9.37, 3.11, 5.13, 1.49, 7.76, 13.96, 2.5], [14.68, 11.73, 4.64, 19.39, 3.65, 10.44, 5.84, 20.24, 9.56, 9.83, 6.7, 14.81, 11.33, 9.58, 5.69, 14.62, 14.72, 14.72, 14.1, 3.78, 3.67, 3.99, 14.75, 5.44, 11.74, 16.86, 0.8, 3.13, 2.12, 5.3, 18.82, 10.7, 10.24, 5.76, 7.11, 4.31, 19.11, 12.32, 5.64, 1.88, 2.31, 8.67, 7.06, 8.39, 6.0, 7.52, 4.97, 8.08, 6.01, 9.99, 2.75, 8.67, 5.89, 2.31, 5.22, 3.09, 6.05, 0.69, 9.91, 9.84, 18.87, 2.31, 15.45, 2.91, 12.15, 4.32, 14.24, 6.26, 13.26, 7.3, 6.72, 6.15, 20.46, 10.13, 2.11, 12.44, 14.35, 8.26, 9.6, 5.02, 1.81, 0.0, 9.37, 8.29, 16.04, 11.85, 8.68, 4.12, 2.5, 14.54, 4.62, 4.54, 0.84, 2.49, 1.16, 11.69, 9.73, 9.99, 18.48, 5.71], [0.35, 0.26, 5.54, 9.74, 8.33, 3.0, 6.33, 2.35, 5.73, 4.79, 7.35, 13.25, 6.28, 0.38, 5.1, 5.62, 11.44, 16.52, 2.92, 12.49, 7.08, 8.47, 0.52, 6.37, 4.6, 7.99, 10.95, 8.05, 2.65, 8.27, 17.66, 4.34, 1.73, 1.42, 4.84, 1.64, 6.0, 3.79, 1.69, 7.22, 9.41, 7.95, 7.24, 4.94, 13.31, 4.13, 13.72, 14.64, 1.26, 6.98, 10.64, 6.6, 1.45, 13.75, 4.02, 4.46, 14.35, 6.98, 6.32, 11.65, 3.84, 5.96, 11.95, 13.76, 0.33, 16.41, 3.69, 3.35, 8.26, 11.7, 1.92, 1.2, 11.92, 1.85, 5.45, 3.27, 8.96, 4.41, 3.57, 12.61, 1.48, 7.4, 0.0, 2.51, 9.62, 12.48, 3.58, 10.73, 10.43, 12.35, 11.49, 8.08, 1.66, 10.65, 11.05, 13.76, 2.7, 1.14, 6.5, 8.9], [12.93, 1.49, 7.6, 7.62, 7.41, 3.99, 2.57, 10.13, 3.96, 1.03, 1.59, 6.83, 4.0, 6.65, 3.48, 8.07, 0.84, 2.18, 14.78, 2.47, 0.91, 5.55, 6.15, 3.4, 3.47, 2.94, 2.64, 1.38, 4.68, 7.74, 6.3, 9.71, 3.74, 3.17, 4.09, 2.81, 2.89, 0.67, 0.98, 0.74, 2.15, 1.07, 3.33, 5.29, 3.94, 3.53, 2.1, 4.28, 1.81, 3.56, 3.45, 0.54, 3.09, 3.6, 1.29, 1.99, 2.25, 1.58, 1.9, 0.64, 3.73, 10.55, 1.7, 2.53, 8.11, 4.6, 1.83, 10.14, 6.03, 0.64, 8.36, 8.6, 3.52, 1.4, 0.56, 2.2, 6.06, 1.62, 10.1, 6.66, 6.02, 10.07, 3.56, 0.0, 4.23, 1.67, 3.95, 3.87, 3.55, 0.76, 3.94, 11.43, 3.04, 2.93, 4.65, 0.31, 10.61, 4.06, 1.91, 4.88], [10.45, 5.81, 12.77, 0.89, 3.41, 2.5, 9.48, 1.66, 7.02, 5.77, 3.21, 9.51, 1.96, 2.66, 1.09, 5.56, 7.89, 5.29, 3.31, 6.05, 7.59, 9.17, 10.19, 5.21, 2.77, 0.7, 16.18, 11.55, 6.44, 1.89, 8.01, 15.62, 3.15, 9.38, 0.82, 6.26, 3.38, 1.81, 8.34, 13.45, 18.79, 6.91, 1.7, 4.83, 11.28, 8.56, 6.07, 13.85, 2.04, 5.39, 8.78, 8.93, 6.23, 5.57, 3.33, 3.19, 11.59, 11.01, 3.69, 3.15, 2.95, 4.22, 2.72, 8.62, 5.46, 9.06, 4.62, 11.15, 11.18, 7.55, 1.97, 9.85, 2.26, 7.73, 2.39, 1.0, 4.98, 5.1, 5.4, 9.37, 2.13, 3.43, 2.26, 7.49, 0.0, 1.36, 2.2, 9.66, 9.8, 8.17, 11.63, 2.34, 17.61, 6.12, 2.2, 5.09, 7.43, 3.06, 0.65, 8.16], [10.57, 3.35, 17.2, 0.87, 18.49, 12.03, 4.54, 0.55, 4.01, 5.82, 4.48, 12.9, 5.85, 13.86, 3.72, 6.55, 16.11, 8.08, 4.12, 2.98, 4.77, 17.18, 4.27, 4.34, 1.93, 0.48, 15.49, 3.89, 11.15, 11.41, 6.97, 8.93, 2.43, 9.2, 2.23, 4.76, 3.12, 11.8, 3.99, 17.91, 10.91, 9.88, 13.46, 13.0, 5.86, 1.09, 7.79, 4.4, 3.42, 8.73, 4.6, 4.34, 3.41, 5.28, 3.21, 9.07, 5.24, 4.39, 4.56, 2.31, 3.42, 3.97, 5.32, 13.64, 7.55, 4.91, 1.24, 3.28, 3.7, 5.63, 6.69, 8.72, 2.27, 1.25, 3.35, 7.56, 2.82, 1.74, 5.36, 7.33, 9.33, 10.14, 3.24, 3.02, 0.72, 0.0, 5.7, 6.12, 14.68, 7.85, 3.87, 4.09, 10.18, 13.13, 9.24, 3.12, 14.29, 2.83, 1.94, 16.04], [4.67, 2.87, 10.85, 1.96, 14.21, 3.63, 2.77, 5.1, 7.64, 2.66, 1.12, 13.95, 1.29, 4.25, 3.38, 0.37, 7.29, 2.55, 8.08, 2.91, 1.15, 10.59, 2.94, 3.63, 1.64, 5.98, 5.73, 2.01, 2.39, 2.15, 16.11, 3.85, 5.13, 5.65, 4.45, 1.93, 0.73, 8.12, 2.62, 3.16, 2.55, 6.89, 5.66, 2.82, 10.33, 2.49, 2.82, 13.28, 6.73, 2.34, 9.79, 4.44, 5.37, 9.63, 4.73, 5.9, 8.78, 9.99, 7.18, 11.12, 3.97, 2.2, 5.04, 3.94, 4.31, 4.35, 9.29, 3.33, 14.46, 3.56, 0.73, 0.99, 2.14, 3.54, 6.11, 0.32, 7.21, 4.09, 3.31, 2.85, 12.95, 14.89, 2.46, 4.68, 3.69, 7.86, 0.0, 8.2, 8.37, 7.06, 2.57, 4.17, 9.23, 7.87, 4.98, 6.26, 4.74, 2.2, 9.64, 3.67], [14.93, 4.63, 2.3, 9.36, 1.71, 4.05, 1.99, 3.55, 1.87, 3.33, 4.91, 2.46, 5.14, 7.58, 8.05, 10.57, 1.42, 4.39, 6.93, 4.55, 6.87, 1.24, 10.27, 5.75, 7.98, 5.05, 1.12, 0.92, 2.04, 1.72, 4.62, 8.03, 14.88, 6.86, 2.88, 3.4, 11.09, 4.96, 4.91, 0.91, 2.87, 0.91, 7.85, 5.89, 0.82, 2.26, 3.82, 2.86, 5.26, 2.77, 8.45, 4.68, 3.01, 1.04, 1.8, 0.34, 0.0, 3.39, 1.76, 2.45, 15.62, 15.74, 3.68, 2.66, 5.96, 0.71, 5.51, 1.41, 4.47, 6.62, 9.61, 5.84, 12.06, 4.07, 3.0, 10.68, 8.1, 1.0, 4.24, 3.71, 6.59, 1.78, 12.01, 4.72, 3.98, 12.53, 4.54, 0.0, 2.78, 5.84, 1.34, 11.74, 8.41, 0.64, 3.86, 4.42, 10.54, 3.47, 10.66, 0.37], [9.94, 10.21, 10.87, 4.87, 3.53, 6.21, 0.76, 2.57, 0.94, 4.57, 3.17, 2.77, 10.13, 12.41, 11.11, 5.11, 4.13, 2.11, 8.76, 4.84, 1.92, 0.35, 8.96, 6.65, 10.97, 7.24, 0.96, 2.29, 13.55, 1.0, 6.46, 3.57, 11.78, 12.74, 6.6, 6.99, 6.47, 1.6, 2.0, 2.73, 9.26, 5.23, 10.84, 12.38, 2.26, 9.95, 1.17, 0.57, 3.84, 4.41, 1.25, 1.09, 6.08, 2.51, 1.46, 1.91, 1.46, 1.78, 7.66, 1.52, 15.67, 3.62, 2.19, 0.9, 16.62, 0.5, 6.07, 1.51, 2.71, 4.49, 8.81, 9.88, 17.87, 8.13, 2.05, 11.99, 4.54, 2.58, 6.92, 1.79, 6.13, 5.51, 2.67, 2.33, 2.26, 11.48, 6.96, 0.38, 0.0, 2.41, 0.0, 14.15, 8.32, 0.63, 6.84, 1.74, 6.84, 6.97, 4.2, 3.94], [2.75, 9.97, 12.12, 3.85, 1.78, 9.26, 6.06, 5.33, 7.33, 2.22, 5.02, 0.95, 2.06, 2.5, 7.58, 2.39, 3.39, 0.56, 12.95, 0.84, 4.86, 1.89, 13.41, 11.11, 9.93, 4.12, 2.49, 9.41, 20.47, 9.47, 1.16, 18.41, 12.95, 13.87, 10.62, 10.61, 2.03, 1.64, 5.27, 8.11, 15.94, 5.45, 11.39, 8.7, 6.77, 14.07, 1.43, 5.29, 1.21, 1.31, 2.99, 0.75, 3.98, 2.76, 1.26, 1.71, 1.37, 16.95, 1.09, 1.71, 5.88, 10.35, 2.46, 1.31, 15.4, 2.79, 1.03, 3.08, 1.59, 3.9, 1.97, 3.38, 16.24, 11.04, 4.03, 1.88, 1.08, 3.98, 2.49, 5.73, 15.54, 8.75, 14.66, 2.13, 7.71, 8.65, 14.69, 4.33, 5.2, 0.0, 2.5, 11.71, 15.67, 5.02, 7.37, 1.85, 7.73, 2.65, 5.3, 10.58], [2.42, 6.55, 4.52, 6.0, 4.43, 6.48, 1.94, 2.88, 0.83, 3.3, 9.06, 1.0, 6.81, 4.31, 12.5, 5.7, 4.08, 1.61, 15.03, 1.29, 6.8, 2.11, 15.11, 4.01, 3.64, 8.77, 4.18, 3.58, 10.01, 0.67, 7.52, 10.92, 4.48, 8.68, 10.0, 8.27, 12.93, 4.04, 4.97, 2.19, 3.71, 2.73, 10.18, 7.47, 0.92, 9.2, 1.39, 0.7, 2.57, 4.29, 6.37, 2.78, 8.56, 2.51, 6.44, 3.97, 1.92, 3.8, 7.1, 0.89, 6.7, 15.13, 3.93, 1.64, 9.67, 0.7, 3.5, 5.53, 2.09, 2.68, 11.07, 9.23, 9.69, 4.42, 5.72, 11.0, 5.13, 0.77, 2.26, 0.99, 7.73, 6.51, 5.9, 4.09, 5.48, 9.38, 4.23, 1.73, 0.0, 4.14, 0.0, 6.54, 8.63, 0.78, 7.77, 1.78, 6.33, 2.37, 4.35, 1.11], [4.58, 7.98, 10.81, 4.31, 7.81, 7.07, 4.59, 2.96, 16.82, 6.41, 6.81, 3.98, 5.53, 9.42, 4.79, 3.92, 3.81, 12.51, 10.34, 14.73, 8.2, 2.47, 4.94, 6.62, 5.69, 1.98, 13.02, 11.16, 5.66, 20.38, 8.46, 11.78, 8.94, 5.39, 4.57, 6.34, 1.46, 4.7, 1.43, 15.01, 10.04, 4.6, 3.47, 8.04, 6.75, 6.43, 11.08, 5.73, 3.39, 8.54, 1.92, 6.1, 3.05, 14.61, 2.84, 7.8, 14.28, 10.51, 6.74, 10.96, 0.67, 0.63, 12.28, 13.18, 2.39, 13.84, 11.54, 2.7, 11.68, 1.6, 1.56, 0.9, 0.36, 6.96, 4.76, 2.49, 3.58, 15.08, 6.86, 15.62, 18.56, 21.11, 7.08, 12.61, 3.8, 5.75, 1.95, 3.13, 3.42, 16.58, 7.27, 0.0, 11.5, 6.25, 8.36, 3.62, 7.01, 5.86, 6.05, 17.93], [9.29, 5.22, 1.69, 7.45, 1.91, 1.91, 6.38, 10.49, 1.38, 4.52, 3.11, 12.2, 11.96, 1.46, 12.97, 11.86, 8.55, 13.06, 8.54, 4.67, 9.94, 9.12, 6.76, 2.49, 5.84, 3.81, 1.59, 4.78, 2.12, 3.21, 6.16, 2.36, 5.9, 3.18, 9.42, 3.3, 10.22, 6.13, 3.9, 4.73, 1.76, 5.54, 1.07, 2.16, 4.25, 6.91, 10.9, 8.46, 1.74, 7.63, 10.98, 6.08, 1.51, 4.43, 5.64, 4.47, 8.37, 0.86, 4.15, 8.5, 7.04, 13.76, 7.11, 10.12, 6.05, 1.92, 6.43, 0.55, 3.74, 13.57, 6.39, 2.84, 5.29, 6.1, 10.12, 8.39, 3.38, 2.42, 3.75, 1.87, 0.25, 0.74, 7.9, 4.48, 16.65, 18.67, 8.0, 6.27, 1.26, 4.65, 1.85, 17.21, 0.0, 10.2, 3.31, 4.45, 4.2, 7.59, 5.57, 8.22], [8.69, 16.21, 1.55, 3.34, 3.23, 4.66, 1.59, 5.54, 1.59, 4.07, 2.76, 6.24, 8.52, 11.12, 11.34, 10.83, 1.92, 2.92, 17.64, 2.53, 6.88, 1.28, 10.5, 7.14, 1.61, 6.68, 1.03, 2.6, 18.65, 3.42, 3.31, 5.53, 15.81, 7.34, 6.37, 7.71, 8.96, 2.1, 1.82, 1.31, 10.37, 3.2, 6.44, 9.24, 2.51, 9.07, 1.07, 1.99, 3.63, 1.6, 2.5, 2.5, 3.1, 3.38, 8.62, 1.55, 1.05, 1.43, 4.12, 0.25, 7.93, 12.14, 4.37, 0.19, 6.75, 0.83, 5.4, 6.83, 1.81, 4.0, 16.37, 2.96, 4.55, 7.17, 1.09, 11.51, 4.62, 1.3, 8.67, 1.29, 6.45, 7.94, 11.34, 1.5, 12.35, 8.63, 10.4, 1.63, 0.58, 0.93, 0.34, 10.32, 11.43, 0.0, 1.33, 2.97, 2.31, 7.37, 11.99, 3.45], [14.22, 11.9, 8.67, 14.31, 1.72, 5.95, 1.76, 4.99, 3.61, 1.51, 0.83, 14.66, 3.91, 13.98, 12.08, 12.8, 6.66, 5.85, 13.47, 12.86, 8.92, 6.11, 8.31, 8.97, 1.58, 16.47, 2.54, 1.38, 5.77, 4.87, 2.4, 5.22, 7.75, 11.77, 16.64, 4.77, 10.79, 7.79, 1.36, 2.7, 3.12, 5.34, 3.05, 3.85, 4.72, 11.83, 7.67, 2.99, 4.64, 4.62, 3.95, 7.19, 5.34, 1.36, 5.3, 1.27, 4.13, 1.29, 15.67, 2.4, 17.93, 5.26, 5.66, 8.44, 11.85, 9.49, 10.29, 1.67, 3.44, 4.22, 19.68, 7.46, 20.19, 3.04, 3.81, 7.17, 12.74, 1.9, 2.35, 6.81, 3.71, 2.31, 7.16, 2.86, 8.73, 2.35, 16.19, 0.77, 6.03, 14.71, 4.35, 7.48, 2.3, 7.27, 0.0, 3.97, 10.15, 7.35, 4.35, 0.9], [7.08, 9.52, 3.73, 5.32, 4.5, 7.61, 1.11, 7.71, 3.99, 5.29, 9.16, 2.72, 4.14, 12.39, 2.72, 3.55, 3.03, 1.41, 9.56, 0.98, 2.03, 1.98, 10.67, 1.41, 4.47, 4.87, 4.59, 7.52, 13.09, 3.34, 2.99, 11.68, 1.74, 7.19, 7.82, 7.27, 3.01, 1.72, 0.96, 7.68, 2.8, 5.86, 6.58, 10.26, 4.2, 1.92, 1.9, 1.03, 1.16, 4.31, 0.24, 1.7, 7.33, 8.45, 2.63, 3.74, 3.02, 6.31, 2.73, 1.95, 10.21, 9.21, 0.82, 1.71, 3.12, 4.85, 1.18, 2.86, 5.81, 0.61, 3.25, 8.39, 3.61, 7.44, 0.31, 7.07, 1.84, 1.46, 12.65, 5.91, 2.43, 15.67, 9.63, 0.53, 2.39, 6.52, 11.68, 5.98, 3.91, 3.18, 1.87, 11.39, 6.96, 2.21, 10.44, 0.0, 6.41, 7.87, 4.61, 5.99], [0.7, 1.09, 1.3, 10.64, 10.37, 6.58, 3.01, 13.52, 9.05, 4.8, 1.81, 14.22, 16.11, 0.42, 7.11, 3.76, 7.63, 8.09, 2.12, 14.12, 3.17, 16.79, 1.54, 4.25, 5.34, 15.65, 9.19, 5.19, 3.35, 6.41, 8.18, 1.3, 5.89, 3.46, 9.6, 1.97, 2.33, 7.71, 8.99, 11.23, 2.73, 2.82, 0.68, 1.32, 9.15, 1.94, 7.57, 14.83, 3.21, 8.96, 11.96, 3.09, 0.93, 5.35, 5.7, 4.29, 11.07, 2.42, 12.86, 12.58, 6.02, 3.41, 5.21, 12.44, 2.65, 7.11, 5.08, 1.75, 6.16, 5.44, 5.23, 3.61, 14.67, 3.88, 12.01, 5.56, 10.71, 6.87, 0.6, 5.28, 2.98, 6.22, 4.16, 3.52, 7.86, 14.88, 8.26, 11.78, 9.29, 6.38, 12.44, 12.79, 6.05, 7.49, 6.12, 14.18, 0.0, 4.85, 15.07, 5.79], [1.94, 4.76, 2.63, 2.92, 1.29, 6.14, 12.64, 10.18, 11.79, 2.82, 2.91, 11.22, 3.49, 1.92, 3.27, 1.28, 5.01, 8.17, 7.6, 1.79, 3.99, 14.6, 1.34, 0.53, 1.51, 1.5, 2.19, 4.0, 4.24, 11.11, 6.59, 5.55, 6.37, 4.98, 5.97, 4.1, 2.62, 6.72, 2.24, 3.84, 8.78, 3.86, 4.49, 3.15, 7.6, 0.66, 3.42, 3.15, 3.57, 7.2, 6.41, 6.05, 3.62, 9.53, 3.41, 8.03, 11.55, 8.19, 7.2, 2.72, 6.56, 4.8, 9.8, 6.19, 1.08, 6.7, 7.31, 9.39, 6.46, 3.41, 0.92, 2.0, 5.21, 2.65, 2.61, 0.94, 2.65, 8.23, 5.08, 12.82, 3.69, 4.41, 3.88, 6.47, 2.19, 5.23, 2.03, 2.92, 9.69, 3.47, 13.29, 2.33, 4.22, 3.03, 6.76, 1.74, 7.06, 0.0, 5.32, 7.21], [5.37, 2.83, 4.43, 0.55, 12.79, 10.48, 3.53, 1.88, 6.33, 6.64, 1.36, 7.81, 1.97, 7.21, 2.07, 1.14, 7.92, 4.06, 18.75, 4.85, 7.45, 10.05, 10.76, 7.53, 1.17, 1.43, 11.96, 1.64, 7.93, 12.3, 9.32, 11.38, 12.37, 17.31, 2.43, 6.8, 6.55, 9.03, 2.62, 2.99, 9.62, 4.14, 9.96, 15.31, 3.7, 5.9, 6.69, 12.2, 0.84, 9.19, 1.14, 1.05, 6.45, 6.53, 1.09, 4.78, 13.59, 7.35, 2.19, 2.1, 6.39, 3.39, 5.58, 4.44, 4.67, 12.7, 4.12, 6.58, 10.21, 3.06, 7.86, 1.48, 4.72, 3.35, 4.97, 2.87, 1.28, 10.44, 14.34, 4.54, 15.17, 14.41, 5.63, 5.15, 1.68, 1.59, 6.84, 3.09, 5.16, 8.19, 11.27, 1.13, 5.65, 5.53, 8.81, 5.26, 8.22, 8.02, 0.0, 7.42], [8.72, 15.6, 3.86, 15.34, 2.14, 5.13, 1.23, 11.42, 2.43, 4.98, 1.04, 6.4, 2.32, 2.46, 8.87, 1.96, 4.36, 2.9, 11.39, 5.77, 3.64, 2.01, 10.58, 3.99, 4.75, 10.95, 0.31, 0.58, 13.47, 0.35, 10.69, 9.96, 2.98, 9.0, 5.56, 3.35, 2.82, 1.42, 5.24, 0.58, 1.05, 2.59, 2.18, 4.08, 1.71, 9.33, 2.64, 1.9, 3.22, 2.36, 3.99, 5.93, 5.39, 0.4, 4.0, 3.91, 0.86, 7.9, 1.66, 3.61, 11.48, 6.56, 1.86, 2.12, 12.26, 5.82, 4.4, 3.33, 3.71, 2.92, 2.66, 12.38, 16.56, 8.14, 3.37, 5.96, 10.99, 3.69, 2.7, 1.02, 3.84, 4.41, 8.19, 1.13, 9.0, 7.9, 3.54, 1.38, 0.59, 6.93, 3.33, 16.93, 2.88, 3.73, 1.26, 3.33, 11.1, 5.18, 7.24, 0.0]]
vans = [8, 9, 9]

