J = [0, 1, 2, 3]
K = [4, 5, 6]
L = [7, 8, 9]
I = [0, 1, 2, 3, 4, 5, 6, 7, 8, 9]
N = [0, 1, 2, 3, 4, 5, 6, 7, 8, 9, 10, 11, 12, 13, 14, 15, 16, 17, 18, 19, 20, 21, 22, 23, 24, 25, 26, 27, 28, 29, 30, 31, 32, 33, 34, 35, 36, 37, 38, 39, 40, 41, 42, 43, 44, 45, 46, 47, 48, 49, 50, 51, 52, 53, 54, 55, 56, 57, 58, 59, 60, 61, 62, 63, 64, 65, 66, 67, 68, 69, 70, 71, 72, 73, 74]
demand = [865, 989, 1088, 899, 1163, 926, 713, 702, 586, 910, 477, 769, 571, 530, 1170, 925, 545, 430, 840, 479, 1019, 829, 1080, 1078, 756, 415, 596, 1112, 1157, 751, 569, 452, 1167, 1001, 890, 839, 940, 783, 1033, 809, 965, 434, 941, 1062, 693, 1004, 907, 1042, 498, 1048, 1128, 729, 1170, 699, 890, 834, 689, 954, 546, 453, 613, 987, 815, 844, 687, 1080, 408, 898, 686, 727, 614, 1115, 730, 631, 1155]
hub = [0, 0, 0, 0, 0, 3, 1, 0, 0, 3, 2, 0, 1, 1, 0, 2, 1, 2, 3, 3, 0, 3, 1, 3, 0, 1, 1, 2, 1, 3, 3, 0, 1, 2, 2, 3, 3, 2, 3, 1, 0, 2, 1, 3, 0, 2, 0, 0, 2, 3, 0, 1, 1, 1, 3, 2, 0, 1, 0, 2, 1, 0, 2, 2, 0, 3, 0, 2, 1, 3, 1, 1, 2, 3, 2]
release = [1, 12, 19, 33, 5, 25, 16, 27, 3, 10, 2, 29, 3, 31, 39, 23, 48, 25, 42, 41, 5, 32, 36, 0, 19, 44, 16, 24, 13, 30, 16, 33, 32, 12, 25, 45, 29, 4, 22, 24, 38, 13, 42, 21, 31, 3, 26, 42, 10, 44, 0, 6, 48, 28, 11, 38, 48, 21, 39, 20, 41, 0, 5, 6, 11, 20, 31, 24, 29, 43, 26, 47, 3, 5, 20]
Nj = [[0, 1, 2, 3, 4, 7, 8, 11, 14, 20, 24, 31, 40, 44, 46, 47, 50, 56, 58, 61, 64, 66], [6, 12, 13, 16, 22, 25, 26, 28, 32, 39, 42, 51, 52, 53, 57, 60, 68, 70, 71], [10, 15, 17, 27, 33, 34, 37, 41, 45, 48, 55, 59, 62, 63, 67, 72, 74], [5, 9, 18, 19, 21, 23, 29, 30, 35, 36, 38, 43, 49, 54, 65, 69, 73]]
Gj = [[0, 1, 2, 3, 4, 5, 6, 7, 8, 9, 10, 11, 12, 13, 14, 15, 16, 17, 18, 19, 20, 21], [22, 23, 24, 25, 26, 27, 28, 29, 30, 31, 32, 33, 34, 35, 36, 37, 38, 39, 40], [41, 42, 43, 44, 45, 46, 47, 48, 49, 50, 51, 52, 53, 54, 55, 56, 57], [58, 59, 60, 61, 62, 63, 64, 65, 66, 67, 68, 69, 70, 71, 72, 73, 74]]
G = [0, 1, 2, 3, 4, 5, 6, 7, 8, 9, 10, 11, 12, 13, 14, 15, 16, 17, 18, 19, 20, 21, 22, 23, 24, 25, 26, 27, 28, 29, 30, 31, 32, 33, 34, 35, 36, 37, 38, 39, 40, 41, 42, 43, 44, 45, 46, 47, 48, 49, 50, 51, 52, 53, 54, 55, 56, 57, 58, 59, 60, 61, 62, 63, 64, 65, 66, 67, 68, 69, 70, 71, 72, 73, 74]
deadline = [192, 168, 240, 216, 168, 216, 168, 192, 216, 192, 216, 192, 168, 240, 240, 216, 192, 192, 240, 216, 240, 216, 240, 240, 168, 216, 168, 168, 216, 192, 216, 216, 192, 168, 216, 192, 216, 192, 192, 168, 168, 240, 168, 192, 216, 216, 192, 168, 192, 240, 192, 168, 216, 168, 192, 216, 168, 216, 216, 192, 216, 192, 192, 240, 168, 192, 168, 240, 168, 168, 192, 216, 168, 192, 192]
weight = [60, 70, 40, 100, 10, 70, 70, 90, 90, 100, 60, 20, 50, 80, 30, 60, 70, 30, 100, 100, 50, 80, 30, 10, 90, 10, 40, 10, 20, 80, 40, 20, 40, 10, 20, 20, 90, 60, 50, 100, 90, 70, 20, 10, 10, 70, 50, 10, 10, 70, 50, 50, 30, 40, 80, 50, 90, 20, 60, 10, 30, 60, 50, 70, 50, 70, 20, 50, 20, 100, 40, 40, 10, 40, 70]
q = 2000
M = [0, 1, 2]
M_description = ['Road', 'Rail', 'Ship']
accessibility = [[1, 1, 1], [1, 0, 0], [1, 0, 0], [1, 1, 0], [1, 1, 1], [1, 1, 1], [1, 1, 1], [1, 1, 1], [1, 0, 0], [1, 1, 1]]
S = [0, 1, 2, 3, 4, 5, 6, 7, 8, 9, 10, 11, 12, 13, 14, 15, 16, 17, 18, 19, 20, 21, 22, 23, 24, 25, 26, 27, 28, 29, 30, 31, 32, 33, 34, 35, 36, 37, 38, 39, 40, 41, 42, 43, 44, 45, 46, 47, 48, 49, 50, 51, 52, 53, 54, 55, 56, 57, 58, 59, 60, 61, 62, 63, 64, 65, 66, 67, 68, 69, 70, 71, 72, 73, 74, 75, 76, 77, 78, 79, 80, 81, 82, 83, 84, 85, 86, 87, 88, 89, 90, 91, 92, 93, 94, 95, 96, 97, 98, 99, 100, 101, 102, 103, 104, 105, 106, 107, 108, 109, 110, 111, 112, 113, 114, 115, 116, 117, 118, 119, 120, 121, 122, 123, 124, 125, 126, 127, 128, 129, 130, 131, 132, 133, 134, 135, 136, 137, 138, 139, 140, 141, 142, 143, 144, 145, 146, 147, 148, 149, 150, 151, 152, 153, 154, 155, 156, 157, 158, 159, 160, 161, 162, 163, 164, 165, 166, 167, 168, 169, 170, 171, 172, 173, 174, 175, 176, 177, 178, 179, 180, 181, 182, 183, 184, 185, 186, 187, 188, 189, 190, 191, 192, 193, 194, 195, 196, 197, 198, 199, 200, 201, 202, 203, 204, 205, 206, 207, 208, 209, 210, 211, 212, 213, 214, 215, 216, 217, 218, 219, 220, 221, 222, 223, 224, 225, 226, 227, 228, 229, 230, 231, 232, 233, 234, 235, 236, 237, 238, 239, 240, 241, 242, 243, 244, 245, 246, 247, 248, 249, 250, 251, 252, 253, 254, 255, 256, 257, 258, 259, 260, 261, 262, 263, 264, 265, 266, 267, 268, 269, 270, 271, 272, 273, 274, 275, 276, 277, 278, 279, 280, 281, 282, 283, 284, 285, 286, 287, 288, 289, 290, 291, 292, 293, 294, 295, 296, 297, 298, 299, 300, 301, 302, 303, 304, 305, 306, 307, 308, 309, 310, 311, 312, 313, 314, 315, 316, 317, 318, 319, 320, 321, 322, 323, 324, 325, 326, 327, 328, 329, 330, 331, 332, 333, 334, 335, 336, 337, 338, 339, 340, 341, 342, 343, 344, 345, 346, 347, 348, 349, 350, 351, 352, 353, 354, 355, 356, 357, 358, 359, 360, 361, 362, 363, 364, 365, 366, 367, 368, 369, 370, 371, 372, 373, 374, 375, 376, 377, 378, 379, 380, 381, 382, 383, 384, 385, 386, 387, 388, 389, 390, 391, 392, 393, 394, 395, 396, 397, 398, 399, 400, 401]
origin = [0, 0, 0, 0, 0, 0, 0, 0, 0, 0, 0, 0, 0, 0, 0, 0, 0, 0, 0, 0, 0, 0, 0, 0, 0, 0, 0, 0, 0, 0, 0, 0, 0, 0, 0, 0, 1, 1, 1, 1, 1, 1, 1, 1, 1, 1, 1, 1, 1, 1, 1, 1, 1, 1, 1, 1, 1, 1, 1, 1, 1, 1, 1, 1, 1, 1, 1, 1, 1, 1, 1, 1, 2, 2, 2, 2, 2, 2, 2, 2, 2, 2, 2, 2, 2, 2, 2, 2, 2, 2, 2, 2, 2, 2, 2, 2, 2, 2, 2, 2, 2, 2, 2, 2, 2, 2, 2, 2, 3, 3, 3, 3, 3, 3, 3, 3, 3, 3, 3, 3, 3, 3, 3, 3, 3, 3, 3, 3, 3, 3, 3, 3, 3, 3, 3, 3, 3, 3, 3, 3, 3, 3, 3, 3, 4, 4, 4, 4, 4, 4, 4, 4, 4, 4, 4, 4, 4, 4, 4, 4, 4, 4, 4, 4, 4, 4, 4, 4, 4, 4, 4, 4, 4, 4, 4, 4, 4, 4, 4, 4, 5, 5, 5, 5, 5, 5, 5, 5, 5, 5, 5, 5, 5, 5, 5, 5, 5, 5, 5, 5, 5, 5, 5, 5, 5, 5, 5, 5, 5, 5, 5, 5, 5, 5, 5, 5, 6, 6, 6, 6, 6, 6, 6, 6, 6, 6, 6, 6, 6, 6, 6, 6, 6, 6, 6, 6, 6, 6, 6, 6, 6, 6, 6, 6, 6, 6, 6, 6, 6, 6, 6, 6, 0, 0, 0, 0, 0, 0, 0, 0, 0, 0, 0, 0, 0, 0, 0, 0, 0, 0, 3, 3, 3, 3, 3, 3, 3, 3, 3, 3, 3, 3, 3, 3, 3, 3, 3, 3, 4, 4, 4, 4, 4, 4, 4, 4, 4, 4, 4, 4, 4, 4, 4, 4, 4, 4, 5, 5, 5, 5, 5, 5, 5, 5, 5, 5, 5, 5, 5, 5, 5, 5, 5, 5, 6, 6, 6, 6, 6, 6, 6, 6, 6, 6, 6, 6, 6, 6, 6, 6, 6, 6, 0, 0, 0, 0, 0, 0, 0, 0, 0, 0, 0, 0, 0, 0, 0, 4, 4, 4, 4, 4, 4, 4, 4, 4, 4, 4, 4, 4, 4, 4, 5, 5, 5, 5, 5, 5, 5, 5, 5, 5, 5, 5, 5, 5, 5, 6, 6, 6, 6, 6, 6, 6, 6, 6, 6, 6, 6, 6, 6, 6]
destination = [1, 1, 1, 1, 2, 2, 2, 2, 3, 3, 3, 3, 4, 4, 4, 4, 5, 5, 5, 5, 6, 6, 6, 6, 7, 7, 7, 7, 8, 8, 8, 8, 9, 9, 9, 9, 0, 0, 0, 0, 2, 2, 2, 2, 3, 3, 3, 3, 4, 4, 4, 4, 5, 5, 5, 5, 6, 6, 6, 6, 7, 7, 7, 7, 8, 8, 8, 8, 9, 9, 9, 9, 0, 0, 0, 0, 1, 1, 1, 1, 3, 3, 3, 3, 4, 4, 4, 4, 5, 5, 5, 5, 6, 6, 6, 6, 7, 7, 7, 7, 8, 8, 8, 8, 9, 9, 9, 9, 0, 0, 0, 0, 1, 1, 1, 1, 2, 2, 2, 2, 4, 4, 4, 4, 5, 5, 5, 5, 6, 6, 6, 6, 7, 7, 7, 7, 8, 8, 8, 8, 9, 9, 9, 9, 0, 0, 0, 0, 1, 1, 1, 1, 2, 2, 2, 2, 3, 3, 3, 3, 5, 5, 5, 5, 6, 6, 6, 6, 7, 7, 7, 7, 8, 8, 8, 8, 9, 9, 9, 9, 0, 0, 0, 0, 1, 1, 1, 1, 2, 2, 2, 2, 3, 3, 3, 3, 4, 4, 4, 4, 6, 6, 6, 6, 7, 7, 7, 7, 8, 8, 8, 8, 9, 9, 9, 9, 0, 0, 0, 0, 1, 1, 1, 1, 2, 2, 2, 2, 3, 3, 3, 3, 4, 4, 4, 4, 5, 5, 5, 5, 7, 7, 7, 7, 8, 8, 8, 8, 9, 9, 9, 9, 3, 3, 3, 4, 4, 4, 5, 5, 5, 6, 6, 6, 7, 7, 7, 9, 9, 9, 0, 0, 0, 4, 4, 4, 5, 5, 5, 6, 6, 6, 7, 7, 7, 9, 9, 9, 0, 0, 0, 3, 3, 3, 5, 5, 5, 6, 6, 6, 7, 7, 7, 9, 9, 9, 0, 0, 0, 3, 3, 3, 4, 4, 4, 6, 6, 6, 7, 7, 7, 9, 9, 9, 0, 0, 0, 3, 3, 3, 4, 4, 4, 5, 5, 5, 7, 7, 7, 9, 9, 9, 4, 4, 4, 5, 5, 5, 6, 6, 6, 7, 7, 7, 9, 9, 9, 0, 0, 0, 5, 5, 5, 6, 6, 6, 7, 7, 7, 9, 9, 9, 0, 0, 0, 4, 4, 4, 6, 6, 6, 7, 7, 7, 9, 9, 9, 0, 0, 0, 4, 4, 4, 5, 5, 5, 7, 7, 7, 9, 9, 9]
departure = [8, 56, 104, 152, 8, 56, 104, 152, 8, 56, 104, 152, 8, 56, 104, 152, 8, 56, 104, 152, 8, 56, 104, 152, 8, 56, 104, 152, 8, 56, 104, 152, 8, 56, 104, 152, 8, 56, 104, 152, 8, 56, 104, 152, 8, 56, 104, 152, 8, 56, 104, 152, 8, 56, 104, 152, 8, 56, 104, 152, 8, 56, 104, 152, 8, 56, 104, 152, 8, 56, 104, 152, 8, 56, 104, 152, 8, 56, 104, 152, 8, 56, 104, 152, 8, 56, 104, 152, 8, 56, 104, 152, 8, 56, 104, 152, 8, 56, 104, 152, 8, 56, 104, 152, 8, 56, 104, 152, 8, 56, 104, 152, 8, 56, 104, 152, 8, 56, 104, 152, 8, 56, 104, 152, 8, 56, 104, 152, 8, 56, 104, 152, 8, 56, 104, 152, 8, 56, 104, 152, 8, 56, 104, 152, 12, 60, 108, 156, 12, 60, 108, 156, 12, 60, 108, 156, 12, 60, 108, 156, 12, 60, 108, 156, 12, 60, 108, 156, 12, 60, 108, 156, 12, 60, 108, 156, 12, 60, 108, 156, 12, 60, 108, 156, 12, 60, 108, 156, 12, 60, 108, 156, 12, 60, 108, 156, 12, 60, 108, 156, 12, 60, 108, 156, 12, 60, 108, 156, 12, 60, 108, 156, 12, 60, 108, 156, 12, 60, 108, 156, 12, 60, 108, 156, 12, 60, 108, 156, 12, 60, 108, 156, 12, 60, 108, 156, 12, 60, 108, 156, 12, 60, 108, 156, 12, 60, 108, 156, 12, 60, 108, 156, 33, 81, 129, 33, 81, 129, 33, 81, 129, 33, 81, 129, 33, 81, 129, 33, 81, 129, 33, 81, 129, 33, 81, 129, 33, 81, 129, 33, 81, 129, 33, 81, 129, 33, 81, 129, 37, 85, 133, 37, 85, 133, 37, 85, 133, 37, 85, 133, 37, 85, 133, 37, 85, 133, 37, 85, 133, 37, 85, 133, 37, 85, 133, 37, 85, 133, 37, 85, 133, 37, 85, 133, 37, 85, 133, 37, 85, 133, 37, 85, 133, 37, 85, 133, 37, 85, 133, 37, 85, 133, 10, 58, 106, 10, 58, 106, 10, 58, 106, 10, 58, 106, 10, 58, 106, 13, 61, 109, 13, 61, 109, 13, 61, 109, 13, 61, 109, 13, 61, 109, 13, 61, 109, 13, 61, 109, 13, 61, 109, 13, 61, 109, 13, 61, 109, 13, 61, 109, 13, 61, 109, 13, 61, 109, 13, 61, 109, 13, 61, 109]
arrival = [28, 124, 172, 244, 28, 100, 148, 220, 28, 124, 196, 220, 60, 132, 180, 252, 108, 132, 156, 252, 60, 108, 204, 228, 160, 208, 184, 280, 112, 160, 232, 256, 136, 160, 184, 256, 52, 76, 148, 244, 28, 124, 172, 196, 76, 148, 172, 220, 84, 132, 204, 228, 108, 156, 204, 204, 60, 132, 156, 204, 112, 136, 208, 232, 136, 184, 256, 256, 88, 184, 256, 304, 100, 100, 124, 172, 28, 100, 124, 220, 100, 100, 124, 172, 60, 156, 156, 204, 84, 108, 204, 204, 60, 108, 156, 204, 88, 208, 256, 280, 112, 136, 232, 304, 160, 184, 232, 232, 28, 100, 172, 220, 52, 124, 196, 220, 100, 100, 196, 220, 108, 108, 204, 252, 84, 132, 156, 252, 60, 108, 180, 252, 112, 160, 232, 256, 112, 208, 184, 280, 88, 208, 184, 232, 104, 104, 200, 200, 56, 128, 128, 176, 56, 104, 152, 200, 56, 80, 200, 224, 64, 136, 160, 232, 112, 112, 160, 208, 116, 188, 236, 236, 92, 212, 188, 284, 164, 188, 212, 236, 104, 128, 152, 200, 56, 152, 176, 176, 32, 104, 176, 176, 104, 104, 152, 224, 112, 160, 184, 232, 64, 160, 184, 256, 140, 164, 212, 308, 116, 212, 236, 260, 140, 140, 212, 308, 80, 80, 176, 248, 32, 80, 176, 248, 80, 80, 200, 200, 104, 152, 152, 224, 88, 112, 160, 232, 64, 160, 208, 256, 92, 188, 188, 308, 164, 212, 188, 236, 164, 164, 188, 284, 54, 150, 150, 134, 182, 182, 110, 134, 182, 134, 182, 230, 114, 210, 234, 138, 186, 234, 102, 126, 198, 110, 158, 182, 110, 158, 206, 134, 182, 230, 114, 210, 258, 186, 210, 258, 82, 130, 202, 82, 106, 154, 138, 186, 210, 138, 186, 210, 166, 238, 262, 190, 214, 262, 106, 154, 226, 106, 130, 154, 90, 138, 234, 90, 162, 186, 190, 190, 214, 190, 214, 214, 58, 178, 178, 130, 154, 178, 90, 138, 210, 90, 186, 210, 142, 190, 262, 166, 214, 262, 64, 136, 184, 88, 160, 160, 112, 112, 208, 116, 140, 260, 92, 164, 188, 82, 154, 178, 66, 162, 186, 90, 162, 186, 166, 190, 190, 118, 214, 190, 58, 106, 154, 90, 114, 162, 114, 138, 210, 94, 166, 214, 118, 190, 238, 34, 130, 202, 114, 162, 210, 90, 162, 186, 166, 166, 190, 142, 142, 238]
Q = [2, 4, 2, 2, 2, 4, 4, 4, 2, 2, 2, 2, 2, 2, 4, 4, 4, 4, 4, 2, 4, 4, 4, 2, 4, 4, 4, 4, 2, 4, 2, 4, 2, 4, 4, 2, 4, 2, 4, 2, 4, 2, 4, 2, 2, 2, 2, 4, 4, 2, 4, 4, 4, 2, 4, 2, 2, 4, 4, 2, 2, 4, 2, 4, 2, 2, 4, 4, 2, 2, 4, 2, 4, 2, 4, 4, 2, 4, 2, 2, 2, 2, 2, 2, 2, 4, 2, 4, 2, 4, 4, 4, 4, 4, 4, 2, 2, 4, 4, 4, 2, 2, 4, 4, 4, 4, 4, 2, 2, 4, 4, 2, 2, 4, 4, 2, 4, 2, 2, 4, 4, 2, 2, 2, 4, 2, 4, 2, 2, 2, 4, 2, 4, 4, 4, 2, 4, 4, 2, 2, 2, 4, 2, 4, 2, 2, 4, 4, 4, 4, 2, 4, 2, 4, 2, 2, 4, 4, 2, 4, 4, 2, 4, 2, 2, 4, 4, 2, 4, 4, 4, 2, 2, 2, 2, 4, 2, 4, 2, 4, 4, 4, 2, 4, 2, 2, 4, 4, 4, 2, 2, 4, 2, 2, 4, 4, 2, 4, 4, 2, 4, 4, 4, 4, 2, 2, 2, 4, 2, 2, 2, 4, 4, 4, 4, 2, 2, 2, 2, 4, 4, 4, 2, 4, 4, 2, 4, 2, 4, 2, 4, 2, 2, 2, 4, 2, 4, 2, 2, 4, 2, 2, 2, 2, 4, 2, 2, 2, 2, 4, 4, 2, 3, 6, 3, 3, 6, 3, 3, 3, 6, 3, 3, 6, 3, 3, 3, 6, 3, 3, 6, 6, 3, 3, 6, 3, 3, 3, 6, 3, 3, 6, 3, 6, 3, 6, 3, 3, 3, 3, 3, 6, 6, 3, 3, 3, 3, 3, 3, 3, 6, 6, 6, 6, 3, 3, 3, 6, 3, 3, 6, 3, 3, 6, 6, 3, 6, 6, 6, 3, 6, 6, 3, 3, 6, 6, 3, 6, 6, 3, 3, 3, 3, 6, 6, 3, 3, 3, 6, 6, 3, 3, 5, 10, 5, 5, 5, 10, 10, 5, 10, 10, 10, 10, 10, 5, 5, 5, 10, 5, 5, 10, 5, 10, 5, 10, 10, 5, 5, 5, 5, 10, 5, 10, 10, 10, 10, 5, 5, 5, 5, 5, 5, 5, 5, 5, 5, 5, 10, 5, 5, 10, 10, 5, 5, 5, 5, 10, 10, 10, 5, 5]
cfixed = [291, 259, 252, 296, 200, 213, 279, 254, 287, 261, 205, 273, 225, 282, 206, 266, 253, 284, 241, 211, 289, 209, 296, 256, 259, 281, 247, 209, 243, 250, 228, 204, 252, 207, 226, 203, 284, 287, 279, 277, 218, 214, 285, 217, 201, 280, 293, 226, 267, 232, 254, 234, 200, 232, 277, 271, 222, 230, 221, 223, 267, 280, 273, 295, 247, 242, 275, 211, 252, 257, 259, 227, 293, 264, 271, 205, 232, 247, 269, 253, 201, 271, 268, 272, 275, 297, 222, 237, 219, 244, 283, 228, 255, 222, 245, 200, 273, 283, 264, 234, 250, 253, 282, 245, 239, 256, 258, 249, 212, 235, 229, 276, 239, 295, 276, 255, 207, 299, 206, 211, 275, 253, 277, 293, 232, 203, 283, 228, 270, 250, 252, 294, 298, 220, 214, 217, 230, 262, 252, 205, 252, 256, 237, 230, 232, 268, 238, 261, 221, 293, 205, 285, 244, 257, 272, 292, 224, 252, 298, 266, 244, 252, 206, 296, 272, 242, 225, 201, 205, 299, 208, 286, 230, 274, 278, 278, 207, 292, 229, 274, 264, 228, 230, 281, 223, 274, 276, 271, 234, 248, 242, 287, 205, 231, 239, 284, 211, 272, 213, 259, 290, 293, 204, 272, 213, 220, 222, 274, 290, 288, 293, 286, 217, 271, 289, 282, 258, 291, 283, 225, 248, 254, 205, 285, 212, 204, 261, 247, 231, 279, 208, 270, 252, 202, 267, 296, 238, 223, 261, 217, 268, 240, 206, 206, 256, 244, 211, 289, 256, 256, 281, 298, 425, 303, 309, 456, 368, 347, 473, 383, 407, 354, 366, 383, 417, 300, 459, 312, 392, 445, 326, 416, 469, 419, 380, 376, 356, 428, 416, 442, 441, 365, 306, 416, 315, 314, 440, 494, 403, 487, 393, 383, 329, 413, 412, 378, 327, 326, 447, 494, 433, 401, 486, 321, 453, 377, 386, 427, 390, 350, 401, 404, 317, 379, 427, 407, 450, 324, 449, 311, 379, 353, 320, 429, 320, 464, 335, 381, 305, 363, 324, 478, 456, 359, 475, 477, 396, 422, 412, 320, 303, 406, 605, 553, 654, 614, 543, 590, 525, 534, 568, 602, 597, 675, 550, 541, 519, 576, 681, 561, 691, 619, 570, 611, 576, 586, 545, 606, 547, 603, 656, 664, 602, 688, 533, 563, 597, 634, 625, 648, 581, 584, 651, 585, 617, 562, 588, 549, 513, 531, 638, 614, 625, 634, 662, 647, 642, 553, 533, 687, 526, 675]
ctravel = [20, 68, 68, 92, 20, 44, 44, 68, 20, 68, 92, 68, 52, 76, 76, 100, 100, 76, 52, 100, 52, 52, 100, 76, 152, 152, 80, 128, 104, 104, 128, 104, 128, 104, 80, 104, 44, 20, 44, 92, 20, 68, 68, 44, 68, 92, 68, 68, 76, 76, 100, 76, 100, 100, 100, 52, 52, 76, 52, 52, 104, 80, 104, 80, 128, 128, 152, 104, 80, 128, 152, 152, 92, 44, 20, 20, 20, 44, 20, 68, 92, 44, 20, 20, 52, 100, 52, 52, 76, 52, 100, 52, 52, 52, 52, 52, 80, 152, 152, 128, 104, 80, 128, 152, 152, 128, 128, 80, 20, 44, 68, 68, 44, 68, 92, 68, 92, 44, 92, 68, 100, 52, 100, 100, 76, 76, 52, 100, 52, 52, 76, 100, 104, 104, 128, 104, 104, 152, 80, 128, 80, 152, 80, 80, 92, 44, 92, 44, 44, 68, 20, 20, 44, 44, 44, 44, 44, 20, 92, 68, 52, 76, 52, 76, 100, 52, 52, 52, 104, 128, 128, 80, 80, 152, 80, 128, 152, 128, 104, 80, 92, 68, 44, 44, 44, 92, 68, 20, 20, 44, 68, 20, 92, 44, 44, 68, 100, 100, 76, 76, 52, 100, 76, 100, 128, 104, 104, 152, 104, 152, 128, 104, 128, 80, 104, 152, 68, 20, 68, 92, 20, 20, 68, 92, 68, 20, 92, 44, 92, 92, 44, 68, 76, 52, 52, 76, 52, 100, 100, 100, 80, 128, 80, 152, 152, 152, 80, 80, 152, 104, 80, 128, 16.8, 55.2, 16.8, 80.80000000000001, 80.80000000000001, 42.400000000000006, 61.6, 42.400000000000006, 42.400000000000006, 80.80000000000001, 80.80000000000001, 80.80000000000001, 64.8, 103.2, 84.0, 84.0, 84.0, 84.0, 55.2, 36.0, 55.2, 61.6, 61.6, 42.400000000000006, 61.6, 61.6, 61.6, 80.80000000000001, 80.80000000000001, 80.80000000000001, 64.8, 103.2, 103.2, 122.4, 103.2, 103.2, 36.0, 36.0, 55.2, 36.0, 16.8, 16.8, 80.80000000000001, 80.80000000000001, 61.6, 80.80000000000001, 80.80000000000001, 61.6, 103.2, 122.4, 103.2, 122.4, 103.2, 103.2, 55.2, 55.2, 74.4, 55.2, 36.0, 16.8, 42.400000000000006, 42.400000000000006, 80.80000000000001, 42.400000000000006, 61.6, 42.400000000000006, 122.4, 84.0, 64.8, 122.4, 103.2, 64.8, 16.8, 74.4, 36.0, 74.4, 55.2, 36.0, 42.400000000000006, 42.400000000000006, 61.6, 42.400000000000006, 80.80000000000001, 61.6, 84.0, 84.0, 103.2, 103.2, 103.2, 103.2, 32.4, 46.8, 46.8, 46.8, 61.199999999999996, 32.4, 61.199999999999996, 32.4, 61.199999999999996, 63.599999999999994, 49.199999999999996, 92.39999999999999, 49.199999999999996, 63.599999999999994, 49.199999999999996, 41.4, 55.8, 41.4, 31.799999999999997, 60.599999999999994, 46.199999999999996, 46.199999999999996, 60.599999999999994, 46.199999999999996, 91.8, 77.39999999999999, 48.6, 63.0, 91.8, 48.6, 27.0, 27.0, 27.0, 46.199999999999996, 31.799999999999997, 31.799999999999997, 60.599999999999994, 46.199999999999996, 60.599999999999994, 48.6, 63.0, 63.0, 63.0, 77.39999999999999, 77.39999999999999, 12.6, 41.4, 55.8, 60.599999999999994, 60.599999999999994, 60.599999999999994, 46.199999999999996, 60.599999999999994, 46.199999999999996, 91.8, 63.0, 48.6, 77.39999999999999, 48.6, 77.39999999999999]
mode = [0, 0, 0, 0, 0, 0, 0, 0, 0, 0, 0, 0, 0, 0, 0, 0, 0, 0, 0, 0, 0, 0, 0, 0, 0, 0, 0, 0, 0, 0, 0, 0, 0, 0, 0, 0, 0, 0, 0, 0, 0, 0, 0, 0, 0, 0, 0, 0, 0, 0, 0, 0, 0, 0, 0, 0, 0, 0, 0, 0, 0, 0, 0, 0, 0, 0, 0, 0, 0, 0, 0, 0, 0, 0, 0, 0, 0, 0, 0, 0, 0, 0, 0, 0, 0, 0, 0, 0, 0, 0, 0, 0, 0, 0, 0, 0, 0, 0, 0, 0, 0, 0, 0, 0, 0, 0, 0, 0, 0, 0, 0, 0, 0, 0, 0, 0, 0, 0, 0, 0, 0, 0, 0, 0, 0, 0, 0, 0, 0, 0, 0, 0, 0, 0, 0, 0, 0, 0, 0, 0, 0, 0, 0, 0, 0, 0, 0, 0, 0, 0, 0, 0, 0, 0, 0, 0, 0, 0, 0, 0, 0, 0, 0, 0, 0, 0, 0, 0, 0, 0, 0, 0, 0, 0, 0, 0, 0, 0, 0, 0, 0, 0, 0, 0, 0, 0, 0, 0, 0, 0, 0, 0, 0, 0, 0, 0, 0, 0, 0, 0, 0, 0, 0, 0, 0, 0, 0, 0, 0, 0, 0, 0, 0, 0, 0, 0, 0, 0, 0, 0, 0, 0, 0, 0, 0, 0, 0, 0, 0, 0, 0, 0, 0, 0, 0, 0, 0, 0, 0, 0, 0, 0, 0, 0, 0, 0, 0, 0, 0, 0, 0, 0, 1, 1, 1, 1, 1, 1, 1, 1, 1, 1, 1, 1, 1, 1, 1, 1, 1, 1, 1, 1, 1, 1, 1, 1, 1, 1, 1, 1, 1, 1, 1, 1, 1, 1, 1, 1, 1, 1, 1, 1, 1, 1, 1, 1, 1, 1, 1, 1, 1, 1, 1, 1, 1, 1, 1, 1, 1, 1, 1, 1, 1, 1, 1, 1, 1, 1, 1, 1, 1, 1, 1, 1, 1, 1, 1, 1, 1, 1, 1, 1, 1, 1, 1, 1, 1, 1, 1, 1, 1, 1, 2, 2, 2, 2, 2, 2, 2, 2, 2, 2, 2, 2, 2, 2, 2, 2, 2, 2, 2, 2, 2, 2, 2, 2, 2, 2, 2, 2, 2, 2, 2, 2, 2, 2, 2, 2, 2, 2, 2, 2, 2, 2, 2, 2, 2, 2, 2, 2, 2, 2, 2, 2, 2, 2, 2, 2, 2, 2, 2, 2]
delivery_process = ['Direct-Shipment', 'Cross-Docking', 'Cross-Docking']
distance_ln = [[3.05, 1.44, 4.18, 7.96, 2.87, 7.71, 8.81, 2.41, 3.78, 4.69, 1.95, 1.61, 10.08, 6.12, 2.77, 4.37, 0.3, 6.1, 8.0, 4.14, 3.79, 10.99, 11.22, 2.86, 0.64, 4.23, 0.91, 3.98, 7.43, 10.01, 9.04, 0.63, 2.31, 10.32, 3.96, 13.2, 11.54, 1.18, 8.14, 6.21, 10.91, 9.66, 3.26, 1.69, 3.63, 2.61, 8.14, 7.49, 7.34, 10.45, 6.86, 2.61, 4.0, 8.57, 4.75, 10.24, 5.0, 2.05, 10.83, 5.27, 8.72, 2.55, 3.39, 2.4, 9.44, 3.13, 1.74, 0.24, 5.88, 7.32, 2.04, 7.16, 1.01, 7.95, 11.27], [1.93, 11.26, 0.49, 0.97, 5.35, 1.37, 0.58, 7.1, 6.85, 1.64, 7.73, 4.21, 7.73, 1.4, 10.04, 0.5, 9.07, 4.36, 4.12, 3.66, 3.71, 1.72, 2.07, 2.67, 1.3, 10.63, 10.8, 2.53, 5.99, 2.57, 3.59, 6.18, 5.89, 13.11, 1.16, 4.71, 0.61, 5.34, 3.35, 0.56, 2.78, 5.53, 6.94, 0.97, 2.28, 3.32, 3.95, 14.36, 4.86, 1.04, 2.92, 1.91, 1.65, 1.02, 8.03, 0.71, 2.06, 2.55, 8.61, 1.48, 7.87, 7.25, 1.19, 6.79, 12.25, 8.95, 10.87, 8.24, 5.09, 10.03, 7.03, 7.14, 6.28, 4.11, 8.98], [2.99, 3.89, 4.42, 4.64, 5.0, 11.12, 11.3, 1.61, 3.56, 2.51, 1.02, 0.98, 3.1, 3.74, 4.53, 6.42, 1.09, 6.15, 3.8, 3.07, 9.47, 2.14, 2.77, 2.9, 1.66, 8.54, 2.57, 1.78, 1.42, 14.0, 6.29, 3.08, 5.63, 7.05, 6.75, 12.03, 6.38, 4.31, 10.04, 3.87, 5.74, 6.19, 2.54, 3.07, 3.96, 3.29, 5.22, 2.55, 15.0, 8.21, 5.76, 1.68, 8.48, 6.75, 3.37, 9.66, 11.43, 1.54, 6.59, 5.84, 8.06, 2.16, 2.72, 4.88, 8.73, 10.27, 1.12, 0.0, 1.74, 7.74, 5.33, 5.4, 2.11, 6.17, 9.18]]
distance_nn = [[0.0, 8.42, 0.83, 8.87, 8.25, 11.68, 5.74, 2.7, 11.02, 1.24, 12.13, 11.11, 0.15, 3.2, 5.01, 1.11, 14.94, 11.78, 12.6, 5.42, 6.19, 0.76, 1.43, 5.01, 7.42, 6.4, 11.37, 12.92, 1.79, 2.58, 4.12, 7.7, 16.73, 14.06, 1.44, 4.01, 3.77, 3.75, 5.27, 2.76, 4.2, 3.34, 15.46, 12.85, 8.13, 14.14, 2.43, 2.22, 4.3, 2.38, 6.59, 5.08, 2.24, 10.21, 2.25, 1.12, 8.73, 6.83, 1.09, 6.89, 0.45, 18.39, 5.71, 12.01, 7.16, 6.24, 5.6, 8.93, 9.27, 7.48, 13.69, 3.06, 18.96, 2.05, 1.64], [6.93, 0.0, 9.53, 2.22, 3.2, 2.84, 5.09, 5.52, 8.08, 7.31, 5.03, 3.14, 7.89, 5.7, 4.36, 4.1, 0.41, 2.38, 7.95, 1.85, 14.51, 8.46, 1.65, 2.16, 4.89, 5.49, 1.25, 1.58, 7.37, 6.73, 5.75, 6.38, 6.87, 18.73, 12.57, 15.4, 7.62, 7.39, 11.57, 2.93, 1.64, 3.8, 3.41, 8.13, 2.7, 0.94, 1.71, 9.48, 18.22, 4.05, 5.55, 1.69, 6.44, 1.17, 9.82, 14.01, 7.0, 3.37, 19.47, 5.22, 4.79, 3.47, 7.45, 2.19, 15.28, 4.66, 1.57, 2.38, 4.39, 1.95, 9.73, 3.2, 2.94, 7.16, 14.32], [6.79, 12.43, 0.0, 0.38, 0.87, 1.47, 0.51, 9.22, 3.52, 0.49, 5.22, 9.75, 5.16, 6.82, 7.09, 0.81, 7.85, 7.74, 3.98, 6.98, 3.02, 1.03, 6.28, 1.63, 12.26, 7.93, 2.83, 2.67, 4.5, 3.82, 4.14, 3.87, 5.35, 17.75, 3.93, 3.36, 3.71, 15.03, 9.78, 2.63, 0.44, 4.3, 6.94, 4.94, 2.64, 5.91, 1.63, 12.97, 6.89, 7.81, 4.06, 4.26, 14.55, 10.3, 2.77, 0.73, 0.97, 7.53, 5.84, 2.71, 1.93, 9.19, 1.87, 8.07, 13.24, 10.34, 12.95, 6.89, 5.1, 4.32, 1.43, 6.12, 16.21, 5.88, 8.98], [6.7, 5.35, 1.06, 0.0, 1.31, 0.67, 1.72, 1.98, 1.99, 1.38, 9.36, 2.4, 3.69, 3.59, 12.95, 1.86, 2.4, 5.53, 2.36, 9.35, 0.78, 7.72, 7.72, 4.86, 8.82, 2.68, 2.48, 1.53, 8.01, 7.64, 2.14, 11.69, 5.97, 6.5, 2.23, 3.64, 1.23, 6.91, 6.72, 1.94, 5.6, 4.24, 14.6, 2.61, 6.54, 7.6, 1.91, 10.87, 8.72, 1.65, 0.73, 6.29, 9.45, 8.77, 11.64, 0.38, 2.62, 4.37, 3.54, 6.98, 4.55, 14.15, 2.99, 2.05, 8.37, 12.23, 13.57, 5.98, 6.36, 5.95, 3.26, 4.08, 9.55, 3.92, 7.81], [10.51, 6.0, 0.87, 1.84, 0.0, 1.94, 6.38, 9.07, 9.41, 3.3, 4.23, 9.99, 2.56, 8.48, 2.39, 2.95, 7.97, 10.8, 0.35, 8.92, 2.37, 3.58, 2.49, 2.2, 5.4, 2.46, 8.3, 3.98, 4.5, 13.59, 6.07, 5.99, 5.41, 19.75, 6.94, 5.09, 5.53, 10.6, 1.63, 1.1, 4.09, 6.0, 12.22, 1.91, 4.56, 6.15, 0.46, 6.86, 20.82, 10.65, 0.61, 1.44, 7.12, 2.01, 2.91, 4.74, 0.61, 4.25, 4.5, 7.03, 5.39, 8.34, 7.21, 1.58, 6.76, 5.67, 6.36, 7.88, 4.53, 7.2, 2.02, 4.52, 13.4, 7.17, 2.88], [2.83, 9.58, 4.99, 4.06, 1.1, 0.0, 1.21, 14.07, 9.36, 3.92, 5.44, 13.15, 7.08, 4.52, 15.83, 4.53, 8.93, 7.46, 0.75, 14.24, 7.68, 11.23, 11.09, 9.41, 7.9, 10.23, 10.63, 7.64, 7.83, 8.54, 7.02, 4.85, 6.14, 18.09, 9.9, 7.02, 4.18, 16.09, 14.3, 3.36, 7.17, 1.18, 15.45, 0.85, 6.01, 9.68, 0.69, 5.85, 11.95, 12.8, 1.7, 5.32, 16.14, 4.81, 11.7, 4.51, 0.99, 2.6, 2.14, 9.51, 2.09, 4.19, 1.61, 3.15, 9.93, 3.85, 7.55, 9.82, 3.86, 16.75, 7.06, 1.73, 7.69, 2.01, 4.99], [5.52, 1.55, 0.35, 0.58, 1.61, 2.24, 0.0, 4.07, 7.01, 0.7, 2.56, 12.03, 4.32, 2.77, 1.48, 3.15, 3.45, 7.43, 6.86, 8.69, 0.42, 4.14, 3.74, 10.6, 5.01, 15.1, 10.14, 7.14, 4.69, 6.25, 8.6, 7.66, 2.56, 6.83, 1.73, 2.43, 0.97, 13.99, 8.54, 4.31, 1.71, 5.16, 9.73, 2.06, 2.8, 4.57, 5.98, 4.82, 17.26, 8.47, 3.95, 5.6, 9.8, 3.4, 1.9, 0.73, 4.77, 7.1, 3.98, 4.6, 1.52, 11.12, 0.47, 8.59, 10.74, 9.22, 10.09, 3.01, 6.31, 10.48, 3.42, 0.95, 14.95, 2.4, 6.3], [1.06, 6.22, 5.65, 3.23, 5.91, 12.01, 5.25, 0.0, 2.22, 4.4, 3.74, 3.6, 2.77, 2.32, 1.31, 3.92, 3.42, 1.91, 11.37, 0.61, 10.85, 5.07, 6.0, 5.07, 7.9, 7.32, 1.88, 3.95, 1.5, 10.17, 1.71, 6.88, 3.84, 1.82, 10.31, 5.81, 4.12, 8.45, 0.38, 5.65, 1.51, 2.67, 14.31, 8.24, 4.67, 12.35, 4.03, 5.16, 1.05, 3.94, 10.14, 14.36, 1.12, 2.92, 0.0, 7.32, 6.09, 3.01, 7.68, 3.64, 3.39, 14.04, 9.81, 4.89, 4.23, 3.2, 3.59, 9.39, 9.71, 3.34, 5.21, 8.82, 7.26, 3.9, 3.05], [1.57, 6.62, 6.62, 7.25, 5.83, 9.25, 8.66, 2.45, 0.0, 6.82, 0.47, 4.29, 3.8, 1.14, 1.01, 2.22, 1.2, 0.79, 1.93, 1.21, 10.78, 4.01, 4.7, 8.52, 1.98, 1.1, 1.46, 1.42, 1.77, 14.09, 3.53, 2.21, 3.04, 2.36, 12.79, 9.24, 3.13, 1.39, 1.71, 9.17, 8.27, 3.03, 9.74, 3.93, 6.51, 7.85, 5.89, 3.89, 5.91, 2.99, 7.3, 8.27, 0.99, 11.78, 2.27, 10.06, 10.84, 3.16, 12.99, 2.86, 2.71, 7.08, 9.97, 6.59, 6.9, 1.11, 3.02, 4.3, 2.87, 0.55, 1.26, 9.18, 5.31, 1.93, 0.89], [3.28, 6.58, 0.3, 2.01, 3.39, 7.18, 1.02, 6.97, 4.46, 0.0, 7.61, 11.47, 4.06, 6.39, 3.13, 0.44, 7.87, 1.96, 4.47, 3.12, 4.12, 4.24, 2.78, 7.46, 2.24, 2.26, 6.74, 6.63, 4.22, 5.43, 4.36, 10.82, 14.04, 4.48, 1.19, 2.85, 1.96, 2.5, 2.64, 3.49, 1.93, 3.53, 13.93, 1.26, 4.32, 5.25, 2.3, 4.51, 9.18, 6.01, 4.61, 7.96, 11.34, 2.91, 2.07, 1.92, 4.99, 5.07, 2.01, 4.23, 2.06, 7.77, 1.75, 3.93, 9.51, 10.48, 13.71, 9.36, 4.57, 4.42, 4.11, 6.17, 2.39, 3.58, 6.31], [10.58, 2.29, 5.05, 7.14, 8.11, 4.2, 6.67, 2.0, 1.7, 1.96, 0.0, 2.97, 3.81, 3.31, 3.39, 6.55, 0.63, 4.12, 6.94, 3.69, 3.88, 1.31, 6.97, 2.7, 0.52, 6.37, 1.14, 0.83, 1.54, 5.82, 9.59, 1.29, 5.73, 12.34, 11.91, 11.66, 6.78, 3.28, 1.31, 6.68, 5.62, 3.99, 1.53, 2.37, 1.81, 6.31, 8.66, 3.42, 4.53, 10.88, 1.96, 2.09, 4.85, 4.56, 4.43, 1.34, 6.29, 2.35, 11.75, 2.32, 12.15, 0.96, 1.74, 1.74, 6.74, 9.56, 1.87, 0.95, 3.28, 3.23, 1.53, 6.24, 1.46, 2.25, 9.2], [13.71, 5.16, 11.68, 12.39, 8.06, 10.22, 3.21, 8.88, 2.24, 5.08, 2.72, 0.0, 3.09, 4.72, 10.89, 8.92, 1.9, 0.55, 9.58, 3.61, 10.97, 8.39, 5.08, 2.95, 0.74, 7.5, 1.05, 1.69, 7.58, 9.72, 4.7, 0.79, 5.43, 12.07, 16.5, 11.59, 2.53, 1.49, 5.36, 3.93, 1.93, 9.62, 0.7, 11.63, 3.45, 3.15, 3.24, 4.48, 1.94, 8.7, 2.53, 1.52, 5.1, 5.74, 2.72, 1.59, 9.1, 1.94, 16.82, 7.73, 10.37, 2.78, 11.99, 8.5, 7.48, 11.11, 0.79, 0.75, 7.15, 2.76, 2.76, 14.25, 3.62, 2.88, 7.51], [0.34, 1.87, 6.63, 7.27, 2.48, 1.69, 1.94, 7.44, 5.24, 5.3, 7.01, 13.42, 0.0, 6.28, 3.2, 6.05, 9.68, 11.69, 4.05, 10.04, 1.38, 1.04, 2.03, 6.73, 14.13, 15.23, 16.7, 5.83, 3.47, 3.81, 5.13, 8.22, 6.97, 12.46, 3.04, 2.25, 3.71, 15.03, 7.52, 5.11, 1.62, 4.42, 6.94, 3.62, 3.95, 11.62, 3.49, 11.4, 7.98, 4.05, 3.77, 18.0, 3.28, 12.11, 5.33, 5.62, 5.67, 2.16, 0.68, 7.04, 0.0, 16.52, 3.44, 4.39, 7.58, 7.14, 2.34, 9.32, 12.66, 9.25, 12.59, 0.37, 5.55, 6.3, 2.66], [4.92, 1.25, 2.0, 5.76, 6.03, 7.18, 4.56, 2.16, 1.5, 1.51, 1.96, 2.2, 2.04, 0.0, 6.68, 3.64, 3.82, 1.02, 6.67, 0.33, 6.39, 4.15, 1.97, 7.29, 7.61, 7.5, 4.82, 3.86, 1.16, 12.83, 2.16, 3.18, 5.13, 2.35, 10.71, 6.2, 3.24, 7.09, 0.84, 5.31, 3.63, 0.67, 2.34, 3.32, 2.74, 5.99, 3.17, 4.65, 8.73, 3.08, 8.36, 8.87, 8.03, 10.68, 2.25, 8.79, 6.38, 2.17, 2.15, 1.76, 2.22, 10.58, 6.54, 4.04, 3.03, 4.69, 4.64, 1.47, 10.32, 4.56, 4.03, 2.0, 3.08, 1.14, 3.09], [3.77, 6.41, 10.72, 11.45, 14.03, 7.63, 7.19, 3.51, 4.1, 6.63, 1.71, 4.77, 2.21, 2.99, 0.0, 7.0, 11.19, 5.0, 4.08, 4.29, 3.71, 3.51, 3.31, 13.0, 11.53, 1.75, 15.22, 1.78, 2.92, 4.75, 1.27, 6.66, 4.46, 4.01, 9.2, 8.73, 4.36, 9.46, 2.8, 9.66, 1.16, 4.69, 10.47, 14.43, 2.4, 6.46, 2.03, 5.02, 3.83, 1.44, 10.38, 10.79, 2.6, 7.18, 2.28, 3.29, 6.18, 11.01, 1.57, 5.09, 5.56, 3.43, 1.8, 12.81, 1.96, 4.81, 16.9, 7.45, 16.02, 8.72, 9.96, 5.74, 2.98, 5.74, 0.42], [1.85, 4.15, 2.19, 1.46, 1.52, 5.14, 0.37, 5.89, 7.44, 1.29, 5.63, 1.78, 3.75, 5.97, 3.84, 0.0, 4.54, 1.69, 3.04, 3.23, 2.97, 1.59, 4.35, 7.08, 10.66, 7.37, 1.44, 2.85, 2.21, 5.78, 8.04, 5.13, 6.61, 10.77, 3.21, 1.97, 0.83, 10.91, 2.86, 3.14, 1.06, 3.18, 3.12, 5.06, 4.02, 6.53, 2.58, 7.78, 12.31, 8.35, 6.28, 7.37, 8.21, 3.1, 5.98, 0.8, 1.23, 7.12, 9.22, 3.81, 0.95, 7.64, 3.33, 3.31, 3.62, 4.09, 5.35, 1.94, 9.14, 1.58, 10.16, 1.91, 5.25, 3.85, 6.38], [5.82, 0.84, 2.98, 2.49, 3.69, 8.36, 5.36, 5.22, 4.66, 6.08, 1.94, 1.05, 5.16, 7.88, 11.9, 7.55, 0.0, 1.46, 3.01, 4.61, 4.35, 12.22, 12.04, 2.11, 0.95, 8.17, 1.85, 2.52, 6.26, 7.8, 2.27, 4.29, 4.07, 11.79, 9.56, 2.99, 1.24, 0.9, 2.4, 2.4, 8.89, 8.34, 5.26, 7.28, 4.05, 0.62, 8.19, 5.07, 5.26, 7.52, 4.22, 2.76, 9.2, 1.33, 1.22, 1.75, 10.23, 2.99, 6.62, 7.17, 3.73, 2.97, 3.37, 3.71, 14.62, 9.5, 0.7, 0.56, 4.01, 8.57, 6.57, 15.51, 2.14, 1.59, 10.78], [5.36, 5.86, 13.5, 1.75, 14.96, 5.91, 11.36, 2.35, 2.04, 9.54, 5.77, 0.77, 1.92, 1.6, 2.63, 5.4, 4.49, 0.0, 4.48, 1.73, 2.64, 4.15, 5.7, 6.89, 2.88, 0.87, 0.99, 5.1, 2.2, 8.85, 1.97, 1.05, 3.37, 9.46, 15.65, 15.05, 8.8, 3.91, 0.69, 8.13, 4.84, 7.51, 4.75, 1.64, 3.54, 9.66, 11.56, 1.41, 6.65, 9.94, 8.16, 1.74, 0.76, 14.81, 2.67, 13.37, 14.95, 1.86, 8.42, 2.89, 5.68, 3.59, 2.31, 1.36, 4.17, 4.36, 9.4, 6.86, 5.61, 0.54, 0.99, 10.72, 1.56, 1.56, 9.57], [10.71, 7.73, 2.5, 1.38, 1.25, 2.21, 6.89, 2.11, 5.45, 4.6, 7.02, 7.11, 4.59, 1.64, 3.76, 3.29, 6.57, 10.54, 0.0, 10.08, 5.68, 1.96, 2.55, 2.99, 4.37, 2.5, 1.39, 6.97, 10.41, 12.42, 5.71, 7.64, 10.2, 18.34, 1.59, 2.55, 4.83, 10.94, 7.22, 3.08, 6.29, 10.01, 4.79, 0.76, 3.13, 4.59, 0.0, 10.14, 11.45, 4.61, 0.37, 3.0, 11.18, 2.55, 12.81, 1.48, 0.22, 1.69, 1.76, 8.49, 3.51, 10.89, 6.13, 2.3, 4.19, 2.38, 2.81, 3.03, 1.34, 8.82, 13.53, 9.23, 1.58, 2.68, 3.33], [4.25, 6.81, 4.5, 5.74, 10.97, 2.92, 7.11, 2.96, 0.76, 7.71, 2.53, 4.61, 11.48, 0.87, 3.7, 8.32, 3.86, 1.68, 5.55, 0.0, 3.45, 3.28, 8.76, 5.68, 1.39, 1.66, 9.2, 4.55, 1.37, 9.68, 4.92, 3.1, 1.77, 3.29, 6.72, 8.45, 5.34, 2.64, 0.82, 9.98, 7.97, 5.84, 3.72, 1.78, 4.19, 8.55, 1.42, 1.95, 2.91, 7.65, 9.7, 11.65, 1.67, 3.16, 2.72, 6.59, 8.96, 9.85, 3.89, 1.02, 5.7, 7.15, 9.49, 8.76, 6.82, 1.53, 4.12, 3.59, 7.74, 1.25, 0.92, 9.39, 7.1, 4.6, 7.46], [1.73, 10.77, 0.86, 2.23, 4.82, 2.77, 2.34, 4.49, 1.59, 4.28, 12.22, 2.8, 4.91, 4.33, 10.11, 4.61, 11.08, 15.08, 4.49, 13.71, 0.0, 0.82, 1.74, 8.13, 1.76, 3.21, 3.38, 2.69, 4.09, 1.74, 6.35, 14.04, 8.32, 2.99, 1.01, 0.62, 3.45, 5.49, 11.01, 2.4, 3.1, 4.96, 19.93, 4.9, 2.7, 6.25, 8.62, 5.26, 6.41, 4.88, 5.93, 10.81, 8.39, 5.97, 7.99, 0.3, 4.71, 11.96, 2.56, 3.5, 5.56, 2.06, 1.36, 11.9, 8.47, 7.73, 10.43, 5.74, 4.77, 16.92, 12.22, 3.7, 4.29, 4.4, 7.71], [2.01, 12.61, 2.51, 2.77, 8.27, 9.76, 3.05, 3.1, 2.62, 3.44, 2.92, 11.45, 0.33, 6.23, 1.42, 0.94, 6.66, 1.92, 1.57, 5.62, 2.03, 0.0, 0.0, 6.95, 10.12, 4.96, 11.74, 6.82, 3.18, 4.63, 1.93, 8.49, 13.81, 11.05, 4.87, 2.41, 1.85, 11.2, 4.81, 4.94, 2.01, 1.12, 11.1, 1.78, 5.01, 3.58, 7.57, 12.0, 8.27, 0.88, 1.32, 9.04, 9.14, 6.15, 4.55, 1.88, 3.2, 8.54, 2.64, 3.11, 1.61, 11.22, 1.51, 10.16, 3.22, 2.45, 8.13, 9.09, 9.05, 7.42, 5.25, 0.69, 10.32, 3.15, 0.87], [2.78, 9.61, 6.39, 2.68, 5.43, 3.02, 1.16, 3.33, 4.86, 1.55, 6.35, 5.96, 2.82, 2.83, 4.17, 3.04, 12.92, 4.87, 7.23, 3.1, 2.85, 0.0, 0.0, 3.33, 1.85, 5.52, 5.92, 3.85, 2.92, 4.85, 1.79, 9.7, 12.8, 5.63, 3.73, 2.67, 1.21, 8.5, 5.85, 7.31, 0.27, 1.97, 11.53, 5.93, 1.78, 9.93, 5.91, 3.67, 4.3, 0.75, 1.48, 14.2, 13.77, 9.54, 4.96, 6.01, 7.32, 8.43, 0.95, 1.54, 1.5, 3.43, 4.87, 4.75, 3.79, 8.79, 15.2, 10.2, 11.14, 11.44, 2.73, 0.62, 16.3, 3.73, 3.48], [9.53, 0.3, 9.59, 2.86, 4.84, 7.31, 9.81, 3.32, 7.36, 3.06, 1.81, 3.15, 1.9, 7.69, 10.1, 3.92, 1.61, 5.29, 2.21, 9.06, 4.06, 5.71, 11.95, 0.0, 4.57, 2.92, 2.98, 1.62, 3.01, 11.38, 13.97, 1.04, 8.56, 10.98, 11.41, 12.96, 5.93, 4.65, 3.37, 2.89, 11.12, 8.37, 1.46, 3.31, 0.88, 0.99, 2.1, 8.29, 16.02, 8.91, 3.83, 2.94, 10.65, 3.69, 12.15, 1.45, 2.05, 1.13, 16.79, 3.74, 11.41, 1.15, 3.83, 2.49, 6.74, 2.81, 1.61, 3.32, 4.66, 5.33, 5.95, 3.36, 5.94, 3.26, 11.01], [2.72, 1.54, 9.96, 9.75, 4.31, 4.08, 9.28, 7.04, 2.87, 11.53, 2.2, 1.57, 16.22, 3.39, 14.39, 2.46, 1.93, 2.02, 6.93, 4.72, 10.95, 1.75, 7.27, 0.57, 0.0, 10.32, 0.89, 0.86, 4.21, 6.87, 5.48, 1.1, 4.83, 4.15, 9.04, 3.0, 9.6, 0.92, 2.47, 4.5, 12.84, 1.78, 2.63, 9.04, 3.14, 4.52, 9.37, 4.28, 11.96, 3.24, 6.65, 0.73, 1.43, 9.79, 2.27, 3.84, 8.3, 2.89, 14.56, 2.15, 3.8, 1.96, 6.73, 1.58, 14.16, 6.9, 2.14, 2.05, 4.6, 7.44, 2.94, 7.19, 1.33, 1.1, 5.61], [6.76, 1.71, 17.24, 9.72, 5.57, 5.78, 6.85, 1.94, 1.37, 14.84, 5.79, 5.71, 12.58, 1.15, 4.17, 7.93, 1.4, 0.56, 7.49, 5.06, 12.41, 5.65, 2.75, 4.25, 7.31, 0.0, 2.29, 3.93, 5.68, 19.28, 1.25, 2.45, 2.8, 4.63, 16.53, 3.76, 8.11, 5.99, 6.56, 10.91, 3.14, 5.2, 3.99, 10.2, 4.68, 12.13, 7.32, 1.25, 1.02, 6.6, 6.44, 14.29, 1.88, 19.52, 3.58, 13.63, 19.0, 10.85, 10.5, 3.61, 6.18, 11.02, 9.1, 7.93, 7.26, 2.15, 2.71, 11.05, 11.36, 2.74, 2.85, 17.7, 3.85, 9.21, 9.37], [16.58, 0.27, 2.59, 11.17, 4.48, 10.2, 3.1, 6.42, 5.22, 6.47, 0.69, 2.18, 2.04, 7.33, 6.64, 2.96, 1.45, 5.73, 1.52, 5.83, 10.95, 12.08, 10.99, 1.22, 0.92, 3.34, 0.0, 3.07, 11.34, 13.43, 9.7, 6.14, 9.66, 2.09, 18.12, 6.33, 4.79, 5.96, 5.51, 1.79, 6.47, 1.69, 1.65, 5.7, 5.25, 1.77, 3.93, 6.29, 14.96, 16.55, 4.2, 0.99, 2.12, 4.12, 12.25, 7.9, 3.74, 2.16, 15.52, 7.01, 4.29, 1.32, 13.25, 3.17, 2.21, 3.4, 0.42, 0.47, 0.92, 6.16, 8.68, 17.64, 2.85, 2.87, 16.27], [7.45, 5.04, 5.15, 9.01, 2.51, 4.76, 4.3, 3.57, 1.55, 7.23, 0.63, 1.94, 4.22, 3.83, 2.04, 0.94, 2.78, 4.77, 3.56, 2.87, 6.06, 6.71, 2.31, 3.0, 3.26, 5.83, 0.75, 0.0, 3.12, 3.74, 9.1, 3.55, 2.77, 10.64, 4.86, 10.42, 6.96, 2.87, 4.7, 6.59, 6.95, 4.19, 4.79, 3.04, 1.77, 3.13, 5.54, 5.14, 12.59, 6.78, 5.86, 4.45, 2.22, 5.86, 2.66, 1.19, 4.85, 0.81, 7.13, 3.78, 10.09, 1.45, 8.66, 4.18, 9.7, 1.57, 5.77, 1.55, 4.97, 5.97, 3.09, 11.56, 4.94, 2.36, 9.26], [3.15, 1.84, 1.64, 0.97, 3.16, 8.16, 1.08, 2.55, 3.92, 2.29, 2.43, 2.16, 3.2, 1.63, 2.61, 0.77, 2.5, 1.56, 4.21, 0.7, 3.77, 1.8, 1.36, 3.89, 4.92, 6.68, 10.93, 3.45, 0.0, 1.18, 1.07, 2.01, 4.13, 1.99, 6.77, 0.98, 1.9, 4.19, 2.68, 1.65, 2.65, 1.26, 8.88, 5.9, 7.12, 7.72, 10.14, 4.87, 1.43, 5.72, 3.42, 8.33, 8.92, 8.74, 0.41, 2.28, 9.99, 1.28, 2.25, 0.88, 2.79, 5.07, 0.93, 5.38, 6.95, 4.79, 11.32, 6.17, 12.16, 2.38, 1.82, 4.29, 3.19, 0.79, 3.67], [3.36, 7.8, 6.76, 5.41, 7.49, 3.01, 1.62, 12.63, 10.42, 2.99, 2.41, 9.91, 1.36, 4.85, 8.5, 7.08, 5.85, 9.25, 8.94, 4.25, 1.68, 2.52, 3.01, 7.11, 20.45, 7.66, 20.3, 11.3, 6.09, 0.0, 8.97, 15.69, 18.99, 18.63, 1.57, 1.74, 6.01, 11.02, 9.67, 11.58, 4.78, 5.27, 15.9, 11.16, 4.58, 9.94, 13.51, 11.45, 15.75, 3.78, 6.68, 18.53, 13.76, 16.07, 10.76, 1.67, 8.8, 6.34, 2.59, 9.68, 2.41, 21.65, 4.01, 14.49, 2.72, 5.07, 14.24, 17.19, 14.65, 3.58, 14.63, 0.47, 21.64, 6.1, 5.38], [0.95, 9.56, 9.12, 5.34, 9.86, 15.18, 1.35, 1.07, 4.23, 4.68, 6.22, 4.05, 2.42, 4.83, 1.45, 0.99, 1.5, 0.91, 10.94, 6.53, 6.91, 1.7, 2.53, 6.09, 9.79, 2.15, 13.54, 1.83, 4.52, 2.15, 0.0, 8.45, 2.96, 1.84, 3.88, 4.14, 1.95, 8.5, 1.66, 7.27, 2.58, 4.54, 17.89, 2.59, 11.54, 8.51, 13.98, 6.11, 4.08, 1.84, 12.41, 12.32, 4.76, 16.92, 2.32, 1.81, 2.4, 12.93, 1.94, 4.22, 5.06, 6.6, 4.12, 15.05, 1.83, 0.59, 7.33, 3.43, 13.1, 2.25, 5.82, 2.87, 5.35, 3.65, 0.82], [15.11, 3.87, 8.24, 4.09, 5.57, 13.06, 3.05, 3.63, 2.59, 8.89, 1.76, 0.66, 12.99, 5.33, 7.53, 8.62, 2.61, 1.52, 10.63, 3.22, 3.42, 11.06, 5.76, 1.13, 2.71, 1.37, 6.22, 3.32, 4.41, 12.72, 3.58, 0.0, 3.47, 2.42, 7.58, 5.23, 11.03, 1.71, 7.21, 5.48, 5.69, 3.18, 6.49, 8.23, 5.99, 4.76, 6.26, 3.34, 6.27, 9.08, 8.69, 1.69, 3.16, 4.34, 4.86, 4.62, 14.26, 3.01, 1.79, 2.72, 2.13, 5.37, 6.32, 9.08, 1.5, 4.53, 5.85, 3.75, 8.17, 1.88, 0.52, 8.89, 3.08, 1.46, 10.19], [12.54, 6.15, 16.08, 17.06, 13.77, 13.86, 8.76, 2.64, 5.52, 13.64, 6.18, 3.02, 9.6, 3.98, 9.99, 11.28, 4.58, 0.78, 9.38, 4.96, 17.62, 1.8, 11.28, 6.5, 3.26, 0.62, 7.24, 4.56, 3.29, 4.08, 6.02, 1.4, 0.0, 9.82, 10.23, 17.71, 9.31, 1.58, 5.69, 13.71, 14.76, 2.15, 7.13, 10.95, 9.54, 8.34, 6.41, 0.56, 2.09, 4.68, 4.03, 5.0, 0.64, 6.01, 7.62, 2.39, 8.36, 9.75, 4.48, 9.44, 17.08, 9.24, 2.97, 6.01, 9.64, 7.05, 7.64, 6.55, 3.75, 1.59, 2.81, 10.28, 0.83, 5.92, 7.93], [3.01, 13.93, 18.52, 7.25, 7.77, 6.06, 2.9, 7.06, 6.23, 4.62, 12.47, 12.36, 10.13, 2.31, 7.63, 9.58, 9.1, 3.79, 21.98, 5.95, 4.99, 4.8, 5.9, 15.27, 5.52, 3.71, 12.35, 10.68, 8.84, 3.99, 2.75, 9.37, 8.58, 0.0, 15.44, 8.98, 6.35, 11.79, 7.27, 15.59, 14.02, 8.8, 13.09, 16.3, 2.5, 17.55, 11.0, 1.61, 0.36, 8.25, 18.81, 11.33, 6.32, 23.07, 5.16, 11.58, 15.87, 5.89, 6.37, 11.77, 15.02, 8.51, 3.82, 7.0, 2.21, 2.77, 4.71, 6.16, 21.34, 9.21, 2.19, 2.55, 12.52, 12.56, 9.89], [0.47, 11.5, 4.93, 4.54, 11.78, 7.05, 4.87, 8.77, 11.31, 5.53, 9.33, 16.29, 1.75, 9.69, 5.64, 1.0, 15.17, 5.28, 5.77, 5.5, 0.97, 4.33, 1.2, 11.48, 14.76, 8.39, 12.32, 1.37, 5.32, 0.52, 4.29, 12.24, 10.41, 4.67, 0.0, 1.31, 1.78, 18.69, 3.35, 7.18, 3.68, 0.81, 8.95, 11.0, 2.69, 10.59, 5.22, 12.49, 2.11, 3.53, 5.82, 12.6, 3.49, 9.67, 4.02, 2.52, 4.04, 9.2, 1.01, 1.99, 2.05, 10.86, 1.33, 12.03, 9.55, 4.57, 14.43, 6.38, 14.03, 4.63, 7.72, 0.91, 16.17, 9.05, 2.16], [4.89, 7.62, 3.33, 2.52, 8.42, 7.28, 2.28, 3.05, 9.84, 2.7, 7.0, 15.0, 0.47, 8.19, 2.35, 3.27, 9.32, 3.27, 9.26, 1.69, 0.43, 3.12, 5.01, 11.22, 13.23, 6.12, 14.7, 5.97, 5.52, 2.41, 4.79, 13.94, 16.98, 8.81, 1.0, 0.0, 3.73, 17.83, 8.3, 5.45, 1.0, 2.33, 2.77, 5.44, 5.51, 7.64, 7.03, 13.28, 8.53, 7.92, 8.47, 12.87, 10.1, 9.58, 10.4, 2.83, 4.87, 7.02, 4.3, 7.2, 1.92, 4.04, 1.78, 9.2, 10.04, 4.13, 18.29, 8.15, 3.86, 13.74, 12.5, 3.0, 12.61, 8.59, 4.32], [5.04, 2.76, 3.8, 3.08, 7.02, 1.09, 1.49, 3.82, 3.26, 0.87, 2.61, 4.43, 3.51, 4.44, 7.64, 1.5, 4.37, 6.35, 7.41, 5.02, 2.08, 1.42, 0.6, 10.92, 8.48, 14.28, 6.54, 7.6, 2.76, 3.65, 3.54, 6.72, 4.98, 14.75, 2.71, 3.25, 0.0, 3.23, 1.42, 2.13, 0.0, 0.92, 8.8, 3.94, 8.1, 12.45, 2.72, 5.23, 5.78, 1.65, 8.52, 7.58, 14.3, 3.83, 1.26, 4.11, 8.56, 6.31, 1.15, 3.84, 2.65, 3.02, 2.89, 9.78, 8.68, 2.35, 9.97, 8.77, 4.23, 5.89, 7.77, 1.78, 10.94, 2.91, 4.52], [15.63, 4.41, 15.76, 14.64, 14.65, 7.59, 14.61, 6.72, 4.65, 14.21, 2.46, 1.2, 10.33, 2.02, 8.35, 12.81, 5.76, 1.83, 12.6, 3.04, 9.89, 3.92, 11.42, 2.55, 2.23, 7.42, 2.25, 4.43, 8.37, 21.39, 9.26, 2.48, 3.27, 2.37, 2.38, 4.03, 9.61, 0.0, 6.27, 10.89, 6.79, 1.88, 2.47, 12.7, 2.22, 2.41, 6.69, 0.62, 5.68, 8.67, 8.47, 1.0, 0.74, 11.65, 7.91, 14.75, 12.96, 8.9, 10.06, 1.71, 13.78, 2.3, 3.5, 6.34, 11.38, 7.16, 1.16, 4.94, 7.47, 3.35, 1.39, 9.7, 3.23, 9.07, 9.3], [7.83, 3.85, 1.33, 6.6, 13.5, 3.67, 3.61, 0.26, 1.51, 2.35, 6.16, 6.38, 1.77, 1.85, 1.18, 5.47, 7.87, 1.49, 4.06, 3.14, 12.17, 5.57, 1.94, 11.04, 10.1, 2.61, 11.69, 4.58, 0.87, 13.04, 1.47, 2.07, 6.9, 4.83, 8.64, 2.23, 3.86, 4.75, 0.0, 7.83, 6.29, 1.24, 11.98, 4.67, 10.33, 3.05, 4.87, 1.82, 2.78, 1.44, 4.03, 7.88, 7.08, 9.27, 0.28, 10.73, 11.33, 2.17, 7.48, 2.15, 8.23, 9.67, 11.89, 4.88, 5.04, 2.94, 12.97, 9.19, 9.33, 5.56, 4.46, 4.35, 2.79, 3.41, 3.89], [3.0, 4.33, 0.6, 3.1, 4.97, 2.22, 0.54, 6.15, 7.86, 2.59, 3.65, 10.16, 6.75, 4.74, 12.7, 1.65, 4.29, 8.6, 0.97, 2.45, 5.98, 7.94, 4.32, 0.96, 10.43, 6.54, 2.79, 1.16, 3.24, 1.85, 8.42, 10.79, 6.63, 9.51, 6.66, 5.51, 1.76, 9.58, 2.44, 0.0, 4.08, 2.08, 12.25, 1.7, 2.58, 2.07, 0.51, 14.02, 17.53, 6.85, 3.07, 10.82, 6.83, 6.43, 4.97, 2.37, 4.58, 4.97, 11.57, 0.89, 2.05, 9.86, 2.61, 3.07, 3.97, 13.53, 9.03, 7.27, 6.67, 7.53, 6.99, 2.38, 11.17, 3.87, 7.97], [0.84, 3.08, 2.38, 4.02, 5.79, 8.76, 1.29, 5.12, 2.68, 2.21, 4.59, 9.04, 1.01, 4.1, 7.77, 2.61, 1.43, 6.94, 4.9, 6.36, 2.37, 0.98, 2.01, 2.44, 7.17, 5.4, 1.49, 1.91, 2.86, 7.04, 3.98, 9.15, 14.83, 8.44, 3.98, 0.55, 0.0, 9.85, 2.49, 2.59, 0.0, 1.64, 2.02, 4.01, 3.52, 12.93, 9.41, 1.69, 9.64, 5.01, 6.39, 12.16, 7.36, 3.37, 5.98, 1.77, 1.45, 5.82, 1.66, 3.24, 1.18, 15.29, 2.02, 2.58, 5.68, 7.75, 6.78, 8.81, 2.61, 5.98, 4.17, 2.19, 9.8, 2.49, 1.83], [3.92, 10.79, 4.73, 6.67, 9.31, 3.1, 1.13, 2.92, 1.58, 2.85, 5.35, 7.5, 2.26, 1.49, 4.46, 2.59, 3.54, 5.03, 5.47, 4.1, 5.37, 1.74, 1.43, 7.4, 10.01, 4.98, 10.36, 4.52, 1.73, 6.84, 4.63, 1.16, 3.99, 1.95, 3.91, 3.63, 1.95, 5.23, 2.27, 6.05, 0.95, 0.0, 7.73, 6.84, 3.87, 4.9, 9.72, 11.69, 7.19, 4.45, 3.66, 3.66, 7.17, 12.25, 2.16, 3.86, 5.72, 2.03, 5.6, 1.42, 1.53, 4.75, 4.42, 7.51, 3.54, 6.34, 7.96, 6.23, 4.04, 2.23, 1.78, 4.47, 11.18, 2.16, 0.63], [13.47, 4.11, 9.71, 4.23, 5.65, 12.92, 11.73, 13.65, 2.66, 16.24, 5.72, 4.57, 10.07, 6.89, 11.66, 3.62, 2.88, 9.43, 8.53, 5.64, 19.96, 6.3, 7.99, 0.78, 0.99, 5.26, 1.15, 3.0, 12.62, 4.57, 8.52, 5.06, 3.06, 11.78, 16.8, 3.6, 14.42, 6.06, 13.12, 3.26, 9.16, 3.06, 0.0, 9.01, 6.84, 4.3, 9.84, 9.89, 15.56, 10.82, 1.83, 0.79, 6.0, 8.88, 4.51, 10.53, 10.99, 8.73, 7.73, 7.43, 18.35, 2.01, 15.18, 5.66, 14.81, 7.57, 3.06, 1.2, 5.63, 10.5, 7.22, 19.74, 1.27, 8.76, 14.11], [8.44, 5.3, 4.16, 4.05, 2.0, 1.28, 4.28, 3.06, 10.21, 4.11, 4.71, 8.88, 5.61, 6.46, 1.94, 1.02, 7.86, 3.39, 0.64, 5.01, 3.01, 8.02, 7.65, 4.17, 5.56, 16.23, 4.28, 1.43, 5.5, 8.74, 10.73, 2.24, 3.06, 15.54, 10.68, 2.05, 4.85, 11.44, 7.15, 1.96, 7.5, 2.81, 2.87, 0.0, 1.08, 2.91, 0.24, 4.87, 10.59, 3.68, 2.09, 2.81, 8.52, 1.89, 5.22, 5.4, 1.68, 3.41, 8.26, 4.42, 3.28, 5.92, 3.24, 3.37, 9.65, 13.16, 9.52, 5.18, 4.67, 3.46, 4.21, 7.97, 6.19, 2.26, 9.39], [12.29, 4.7, 5.16, 2.73, 1.92, 6.46, 4.97, 3.19, 1.12, 2.43, 2.14, 4.67, 4.36, 6.39, 6.82, 1.11, 3.17, 3.4, 0.55, 6.07, 8.44, 5.77, 5.31, 1.21, 4.76, 6.76, 2.14, 2.21, 2.72, 14.14, 9.8, 3.76, 9.69, 15.09, 4.9, 2.39, 8.02, 4.32, 8.54, 3.03, 4.1, 0.89, 4.94, 1.0, 0.0, 1.39, 5.05, 12.46, 11.45, 7.99, 2.29, 1.69, 5.5, 2.85, 2.24, 3.96, 3.4, 1.66, 7.85, 1.9, 7.22, 3.09, 3.36, 2.48, 9.34, 13.05, 3.91, 5.07, 4.1, 9.97, 2.74, 7.56, 6.44, 1.78, 4.1], [10.68, 0.61, 6.03, 4.59, 6.67, 9.89, 9.81, 11.27, 3.92, 5.6, 2.82, 3.0, 13.96, 5.44, 15.49, 5.19, 2.62, 8.58, 1.31, 6.92, 9.69, 5.86, 4.77, 1.53, 2.12, 5.27, 1.14, 3.67, 6.07, 8.43, 7.31, 7.17, 5.76, 15.13, 8.88, 8.16, 11.05, 6.74, 9.09, 7.59, 9.59, 9.14, 2.93, 5.82, 3.68, 0.0, 4.98, 12.74, 2.24, 11.14, 2.64, 2.02, 11.32, 2.99, 12.1, 6.21, 2.58, 2.3, 17.13, 2.09, 16.92, 2.99, 4.65, 1.53, 8.28, 11.73, 1.87, 0.59, 0.72, 8.41, 6.94, 18.42, 4.23, 4.97, 12.94], [7.14, 5.92, 4.63, 4.51, 1.21, 1.72, 3.48, 7.54, 8.31, 6.44, 2.25, 7.94, 5.74, 2.58, 4.07, 2.28, 4.7, 6.94, 0.0, 5.81, 8.05, 5.6, 7.84, 6.98, 3.55, 8.64, 7.89, 6.1, 7.14, 8.07, 13.36, 13.07, 14.42, 15.87, 6.27, 8.44, 5.34, 6.67, 5.54, 1.48, 6.11, 3.11, 4.98, 0.1, 1.05, 3.78, 0.0, 11.98, 6.13, 1.97, 0.77, 1.78, 11.32, 2.89, 2.79, 6.95, 0.77, 1.21, 6.49, 2.89, 5.68, 5.09, 7.74, 3.32, 12.81, 3.62, 10.55, 1.25, 1.34, 9.64, 7.96, 6.93, 9.53, 4.49, 11.07], [10.6, 11.55, 11.03, 3.44, 8.0, 7.07, 7.17, 4.44, 1.33, 9.54, 1.58, 4.87, 10.8, 6.51, 2.94, 5.37, 3.25, 2.33, 10.58, 0.93, 17.56, 13.79, 4.98, 11.61, 1.07, 1.84, 7.82, 5.48, 1.88, 20.78, 7.35, 0.78, 0.67, 6.61, 17.07, 8.92, 5.72, 3.01, 3.71, 2.2, 8.56, 4.67, 8.46, 9.48, 2.57, 11.3, 13.3, 0.0, 1.25, 3.09, 6.27, 6.24, 0.0, 6.23, 8.21, 10.45, 13.58, 10.06, 11.6, 8.89, 13.5, 4.35, 8.18, 5.82, 4.81, 1.57, 3.72, 1.8, 14.69, 0.93, 1.48, 17.94, 3.83, 7.23, 8.39], [12.74, 15.76, 10.42, 10.43, 4.46, 21.97, 5.76, 3.74, 8.93, 8.89, 12.84, 11.74, 4.61, 3.83, 0.96, 2.17, 2.76, 2.6, 6.19, 0.94, 13.12, 2.88, 11.05, 16.5, 11.4, 4.16, 11.1, 11.25, 6.85, 16.81, 5.72, 9.56, 9.84, 0.94, 14.54, 5.43, 4.6, 5.77, 3.06, 3.22, 2.89, 2.88, 10.71, 6.85, 16.18, 14.95, 5.55, 7.43, 0.0, 6.31, 10.8, 2.77, 3.16, 3.14, 3.03, 4.73, 22.14, 11.71, 11.95, 4.01, 13.76, 6.41, 8.22, 13.52, 0.78, 1.01, 16.9, 7.75, 19.66, 3.39, 3.77, 11.52, 3.94, 10.57, 5.88], [3.38, 6.69, 1.6, 3.42, 5.19, 7.88, 4.08, 5.45, 3.03, 7.09, 8.83, 12.75, 2.75, 1.53, 1.85, 6.02, 10.63, 5.12, 9.45, 2.02, 3.92, 3.53, 0.75, 7.28, 6.09, 4.7, 5.83, 10.73, 2.23, 5.23, 2.49, 1.67, 8.77, 9.51, 3.58, 2.11, 3.31, 3.94, 5.68, 5.74, 5.45, 2.58, 14.22, 5.65, 6.17, 11.14, 7.44, 1.48, 9.95, 0.0, 11.35, 15.35, 4.76, 11.68, 4.35, 4.78, 14.05, 14.25, 1.37, 1.99, 3.85, 14.6, 8.56, 6.02, 2.13, 2.84, 8.03, 4.88, 2.77, 2.62, 3.12, 4.17, 16.94, 6.2, 1.05], [1.68, 4.89, 7.14, 5.04, 1.61, 0.53, 2.34, 3.01, 6.31, 3.7, 6.6, 3.24, 8.07, 7.75, 4.07, 6.17, 6.01, 12.41, 0.81, 9.23, 5.19, 4.07, 5.32, 4.38, 6.11, 11.93, 7.9, 1.06, 1.58, 9.97, 7.29, 2.33, 4.74, 8.21, 2.43, 5.79, 9.37, 1.63, 4.29, 3.59, 6.79, 3.88, 4.55, 2.53, 0.83, 3.83, 2.17, 12.3, 14.46, 4.47, 0.0, 6.17, 6.24, 0.76, 2.18, 5.1, 3.09, 3.89, 12.16, 6.95, 13.2, 8.79, 2.23, 1.34, 7.39, 6.98, 8.97, 1.58, 1.88, 13.54, 10.22, 13.85, 10.4, 5.17, 13.51], [6.01, 1.18, 6.99, 8.67, 5.19, 5.48, 11.66, 9.08, 4.84, 9.82, 5.79, 3.62, 13.99, 4.32, 2.52, 10.13, 0.54, 5.67, 4.68, 2.78, 5.08, 13.43, 7.47, 2.81, 2.22, 11.11, 1.53, 7.22, 6.79, 8.28, 11.24, 8.34, 6.43, 18.75, 5.02, 12.43, 4.3, 7.67, 12.65, 8.14, 12.17, 13.69, 0.97, 5.4, 3.78, 0.83, 10.79, 8.77, 2.57, 14.79, 8.68, 0.0, 5.64, 2.31, 10.2, 8.54, 6.29, 5.43, 6.01, 5.98, 12.96, 0.85, 11.77, 2.41, 7.31, 17.01, 0.66, 1.56, 3.07, 7.37, 10.41, 7.53, 1.63, 7.26, 16.21], [15.87, 4.44, 9.29, 7.29, 11.54, 14.84, 9.95, 8.1, 1.8, 11.69, 5.37, 1.46, 13.39, 0.84, 8.02, 10.8, 5.22, 1.17, 11.87, 1.13, 10.95, 13.36, 10.01, 8.53, 3.68, 0.79, 2.13, 2.23, 1.13, 15.75, 10.29, 4.21, 0.42, 8.35, 4.53, 14.76, 9.14, 4.34, 4.05, 10.36, 7.96, 10.75, 9.12, 11.94, 5.07, 9.7, 4.82, 0.0, 2.6, 12.03, 7.34, 3.14, 0.0, 8.46, 6.93, 9.01, 6.71, 9.03, 8.42, 8.64, 10.05, 7.34, 18.24, 10.04, 3.14, 2.99, 6.57, 1.33, 7.16, 2.13, 0.32, 12.63, 5.39, 4.96, 10.59], [17.89, 0.65, 2.35, 3.85, 1.73, 4.9, 1.94, 1.96, 3.25, 6.82, 7.43, 7.62, 11.19, 6.27, 5.45, 10.14, 1.31, 11.63, 2.0, 4.81, 1.67, 7.34, 10.01, 4.99, 7.97, 8.58, 1.73, 4.96, 10.67, 3.19, 9.1, 10.54, 2.53, 3.36, 12.58, 11.63, 3.38, 3.03, 6.55, 3.31, 1.65, 11.57, 1.22, 2.66, 4.21, 1.35, 4.06, 10.72, 5.46, 11.41, 1.52, 1.21, 6.29, 0.0, 6.31, 8.44, 5.68, 2.33, 6.16, 10.46, 17.73, 7.51, 12.83, 2.14, 5.18, 15.15, 4.32, 5.86, 0.0, 2.8, 1.97, 4.03, 1.87, 11.41, 18.35], [7.23, 8.27, 5.19, 5.44, 12.93, 9.89, 8.97, 0.0, 2.49, 8.15, 3.91, 6.05, 1.52, 2.06, 1.5, 7.89, 2.66, 1.4, 10.65, 0.88, 7.37, 3.02, 3.28, 3.89, 9.38, 4.48, 9.2, 2.75, 3.0, 10.81, 2.76, 5.08, 2.26, 7.24, 10.77, 2.62, 2.02, 4.97, 0.9, 4.83, 2.47, 2.12, 1.95, 2.97, 3.72, 13.07, 9.63, 2.77, 4.99, 3.1, 8.5, 6.97, 7.34, 3.8, 0.0, 2.43, 15.18, 4.84, 7.16, 1.37, 4.03, 2.71, 9.75, 8.64, 3.27, 1.8, 11.28, 1.6, 10.27, 5.63, 5.58, 9.94, 12.04, 3.92, 2.49], [4.25, 14.2, 1.18, 1.38, 0.85, 2.22, 0.76, 5.18, 8.54, 0.32, 8.5, 7.83, 4.42, 3.39, 1.79, 1.03, 4.93, 9.41, 2.96, 9.73, 0.68, 0.71, 2.84, 3.97, 9.8, 15.81, 14.08, 9.54, 1.34, 1.59, 10.37, 13.46, 5.23, 13.84, 2.55, 2.5, 3.05, 11.93, 7.15, 4.59, 2.18, 2.79, 13.01, 1.42, 3.83, 11.07, 3.0, 4.27, 16.25, 6.85, 7.19, 1.85, 14.67, 1.44, 2.46, 0.0, 4.71, 9.76, 5.81, 5.64, 5.74, 9.12, 0.15, 3.0, 7.35, 11.94, 12.51, 8.38, 9.95, 11.25, 6.94, 5.24, 11.01, 7.82, 3.38], [11.03, 10.15, 4.27, 1.51, 0.42, 0.4, 5.26, 11.52, 4.01, 7.06, 4.49, 4.05, 9.62, 3.21, 4.33, 1.06, 8.9, 2.94, 0.83, 14.13, 7.49, 6.47, 5.7, 6.69, 8.25, 18.81, 12.11, 1.53, 11.2, 2.02, 8.41, 14.81, 11.07, 3.36, 8.62, 5.59, 7.68, 16.34, 9.76, 2.6, 3.58, 7.85, 8.56, 1.98, 5.38, 6.64, 0.94, 18.42, 20.37, 1.68, 3.17, 2.99, 15.83, 6.44, 14.45, 4.43, 0.0, 3.63, 2.65, 3.69, 4.7, 7.73, 1.95, 1.27, 5.13, 11.51, 6.94, 10.58, 4.61, 12.91, 6.12, 3.36, 8.28, 8.2, 14.82], [10.98, 2.39, 6.79, 8.44, 2.17, 4.12, 4.84, 11.36, 0.91, 7.95, 1.31, 1.03, 8.64, 3.31, 14.24, 2.28, 1.24, 2.61, 4.66, 8.6, 8.74, 9.2, 10.06, 1.29, 1.26, 9.2, 0.75, 1.27, 4.11, 5.99, 1.9, 3.14, 5.51, 10.02, 4.31, 2.17, 4.63, 7.18, 8.24, 0.81, 7.01, 2.88, 3.72, 2.36, 2.18, 0.41, 2.96, 4.83, 4.33, 4.29, 3.21, 1.79, 7.55, 2.55, 5.35, 9.34, 1.68, 0.0, 8.0, 6.0, 7.83, 5.03, 4.15, 0.31, 12.0, 3.04, 3.41, 3.36, 4.2, 1.95, 4.38, 13.96, 1.85, 3.45, 4.81], [0.95, 11.19, 7.19, 6.61, 11.36, 14.12, 1.43, 6.35, 9.06, 5.36, 7.24, 11.85, 1.21, 4.21, 5.9, 5.67, 5.4, 14.12, 7.54, 1.79, 2.63, 4.18, 3.35, 11.23, 12.16, 18.14, 4.73, 4.37, 8.82, 0.79, 3.01, 5.04, 13.73, 10.46, 1.51, 3.21, 3.37, 14.69, 8.16, 3.28, 3.93, 3.31, 16.26, 11.44, 6.49, 19.72, 13.86, 11.63, 4.5, 3.45, 2.82, 4.97, 9.11, 19.49, 8.74, 1.9, 6.65, 14.1, 0.0, 7.67, 0.37, 9.65, 3.84, 7.37, 2.42, 5.38, 5.05, 16.3, 18.21, 13.36, 6.22, 1.22, 8.82, 9.38, 2.72], [7.95, 2.76, 3.27, 5.72, 6.61, 9.14, 2.15, 3.33, 1.55, 4.25, 3.31, 5.32, 1.65, 1.96, 3.71, 1.81, 4.04, 6.68, 8.34, 4.26, 7.31, 3.76, 3.65, 4.79, 6.11, 6.08, 8.91, 1.29, 0.96, 6.08, 2.76, 2.94, 9.01, 8.79, 4.4, 8.08, 3.39, 8.41, 4.37, 2.96, 1.97, 1.37, 11.94, 2.87, 5.62, 10.59, 8.07, 7.08, 6.86, 3.3, 4.71, 5.47, 7.43, 5.79, 3.08, 1.72, 2.21, 5.73, 6.46, 0.0, 6.51, 4.74, 1.24, 3.09, 8.16, 8.22, 1.23, 5.01, 7.09, 0.97, 3.42, 7.51, 6.74, 0.29, 4.36], [0.36, 9.7, 3.2, 1.53, 4.88, 6.29, 4.63, 5.51, 7.38, 5.4, 5.96, 3.77, 0.0, 2.94, 2.46, 1.94, 1.62, 11.69, 8.31, 7.67, 0.85, 1.44, 0.67, 4.21, 12.76, 12.22, 15.29, 6.2, 6.66, 1.39, 3.84, 4.48, 4.56, 2.08, 0.84, 1.79, 3.4, 14.53, 5.14, 8.35, 1.47, 4.19, 7.34, 2.66, 10.63, 17.22, 11.75, 11.76, 8.53, 0.53, 7.8, 11.48, 14.83, 6.97, 1.19, 4.1, 2.4, 5.07, 1.56, 7.04, 0.0, 16.07, 3.83, 2.41, 3.95, 7.79, 3.26, 3.66, 3.03, 5.66, 3.16, 1.33, 14.95, 1.53, 3.02], [19.14, 3.75, 2.11, 7.05, 9.41, 6.02, 16.07, 6.65, 6.06, 8.06, 3.56, 3.99, 12.38, 2.18, 5.11, 11.68, 0.98, 5.62, 7.18, 9.03, 15.78, 2.97, 9.1, 0.7, 0.81, 6.84, 1.67, 1.97, 9.37, 2.77, 10.87, 6.51, 2.38, 10.97, 15.51, 18.16, 1.58, 0.71, 8.72, 1.23, 8.53, 11.71, 2.22, 9.14, 2.56, 3.0, 4.25, 6.04, 16.62, 13.73, 2.57, 2.17, 7.48, 7.46, 14.08, 15.37, 6.06, 6.11, 4.57, 11.98, 18.19, 0.0, 6.91, 3.02, 15.16, 4.34, 0.72, 2.99, 7.25, 1.69, 2.77, 3.84, 1.57, 8.33, 13.46], [2.29, 2.54, 1.16, 1.88, 2.24, 5.44, 0.72, 9.42, 6.45, 1.78, 9.31, 10.83, 4.8, 9.46, 3.94, 1.01, 3.94, 9.07, 0.94, 7.94, 0.99, 5.49, 2.29, 12.01, 6.17, 11.14, 7.7, 4.13, 6.62, 2.95, 1.85, 1.89, 5.21, 5.79, 1.88, 0.69, 0.51, 9.9, 9.85, 2.2, 3.69, 3.63, 2.29, 5.11, 6.99, 12.88, 6.51, 6.2, 3.67, 7.79, 3.11, 3.28, 17.22, 12.93, 9.68, 0.51, 2.75, 1.85, 3.7, 1.91, 5.3, 3.42, 0.0, 2.1, 11.71, 10.51, 8.47, 13.44, 2.07, 9.2, 1.94, 2.8, 7.68, 2.23, 1.3], [7.41, 3.67, 7.61, 1.35, 4.82, 4.88, 1.63, 8.85, 9.83, 1.62, 4.52, 2.62, 4.08, 6.09, 12.31, 3.04, 3.02, 2.51, 2.23, 5.73, 6.38, 3.43, 5.86, 2.91, 6.25, 10.65, 3.01, 1.61, 1.24, 10.9, 9.43, 5.51, 5.92, 17.78, 3.44, 8.48, 3.77, 9.88, 5.0, 3.02, 1.54, 10.62, 9.84, 3.52, 0.95, 3.06, 3.64, 2.95, 18.54, 4.8, 1.1, 0.75, 11.73, 0.54, 4.72, 10.17, 4.95, 1.73, 2.64, 6.09, 12.87, 3.68, 4.62, 0.0, 10.58, 10.43, 4.33, 2.34, 1.84, 5.62, 12.16, 3.37, 8.33, 3.59, 9.79], [4.42, 15.99, 13.43, 3.0, 3.1, 5.85, 11.49, 3.38, 8.1, 7.0, 11.4, 8.41, 7.27, 3.26, 0.34, 2.96, 10.18, 9.61, 6.19, 3.8, 5.11, 3.74, 6.46, 14.83, 14.86, 8.38, 14.66, 5.46, 6.39, 11.65, 1.34, 9.27, 2.78, 2.91, 7.79, 9.1, 4.83, 6.72, 4.44, 5.45, 5.97, 1.1, 2.1, 14.51, 3.72, 3.91, 13.99, 8.72, 3.61, 1.68, 4.31, 10.23, 2.76, 9.07, 1.19, 10.68, 10.3, 15.65, 3.41, 4.45, 5.16, 18.12, 8.94, 11.99, 0.0, 0.92, 1.99, 2.59, 6.51, 1.83, 2.23, 6.49, 5.52, 4.27, 0.91], [11.54, 4.81, 8.26, 7.27, 8.79, 12.85, 3.51, 2.41, 4.24, 7.28, 11.0, 8.31, 2.44, 1.77, 3.32, 9.59, 12.98, 4.75, 8.19, 3.48, 6.61, 9.85, 8.91, 15.49, 4.97, 2.27, 4.18, 10.22, 4.05, 15.69, 1.23, 3.95, 6.59, 2.02, 1.58, 9.95, 3.72, 3.18, 0.38, 14.03, 7.22, 8.06, 14.41, 3.85, 1.78, 16.09, 16.88, 7.42, 0.35, 6.97, 2.16, 11.99, 3.51, 13.03, 3.79, 3.42, 5.91, 9.21, 2.2, 7.08, 2.43, 13.6, 4.66, 6.97, 1.16, 0.0, 9.3, 8.57, 18.74, 3.92, 5.85, 10.94, 9.55, 7.76, 1.14], [18.94, 1.2, 5.36, 13.86, 2.23, 12.79, 8.82, 3.08, 2.28, 11.0, 2.55, 1.04, 11.99, 4.56, 17.02, 2.98, 1.48, 3.42, 9.19, 1.8, 10.55, 10.47, 1.84, 1.07, 2.29, 6.55, 1.25, 2.52, 1.55, 18.28, 3.62, 0.88, 3.02, 18.68, 2.59, 6.32, 11.63, 5.16, 4.13, 2.86, 10.3, 14.3, 0.67, 10.56, 7.4, 2.43, 6.74, 1.76, 14.03, 8.24, 3.3, 0.4, 10.39, 5.43, 11.86, 12.51, 4.08, 1.59, 3.63, 6.84, 7.8, 0.43, 2.17, 6.58, 18.31, 9.35, 0.0, 0.54, 5.12, 5.4, 1.33, 10.22, 2.79, 6.02, 1.91], [4.42, 2.91, 3.09, 5.49, 7.04, 8.91, 4.51, 3.43, 0.84, 6.32, 1.99, 0.81, 2.25, 3.88, 14.54, 2.78, 1.19, 3.52, 8.84, 3.54, 12.02, 5.48, 11.98, 0.78, 0.81, 2.88, 1.27, 1.16, 2.57, 17.06, 3.73, 2.26, 3.08, 5.95, 5.13, 7.42, 7.55, 1.05, 7.41, 4.76, 5.26, 1.38, 4.86, 3.41, 2.5, 3.35, 7.01, 6.07, 10.98, 7.29, 0.92, 3.33, 0.97, 3.7, 7.24, 12.25, 5.9, 1.3, 2.63, 2.78, 3.45, 1.2, 12.52, 6.24, 9.42, 11.03, 2.51, 0.0, 2.18, 4.33, 4.42, 8.2, 4.6, 2.64, 4.4], [14.98, 3.75, 9.99, 6.14, 4.51, 4.52, 11.58, 13.36, 12.77, 7.56, 4.59, 10.26, 4.95, 11.42, 3.48, 5.82, 6.72, 2.16, 5.49, 4.34, 2.3, 5.19, 5.11, 0.93, 8.82, 16.53, 1.15, 9.37, 11.8, 12.83, 5.84, 9.69, 9.57, 22.52, 3.43, 8.68, 3.81, 1.77, 14.55, 3.59, 10.85, 5.44, 7.84, 1.41, 3.23, 1.91, 2.39, 3.06, 9.13, 4.5, 1.5, 3.46, 3.1, 0.0, 9.06, 5.5, 2.25, 3.35, 14.9, 4.17, 17.73, 4.63, 9.01, 0.37, 2.61, 3.24, 4.91, 0.99, 0.0, 15.87, 14.7, 17.7, 4.03, 9.17, 4.54], [14.39, 4.0, 11.86, 6.56, 2.79, 1.81, 9.47, 3.02, 3.96, 6.0, 4.97, 3.42, 2.85, 4.07, 11.36, 5.61, 2.21, 0.2, 6.61, 1.36, 11.53, 7.16, 1.97, 10.01, 5.23, 1.94, 5.28, 0.82, 4.88, 15.2, 1.01, 0.84, 1.16, 8.29, 13.42, 12.69, 3.81, 2.12, 4.02, 2.78, 8.4, 7.46, 7.84, 12.49, 5.63, 4.14, 8.55, 2.06, 3.42, 9.02, 12.72, 5.53, 2.01, 10.08, 1.46, 12.22, 4.94, 10.37, 16.5, 4.99, 11.6, 9.89, 11.98, 7.51, 1.87, 1.0, 6.67, 4.8, 14.53, 0.0, 0.84, 2.87, 7.55, 4.72, 7.85], [3.36, 5.79, 5.35, 4.86, 7.42, 11.2, 8.4, 1.84, 2.83, 1.46, 5.72, 1.65, 3.12, 1.24, 7.48, 6.97, 7.07, 0.96, 4.06, 2.01, 4.56, 11.27, 1.92, 7.59, 2.97, 2.82, 1.05, 2.33, 0.84, 4.62, 4.81, 0.71, 0.54, 7.64, 3.97, 3.66, 4.21, 0.91, 5.03, 7.45, 4.69, 3.64, 2.02, 3.3, 5.05, 8.73, 9.95, 2.58, 6.38, 9.81, 5.87, 7.7, 3.0, 9.36, 6.23, 3.97, 9.08, 3.69, 1.86, 0.8, 10.99, 5.54, 2.32, 6.8, 5.04, 5.01, 7.37, 1.78, 8.76, 1.23, 0.0, 5.64, 4.56, 5.41, 2.06], [2.28, 7.6, 5.5, 7.24, 3.81, 3.39, 3.74, 5.98, 1.57, 4.87, 4.91, 7.29, 2.11, 4.69, 7.5, 5.61, 14.33, 7.58, 4.34, 7.68, 3.57, 2.78, 4.12, 9.48, 16.83, 17.28, 3.29, 9.38, 6.37, 1.1, 5.36, 10.04, 8.53, 10.07, 0.46, 0.5, 4.51, 9.93, 3.77, 9.05, 3.04, 2.06, 22.76, 6.18, 1.86, 2.4, 12.83, 16.69, 4.85, 5.56, 7.37, 18.88, 14.36, 9.61, 2.47, 4.86, 5.72, 10.96, 2.08, 8.69, 1.59, 14.82, 4.87, 6.35, 3.2, 5.19, 18.11, 6.87, 3.38, 6.09, 6.69, 0.0, 13.16, 9.84, 2.55], [14.57, 2.19, 5.51, 4.38, 12.27, 3.93, 6.67, 6.9, 5.51, 10.22, 3.11, 3.47, 12.7, 3.07, 17.32, 5.44, 4.65, 4.84, 10.16, 4.55, 16.97, 17.09, 8.3, 1.62, 1.21, 11.45, 1.85, 4.97, 11.77, 7.9, 7.27, 5.93, 5.7, 12.17, 5.98, 10.4, 4.48, 3.88, 9.76, 7.01, 9.54, 4.08, 1.76, 10.54, 3.64, 1.52, 7.96, 8.39, 10.93, 2.69, 4.17, 2.17, 6.93, 9.62, 5.79, 15.78, 13.84, 5.46, 14.84, 2.57, 16.97, 0.82, 2.43, 7.19, 2.68, 6.94, 2.16, 0.58, 6.96, 1.37, 5.2, 20.4, 0.0, 3.48, 2.7], [3.02, 2.76, 1.83, 2.08, 5.58, 9.59, 2.28, 2.75, 3.53, 1.89, 0.53, 1.26, 5.24, 1.84, 1.65, 3.64, 5.27, 1.14, 2.78, 4.51, 6.82, 5.6, 5.68, 7.41, 7.87, 11.15, 6.61, 2.58, 0.33, 5.82, 1.24, 2.56, 5.13, 9.42, 5.74, 7.82, 3.64, 3.06, 5.09, 1.97, 3.51, 3.1, 9.95, 4.59, 0.82, 7.28, 8.84, 9.46, 11.78, 2.25, 5.43, 5.42, 5.7, 8.84, 2.7, 1.34, 5.96, 3.51, 5.76, 0.91, 8.24, 4.63, 7.98, 1.18, 4.71, 6.94, 9.07, 2.05, 6.83, 2.83, 5.38, 3.56, 9.23, 0.0, 2.09], [4.05, 1.72, 5.15, 8.17, 7.47, 14.79, 2.97, 1.9, 6.49, 2.62, 2.02, 7.81, 4.06, 4.7, 1.1, 4.8, 4.25, 5.27, 13.35, 5.2, 9.67, 2.33, 2.31, 11.18, 13.22, 8.9, 8.71, 1.12, 1.14, 5.72, 0.7, 7.89, 9.22, 1.45, 6.57, 5.4, 5.62, 12.73, 4.02, 1.88, 3.3, 0.96, 13.34, 2.11, 11.81, 9.1, 8.3, 7.91, 7.7, 0.94, 10.52, 2.54, 11.89, 14.0, 2.65, 1.6, 5.34, 2.6, 1.44, 3.46, 3.19, 6.7, 6.54, 10.18, 1.49, 3.48, 5.62, 9.29, 16.45, 10.17, 4.8, 7.26, 7.72, 6.92, 0.0]]
vans = [7, 7, 10]

